1 0.00430097 0.000418029
1 0.00598842 0.0198665
1 0.00508822 0.109606
2 0.00337147 0.369165
1 0.00203816 0.395006
1 0.000930932 0.540855
1 0.00360905 0.572755
1 0.00477191 0.609438
1 0.00588135 0.629882
2 0.000546157 0.799373
1 0.00783017 0.0668478
0 0.0122322 0.245593
1 0.0119828 0.288224
1 0.00705103 0.328207
1 0.00858493 0.349533
1 0.00967355 0.756799
1 0.0122446 0.889481
2 0.00955234 0.933731
1 0.0108955 0.948613
0 0.0114494 0.971049
1 0.0157253 0.0359244
1 0.0154535 0.129192
1 0.0154023 0.264646
1 0.0175684 0.313248
1 0.0131908 0.479596
1 0.0146197 0.508865
0 0.0146975 0.530206
1 0.0142439 0.556703
0 0.0160457 0.592232
1 0.0158552 0.669453
1 0.0158991 0.784355
1 0.0175816 0.803235
1 0.0123928 0.825346
0 0.0143797 0.862599
1 0.0174123 0.909216
0 0.0235 0.020742
0 0.0235102 0.0868697
1 0.0216586 0.166966
1 0.0192713 0.194834
1 0.0202425 0.217644
1 0.0216052 0.365156
0 0.0219309 0.402944
1 0.0240696 0.574398
0 0.0193885 0.646909
0 0.0191835 0.689335
1 0.0199297 0.72595
1 0.0270552 0.00426983
1 0.0306722 0.244053
1 0.0258727 0.432351
0 0.026054 0.464775
0 0.0257506 0.749138
1 0.0291938 0.853312
1 0.0284741 0.933929
1 0.0364597 0.0484171
1 0.0312668 0.107264
1 0.0329166 0.326806
1 0.0325718 0.537447
2 0.0323877 0.558847
1 0.0329535 0.611677
1 0.0318313 0.634273
1 0.0362383 0.701103
1 0.0339144 0.77416
1 0.034049 0.794965
1 0.0324979 0.899465
1 0.0340299 0.917502
1 0.0347902 0.954463
1 0.0317255 0.981872
1 0.0425109 0.140073
0 0.0426315 0.192921
0 0.0401151 0.286232
0 0.0417075 0.345665
1 0.0372519 0.449347
1 0.037525 0.49634
1 0.0418551 0.594747
1 0.0404076 0.67984
1 0.0424231 0.757457
1 0.0390039 0.831948
1 0.045551 0.0311481
1 0.0489265 0.0635081
1 0.0440094 0.0900327
0 0.0475576 0.118949
1 0.0483413 0.170519
1 0.0448762 0.261569
1 0.0461212 0.309365
1 0.0433866 0.404372
1 0.0462422 0.430622
1 0.0453946 0.562597
2 0.0475825 0.581224
1 0.0451584 0.660164
1 0.0488758 0.725255
1 0.047315 0.814864
1 0.048465 0.861255
1 0.0456541 0.930586
1 0.0509455 0.00511948
1 0.0527742 0.234213
1 0.0496944 0.38137
1 0.0500406 0.514972
1 0.0509884 0.541742
2 0.0504804 0.605386
1 0.0494894 0.640317
0 0.050282 0.798395
0 0.0502695 0.885491
1 0.0516089 0.904552
1 0.058434 0.326067
1 0.0603773 0.352129
1 0.0605604 0.461414
0 0.0584915 0.55792
1 0.060775 0.758104
1 0.0600303 0.780468
1 0.0555867 0.955124
0 0.0557553 0.985966
1 0.0666901 0.002463
1 0.0658313 0.026437
0 0.0648197 0.0459557
1 0.0634698 0.109868
1 0.0663136 0.139413
1 0.0621129 0.288893
1 0.0626673 0.486576
2 0.0641514 0.514397
1 0.0628531 0.616353
2 0.0619728 0.672869
0 0.0662857 0.701262
0 0.0625234 0.846633
1 0.0643222 0.918661
0 0.0699205 0.0849753
1 0.0684752 0.191236
0 0.0700141 0.425651
1 0.0721931 0.525402
1 0.0705373 0.549068
1 0.0720088 0.58395
0 0.068111 0.600299
1 0.0706445 0.635503
1 0.06755 0.741606
1 0.0678274 0.819055
1 0.0696006 0.887457
0 0.0747687 0.015788
1 0.0774728 0.230833
1 0.0752011 0.308612
1 0.074032 0.398921
2 0.0770467 0.464818
2 0.077815 0.485232
2 0.0763353 0.568408
1 0.0768638 0.659373
1 0.0775588 0.788056
0 0.0763814 0.93407
1 0.0771239 0.990126
1 0.0853285 0.0253536
1 0.0807238 0.0638057
0 0.0851365 0.166655
1 0.0833239 0.257285
0 0.0817827 0.502895
2 0.082943 0.55239
1 0.0842591 0.608246
1 0.0827705 0.685984
1 0.0827123 0.715583
1 0.0827194 0.75484
0 0.0808646 0.771666
1 0.0811504 0.858885
1 0.087086 0.00990875
1 0.0876048 0.041448
1 0.0891941 0.0795162
1 0.0877387 0.106445
1 0.0861284 0.369648
1 0.0868197 0.446253
2 0.0909401 0.597203
2 0.0909914 0.625703
1 0.0891595 0.80549
1 0.08935 0.824613
1 0.0869853 0.902188
1 0.0877333 0.965835
2 0.0929969 0.126634
2 0.0976779 0.240523
1 0.0939327 0.322481
0 0.0977059 0.392906
1 0.0977475 0.423279
2 0.0950894 0.484373
1 0.094171 0.518225
2 0.0934236 0.530773
1 0.0940758 0.563949
1 0.0930281 0.581707
1 0.0935447 0.640567
1 0.0962838 0.661954
1 0.103495 0.00280426
0 0.102654 0.0485517
1 0.100656 0.219475
0 0.100779 0.2739
1 0.101286 0.292492
2 0.10314 0.504217
1 0.103614 0.541844
1 0.102269 0.621819
0 0.0983335 0.734012
1 0.102841 0.756986
1 0.099218 0.777722
1 0.10103 0.839574
0 0.100354 0.859486
1 0.10327 0.926923
1 0.105039 0.0245511
1 0.109064 0.109193
1 0.105564 0.17732
2 0.106322 0.310396
2 0.105746 0.404541
1 0.108335 0.451274
2 0.107414 0.463449
2 0.10705 0.601422
2 0.106523 0.64859
2 0.104797 0.691786
1 0.106185 0.713068
1 0.110053 0.876983
1 0.110832 0.0704952
0 0.116538 0.0899712
1 0.114896 0.126526
2 0.114767 0.353699
1 0.111792 0.370378
2 0.114437 0.439316
1 0.111927 0.484447
2 0.115674 0.515902
2 0.111202 0.55074
2 0.110884 0.579278
1 0.115997 0.592912
0 0.114766 0.668588
1 0.114143 0.78936
0 0.111575 0.809534
1 0.111896 0.900875
1 0.111634 0.962438
2 0.120414 0.0118456
1 0.118536 0.150092
1 0.117618 0.263289
0 0.117004 0.334188
2 0.118472 0.422033
2 0.12173 0.452113
2 0.117507 0.532237
2 0.120899 0.617719
1 0.116703 0.640732
2 0.117252 0.731622
1 0.12111 0.844259
1 0.120946 0.987779
1 0.123128 0.0480768
1 0.126412 0.196651
1 0.126551 0.238629
1 0.126473 0.288762
2 0.125861 0.321557
2 0.123556 0.385978
1 0.127961 0.403704
0 0.123935 0.469295
2 0.123677 0.493163
1 0.127973 0.509649
2 0.125502 0.544589
1 0.127102 0.559283
0 0.123968 0.57715
2 0.128276 0.631588
2 0.128789 0.693901
2 0.126017 0.710962
1 0.124262 0.753897
2 0.123247 0.775884
1 0.13234 0.00357672
1 0.130322 0.0225984
1 0.13404 0.0733808
1 0.133519 0.0961506
1 0.133877 0.127301
1 0.133913 0.164386
2 0.134663 0.3538
2 0.129221 0.368176
2 0.132965 0.438278
2 0.134087 0.478517
1 0.133686 0.532896
1 0.131433 0.730878
1 0.133708 0.793695
1 0.133777 0.859535
0 0.134087 0.908482
0 0.138025 0.0422015
0 0.140084 0.219906
2 0.135942 0.414739
1 0.137085 0.428059
2 0.135964 0.452422
2 0.137643 0.491305
2 0.136805 0.517543
2 0.139133 0.546691
2 0.136176 0.584313
2 0.136811 0.603491
2 0.136886 0.651957
2 0.140765 0.675866
2 0.140648 0.71956
1 0.138515 0.769304
1 0.139081 0.83168
1 0.13987 0.891856
1 0.136271 0.927647
1 0.14719 0.0152477
1 0.142823 0.0563283
1 0.141599 0.268239
2 0.145142 0.29894
2 0.14294 0.315578
2 0.144339 0.369474
2 0.141808 0.383659
2 0.141964 0.39696
1 0.143832 0.461633
2 0.143453 0.503587
2 0.14673 0.557689
2 0.144775 0.570577
1 0.145283 0.616679
1 0.143231 0.642014
1 0.145899 0.687407
2 0.144429 0.703497
0 0.14613 0.782486
2 0.145272 0.809975
1 0.15081 0.033067
0 0.152473 0.0724008
0 0.149401 0.119163
0 0.152951 0.159877
1 0.152817 0.234854
2 0.15235 0.256014
1 0.148203 0.32856
2 0.149399 0.341355
0 0.149149 0.405991
2 0.15042 0.431519
2 0.147853 0.525647
1 0.152494 0.54157
2 0.151318 0.584395
1 0.147442 0.746731
0 0.151955 0.956235
1 0.15894 0.141675
1 0.157751 0.180696
2 0.153748 0.283078
1 0.157626 0.370662
2 0.158757 0.414426
2 0.156276 0.446765
2 0.153867 0.469626
2 0.156294 0.489829
1 0.154879 0.502598
2 0.159173 0.531878
2 0.154445 0.598543
2 0.154797 0.63483
2 0.155012 0.670586
0 0.156104 0.863101
1 0.15839 0.912495
1 0.158095 0.975359
0 0.161512 0.015418
1 0.159632 0.0880538
1 0.165084 0.210051
2 0.161075 0.30529
2 0.160063 0.391525
2 0.162188 0.457637
1 0.163415 0.474976
2 0.160564 0.518378
2 0.164704 0.543775
1 0.16317 0.580193
2 0.159996 0.657601
2 0.162386 0.713424
1 0.16218 0.728682
2 0.160487 0.742977
2 0.160361 0.772359
1 0.1602 0.791075
1 0.164667 0.811447
1 0.162255 0.831911
1 0.163341 0.880413
1 0.170217 0.0540324
1 0.166808 0.116316
2 0.167359 0.26771
2 0.168407 0.291789
2 0.166117 0.32746
2 0.166131 0.355953
2 0.16796 0.402342
2 0.165795 0.428494
1 0.16779 0.441536
2 0.167731 0.485749
2 0.165699 0.501995
1 0.171313 0.522885
2 0.16854 0.559178
2 0.167923 0.591104
2 0.165786 0.613728
1 0.166562 0.669925
2 0.169888 0.688511
1 0.168326 0.75392
1 0.170047 0.996099
1 0.177777 0.0185668
1 0.174267 0.0997413
1 0.177292 0.144495
2 0.172306 0.196539
2 0.175522 0.219458
2 0.174221 0.239988
0 0.172003 0.253509
2 0.172315 0.314235
0 0.172685 0.339262
2 0.174757 0.366597
2 0.175906 0.379168
2 0.17688 0.391413
1 0.172769 0.415992
2 0.17346 0.464511
0 0.176622 0.494415
2 0.174313 0.532926
0 0.17483 0.545693
2 0.174301 0.572361
0 0.176254 0.616486
2 0.175674 0.627064
2 0.172412 0.64093
2 0.174688 0.729201
0 0.175337 0.823073
1 0.173916 0.898925
1 0.175437 0.922359
1 0.172873 0.946103
1 0.183147 0.0394215
1 0.180865 0.178736
1 0.178277 0.283782
2 0.180275 0.325372
2 0.182926 0.405878
2 0.183105 0.441265
2 0.178095 0.479339
2 0.182976 0.52542
2 0.181739 0.562333
0 0.179765 0.706817
2 0.184035 0.762352
2 0.180589 0.800194
1 0.178771 0.845219
1 0.183657 0.877589
1 0.185561 0.0638751
0 0.188959 0.217283
2 0.187417 0.300424
2 0.185425 0.337506
2 0.186192 0.358394
1 0.189903 0.381329
2 0.184212 0.420774
2 0.186582 0.457488
1 0.187562 0.471567
2 0.185651 0.507083
2 0.185048 0.53664
2 0.187979 0.579828
2 0.184597 0.602387
1 0.185415 0.649404
2 0.1873 0.662251
2 0.185213 0.678802
1 0.189868 0.688755
2 0.187799 0.722958
2 0.188231 0.73897
1 0.184535 0.776092
1 0.187302 0.813686
1 0.192032 0.0825119
1 0.191678 0.10346
1 0.191143 0.159268
2 0.19589 0.203901
2 0.196104 0.246676
1 0.192591 0.262599
2 0.195289 0.284602
2 0.194736 0.346916
2 0.193036 0.395433
2 0.190445 0.432748
2 0.194483 0.488718
1 0.195576 0.498003
1 0.195583 0.522958
2 0.193133 0.548267
1 0.194709 0.601668
2 0.196179 0.614317
2 0.192241 0.630398
1 0.193374 0.857587
1 0.194501 0.906165
2 0.193204 0.926315
1 0.190371 0.965135
1 0.200493 0.00293637
1 0.199545 0.0209048
1 0.197409 0.136068
2 0.199888 0.229212
2 0.198866 0.315608
1 0.199882 0.329876
1 0.196839 0.405492
2 0.201648 0.41823
2 0.200552 0.456149
2 0.199808 0.469189
2 0.202108 0.533331
2 0.198979 0.560676
2 0.197542 0.571969
2 0.199091 0.586728
2 0.199442 0.644438
2 0.201838 0.656348
2 0.196397 0.673245
2 0.198612 0.705947
2 0.201537 0.7225
1 0.202347 0.760161
2 0.200823 0.782856
2 0.202143 0.821124
1 0.198753 0.985348
0 0.204862 0.0367908
0 0.202992 0.121944
0 0.205444 0.183855
2 0.205046 0.274328
1 0.202959 0.297627
1 0.20599 0.360405
2 0.203939 0.372191
1 0.205341 0.436728
2 0.202616 0.445559
1 0.20616 0.481285
2 0.204591 0.497489
2 0.205246 0.520016
1 0.20705 0.569261
2 0.206598 0.609972
2 0.206532 0.620921
2 0.205746 0.685068
2 0.207297 0.74404
1 0.202625 0.796403
1 0.207834 0.835995
1 0.204574 0.876032
1 0.210063 0.0577064
1 0.213838 0.146467
1 0.211364 0.225476
2 0.21261 0.257852
2 0.213152 0.337849
0 0.20917 0.383853
2 0.208819 0.405965
2 0.209145 0.428511
2 0.213891 0.455013
0 0.210821 0.509963
2 0.209919 0.543866
2 0.209214 0.556845
2 0.212642 0.577182
2 0.210386 0.587564
2 0.211574 0.598699
2 0.212046 0.634692
2 0.211983 0.646689
2 0.212732 0.771184
2 0.214622 0.790024
2 0.211825 0.890127
1 0.210827 0.919882
1 0.20923 0.949024
1 0.21827 0.118799
2 0.219677 0.205854
2 0.216103 0.235977
2 0.220003 0.294232
2 0.215553 0.31747
2 0.215284 0.349349
2 0.218157 0.376318
2 0.215745 0.390505
2 0.220399 0.40452
1 0.215905 0.417632
2 0.220764 0.433929
0 0.217842 0.468584
2 0.21806 0.482136
2 0.214852 0.493727
2 0.220841 0.502214
2 0.216733 0.524674
2 0.218935 0.538913
2 0.217355 0.612392
1 0.216791 0.623131
1 0.219133 0.656536
2 0.217874 0.67289
2 0.217967 0.692689
2 0.220234 0.714155
2 0.220105 0.749625
2 0.21734 0.805762
0 0.217812 0.825932
1 0.215892 0.860084
1 0.220306 0.904701
1 0.215466 0.969486
1 0.221148 0.0164513
0 0.222087 0.0900666
2 0.225201 0.264958
0 0.225852 0.277609
1 0.223082 0.323833
2 0.221887 0.36395
2 0.226842 0.44628
2 0.224078 0.457834
2 0.220955 0.51536
2 0.226241 0.529588
2 0.223931 0.55314
2 0.223844 0.591716
2 0.22472 0.637308
2 0.226015 0.649415
1 0.222509 0.682614
1 0.225515 0.703187
2 0.224645 0.727828
0 0.223909 0.739836
0 0.226426 0.786182
1 0.223345 0.990246
1 0.230687 0.0641213
1 0.231743 0.146385
2 0.228487 0.160001
1 0.22705 0.173185
1 0.229897 0.198423
0 0.228181 0.217406
1 0.232809 0.251547
1 0.230506 0.297888
2 0.231937 0.34203
1 0.232241 0.387985
2 0.229945 0.413026
2 0.230702 0.426355
2 0.230062 0.476816
2 0.230224 0.493946
2 0.230157 0.512273
2 0.22765 0.56866
1 0.229425 0.581267
2 0.229082 0.603531
2 0.229127 0.616358
2 0.229582 0.627968
2 0.232136 0.669478
2 0.231817 0.686475
2 0.232177 0.711454
2 0.232381 0.758759
2 0.227393 0.773402
2 0.230516 0.797266
2 0.229688 0.820612
1 0.232454 0.86984
1 0.228821 0.925033
2 0.235291 0.237345
2 0.236392 0.289763
2 0.233841 0.314316
1 0.238372 0.35168
2 0.235999 0.362395
2 0.236921 0.377532
2 0.23643 0.402087
1 0.237018 0.442074
2 0.237073 0.451798
2 0.239204 0.46282
2 0.237236 0.519138
1 0.234138 0.538509
2 0.234677 0.554751
2 0.238105 0.595935
0 0.234297 0.636792
2 0.236346 0.651981
2 0.236283 0.697525
1 0.236125 0.84086
1 0.23454 0.890702
0 0.233557 0.957976
2 0.242773 0.0444333
1 0.244912 0.0985394
1 0.240784 0.121137
1 0.242847 0.186099
2 0.240352 0.20202
2 0.244849 0.271812
2 0.24429 0.30293
2 0.24517 0.339939
2 0.244578 0.395263
2 0.244491 0.429556
1 0.239488 0.475502
2 0.241737 0.484231
2 0.239714 0.504431
2 0.239421 0.577401
2 0.241054 0.607173
2 0.240653 0.628247
2 0.244759 0.638747
2 0.242744 0.722219
2 0.241699 0.742819
1 0.239732 0.805061
1 0.243918 0.937261
0 0.239627 0.998951
0 0.24626 0.15864
2 0.249901 0.213614
1 0.24554 0.227429
2 0.248329 0.251074
1 0.24599 0.285019
2 0.246946 0.321664
0 0.250485 0.332552
2 0.248216 0.383844
1 0.246922 0.404376
2 0.245865 0.418165
2 0.246124 0.44766
2 0.249414 0.466169
2 0.250459 0.478868
2 0.24603 0.497381
1 0.247512 0.509037
2 0.246803 0.528023
2 0.247213 0.549909
2 0.246397 0.559767
2 0.248619 0.582857
2 0.248646 0.66737
2 0.248072 0.680686
0 0.247626 0.695736
2 0.247153 0.705212
2 0.248191 0.76184
1 0.24848 0.776858
2 0.245912 0.792403
2 0.24567 0.817729
2 0.250374 0.837784
1 0.249721 0.854009
1 0.250634 0.883393
1 0.247076 0.976818
1 0.251991 0.0248523
1 0.254142 0.0649941
1 0.253205 0.142285
2 0.25362 0.193995
1 0.257251 0.244652
1 0.253805 0.265503
2 0.252575 0.294939
1 0.25287 0.314601
2 0.252987 0.346461
2 0.252498 0.360792
2 0.255193 0.411607
2 0.257363 0.423517
2 0.257578 0.434539
0 0.252194 0.492319
2 0.255325 0.513333
2 0.257399 0.527227
0 0.252491 0.540742
2 0.251849 0.567585
2 0.257029 0.598213
1 0.251732 0.60521
2 0.252975 0.624586
2 0.256337 0.637546
2 0.256798 0.654673
2 0.255431 0.720713
1 0.253342 0.738986
2 0.256968 0.748815
0 0.252004 0.870851
1 0.251775 0.900654
0 0.256248 0.926601
2 0.263426 0.149716
1 0.258403 0.160106
0 0.261736 0.228227
2 0.260684 0.281913
2 0.259328 0.333238
2 0.263034 0.343185
2 0.263763 0.366799
2 0.261076 0.378561
0 0.259491 0.457833
2 0.259816 0.470629
2 0.261679 0.492128
2 0.258784 0.50414
2 0.26244 0.519219
2 0.260593 0.580926
2 0.259066 0.611711
2 0.263581 0.6254
1 0.261099 0.646744
2 0.260904 0.665613
1 0.262212 0.678421
1 0.263263 0.712032
2 0.260863 0.730744
2 0.263416 0.782685
2 0.258296 0.798289
0 0.260764 0.823976
1 0.259633 0.955063
1 0.257965 0.994654
1 0.265436 0.123915
2 0.264407 0.175532
1 0.26397 0.205234
2 0.267893 0.219473
2 0.264751 0.254685
2 0.26633 0.292284
1 0.265859 0.302274
1 0.267176 0.355701
1 0.26415 0.394949
2 0.268061 0.406082
2 0.266426 0.425935
1 0.26737 0.440277
2 0.263855 0.450862
1 0.26618 0.526874
2 0.269408 0.534608
2 0.264444 0.547046
2 0.265211 0.564589
2 0.267847 0.574161
2 0.269188 0.584982
2 0.26664 0.602429
2 0.26813 0.655353
2 0.26578 0.687025
2 0.266767 0.697949
2 0.267395 0.720686
2 0.268534 0.743795
1 0.269549 0.796924
2 0.264884 0.811273
2 0.266464 0.83483
1 0.275156 0.00760261
1 0.273068 0.0847238
0 0.273028 0.105143
1 0.270061 0.187428
2 0.273457 0.231295
2 0.270808 0.243996
1 0.274853 0.256986
2 0.272485 0.27631
2 0.275262 0.302524
2 0.274492 0.315385
1 0.271984 0.326837
2 0.270378 0.336418
2 0.272269 0.378929
2 0.273641 0.413759
2 0.273183 0.455386
2 0.274427 0.46574
2 0.273785 0.474625
2 0.270109 0.485956
2 0.272987 0.50253
2 0.273458 0.512584
2 0.274511 0.610007
2 0.271266 0.645291
2 0.274998 0.709279
1 0.272323 0.728949
2 0.271994 0.760023
2 0.273258 0.772846
1 0.271547 0.863845
1 0.272369 0.884466
1 0.275884 0.924765
1 0.277273 0.0271564
1 0.279545 0.143929
2 0.27693 0.160871
2 0.279927 0.19137
2 0.277247 0.20822
0 0.277494 0.289451
2 0.282038 0.346344
2 0.281092 0.357566
0 0.280049 0.368332
2 0.277641 0.393436
1 0.27935 0.420354
2 0.279583 0.434683
1 0.277796 0.490787
2 0.279592 0.525178
2 0.280944 0.535356
2 0.282089 0.544464
1 0.278313 0.553133
2 0.280476 0.561072
2 0.277181 0.571739
2 0.280871 0.587257
1 0.279433 0.625231
2 0.277464 0.634947
2 0.281867 0.647139
2 0.280349 0.665683
2 0.277291 0.679056
1 0.280225 0.689871
2 0.281728 0.719813
2 0.277955 0.78878
2 0.278334 0.823562
2 0.276155 0.849156
1 0.280658 0.905874
1 0.277306 0.943734
0 0.280619 0.974865
1 0.285199 0.23171
2 0.282323 0.27137
2 0.286781 0.320221
2 0.288102 0.337063
2 0.285731 0.375802
2 0.286804 0.385928
2 0.286039 0.398896
2 0.286334 0.41388
1 0.288107 0.439431
2 0.282883 0.450171
1 0.284089 0.464455
2 0.286354 0.485148
2 0.282484 0.49684
0 0.282975 0.515178
2 0.286145 0.576529
2 0.283828 0.598447
2 0.28645 0.709929
2 0.283956 0.743572
0 0.284397 0.758967
1 0.285968 0.805244
1 0.286331 0.854811
1 0.293207 0.0506766
1 0.289991 0.100405
2 0.291296 0.150477
0 0.289322 0.174568
1 0.290357 0.208622
2 0.294454 0.219346
2 0.288704 0.245151
2 0.290241 0.25891
2 0.292021 0.277685
1 0.288477 0.30379
1 0.288952 0.352086
2 0.2915 0.36393
2 0.292613 0.462474
2 0.290488 0.472045
2 0.289835 0.508575
2 0.293932 0.54175
2 0.289545 0.549799
2 0.290789 0.566016
0 0.288411 0.590953
2 0.293448 0.599663
2 0.293356 0.609457
2 0.289318 0.618056
2 0.289647 0.629311
2 0.289763 0.653587
2 0.290168 0.669555
2 0.290485 0.682674
2 0.288678 0.695078
2 0.292818 0.718619
1 0.290859 0.728202
1 0.292427 0.774652
2 0.290878 0.789489
1 0.292234 0.829012
2 0.292324 0.87443
1 0.293127 0.885674
1 0.293008 0.96142
1 0.29764 0.192449
1 0.297462 0.251444
2 0.294765 0.288417
2 0.297621 0.319674
2 0.298823 0.347923
2 0.298647 0.376829
1 0.297075 0.397583
2 0.297501 0.410312
0 0.296225 0.423174
2 0.29513 0.432351
2 0.295769 0.446085
2 0.296223 0.48503
1 0.295359 0.499945
1 0.29954 0.517284
2 0.296493 0.529032
2 0.300374 0.559218
2 0.298502 0.572405
2 0.295729 0.580667
2 0.300458 0.625306
2 0.296532 0.646665
0 0.296429 0.662087
2 0.298861 0.700277
1 0.299863 0.710649
2 0.299057 0.741035
2 0.29706 0.762106
2 0.300167 0.801403
2 0.298747 0.816061
2 0.297967 0.855858
0 0.295061 0.897996
1 0.303618 0.120276
1 0.302671 0.160605
2 0.300647 0.174178
1 0.301607 0.231335
2 0.306354 0.248788
2 0.306035 0.261338
1 0.305684 0.275902
1 0.305083 0.293028
1 0.302979 0.313105
1 0.301786 0.33518
2 0.306619 0.342545
2 0.30468 0.355136
2 0.304622 0.389565
2 0.301393 0.438624
0 0.303579 0.472102
2 0.305069 0.482169
2 0.304261 0.49374
2 0.301743 0.506609
2 0.30629 0.540151
1 0.300864 0.546257
2 0.303125 0.585846
2 0.303006 0.601167
2 0.304459 0.611548
2 0.306393 0.635016
2 0.306373 0.654616
2 0.303064 0.675692
2 0.303936 0.685603
2 0.306089 0.730722
2 0.304335 0.775778
0 0.305856 0.793564
0 0.305693 0.844594
1 0.306646 0.913241
0 0.301771 0.934058
1 0.302854 0.994011
1 0.310961 0.0252524
0 0.308961 0.07473
2 0.308575 0.14385
2 0.307854 0.189445
1 0.306751 0.205314
2 0.307024 0.218465
2 0.308192 0.284175
2 0.309259 0.303855
2 0.309617 0.319098
2 0.311452 0.331617
1 0.307472 0.370612
2 0.310061 0.379943
2 0.312592 0.402273
2 0.307411 0.417952
2 0.311493 0.428616
2 0.309386 0.442357
2 0.307222 0.459117
2 0.3125 0.487522
2 0.311034 0.519779
2 0.307845 0.554294
2 0.310975 0.565229
1 0.308677 0.572924
1 0.312739 0.598367
2 0.309327 0.664681
2 0.307176 0.694765
2 0.307392 0.717818
1 0.308211 0.744718
1 0.309459 0.762124
2 0.311622 0.831083
1 0.308699 0.85968
2 0.309621 0.875701
1 0.308416 0.891015
1 0.313816 0.0934194
2 0.314408 0.16733
0 0.317579 0.223411
2 0.317129 0.23849
1 0.314908 0.256968
2 0.315539 0.26972
2 0.318685 0.282941
2 0.31806 0.294191
2 0.315784 0.357009
2 0.317936 0.365926
2 0.317833 0.375468
1 0.315611 0.418012
2 0.315516 0.436219
1 0.313475 0.454856
2 0.315557 0.46698
2 0.317962 0.497874
2 0.314772 0.512392
2 0.313062 0.529803
2 0.314958 0.542564
2 0.316728 0.551539
2 0.318629 0.560706
2 0.314202 0.58385
2 0.31475 0.612635
2 0.317082 0.623834
2 0.316182 0.638224
1 0.315288 0.647175
1 0.316228 0.671527
2 0.31856 0.682443
2 0.317368 0.692797
2 0.315211 0.711615
2 0.317055 0.741685
2 0.315187 0.754978
2 0.317898 0.765926
2 0.317673 0.788864
1 0.313935 0.960082
2 0.319109 0.126183
1 0.321797 0.138918
2 0.323899 0.216107
2 0.322961 0.310943
0 0.319877 0.3209
1 0.319368 0.349613
2 0.320978 0.399774
2 0.322325 0.441384
2 0.321401 0.4502
2 0.323197 0.463196
2 0.321537 0.473082
2 0.324079 0.488359
2 0.3227 0.508158
1 0.319276 0.523681
2 0.321912 0.536987
2 0.32021 0.575861
2 0.32441 0.58386
2 0.319463 0.591395
2 0.321551 0.602376
2 0.321816 0.65335
2 0.322904 0.705357
1 0.320201 0.729171
1 0.323371 0.780739
2 0.323104 0.80227
1 0.320049 0.811219
1 0.32426 0.85245
1 0.321585 0.900366
1 0.32253 0.92627
1 0.321074 0.989524
1 0.32894 0.00631256
1 0.327055 0.0533498
2 0.329353 0.147636
0 0.32523 0.163152
1 0.32722 0.178458
2 0.32838 0.195035
1 0.329335 0.204396
2 0.328691 0.228899
2 0.330532 0.248956
0 0.330618 0.266149
1 0.329995 0.287833
2 0.327715 0.297702
2 0.329117 0.324176
2 0.325337 0.336178
2 0.325798 0.360944
2 0.329414 0.372442
2 0.325384 0.384119
1 0.331027 0.394086
2 0.329725 0.40301
1 0.326841 0.433071
2 0.329371 0.469866
1 0.329362 0.483053
2 0.329095 0.503262
2 0.330469 0.513756
2 0.330964 0.549444
1 0.330447 0.558564
2 0.329376 0.566137
2 0.328493 0.576532
2 0.326851 0.618592
2 0.3294 0.639177
2 0.328165 0.661315
2 0.330834 0.689838
2 0.33039 0.725706
2 0.326521 0.735725
2 0.326663 0.757289
1 0.32981 0.828375
2 0.325545 0.863473
1 0.326124 0.945569
0 0.332832 0.115913
2 0.337288 0.280112
2 0.335621 0.303334
2 0.331719 0.315279
2 0.3361 0.334901
2 0.336874 0.355678
2 0.334049 0.364296
0 0.336231 0.412404
2 0.33237 0.41977
2 0.336151 0.428079
2 0.332489 0.457612
2 0.337406 0.469913
2 0.334204 0.491136
2 0.336524 0.525084
2 0.332772 0.532827
2 0.33705 0.595507
1 0.334353 0.606982
2 0.333692 0.626722
2 0.331446 0.649414
2 0.332845 0.673237
2 0.334205 0.705418
2 0.336841 0.746051
1 0.331474 0.765359
2 0.334053 0.845057
0 0.336602 0.860913
1 0.332925 0.878166
2 0.332128 0.977303
0 0.341327 0.0212891
2 0.339572 0.167781
2 0.339774 0.183615
2 0.338717 0.209116
2 0.340146 0.231332
1 0.340175 0.244731
2 0.338329 0.262725
2 0.33816 0.290763
2 0.34258 0.3181
1 0.339662 0.369928
2 0.339497 0.399176
2 0.343382 0.410594
2 0.338487 0.440409
1 0.338303 0.448242
2 0.341705 0.460376
2 0.338402 0.480899
2 0.342025 0.493154
0 0.338193 0.501681
1 0.341635 0.536934
2 0.339493 0.548988
2 0.340438 0.563363
0 0.338713 0.576423
2 0.341692 0.586674
2 0.337957 0.61679
0 0.337582 0.635624
2 0.342156 0.69801
1 0.340817 0.71572
2 0.340351 0.725724
0 0.338882 0.736761
2 0.338876 0.777718
2 0.339302 0.791747
2 0.339457 0.80814
1 0.33795 0.897236
1 0.342489 0.967227
1 0.341133 0.993159
2 0.347067 0.0934511
2 0.346081 0.127457
2 0.344044 0.151001
1 0.345693 0.195704
2 0.349438 0.24501
2 0.347703 0.255744
2 0.34755 0.279035
1 0.349303 0.287134
1 0.343834 0.304687
2 0.34929 0.310646
2 0.347886 0.32989
2 0.344776 0.346907
2 0.347341 0.363954
2 0.344278 0.381269
2 0.348447 0.397503
2 0.345215 0.418497
1 0.344399 0.430422
2 0.346342 0.442089
2 0.344865 0.45058
2 0.348379 0.473675
2 0.349643 0.501945
2 0.345525 0.515879
2 0.348935 0.553851
2 0.347847 0.569228
2 0.3463 0.578735
2 0.346802 0.596155
2 0.349108 0.622284
2 0.345488 0.636844
2 0.344636 0.64675
1 0.346801 0.658189
2 0.345533 0.666074
2 0.344159 0.674728
1 0.346904 0.686958
2 0.349231 0.735873
2 0.346929 0.763175
0 0.348261 0.77574
1 0.348829 0.807098
2 0.344172 0.820185
2 0.344821 0.833695
1 0.346915 0.848582
1 0.343728 0.915417
0 0.343571 0.942722
1 0.354433 0.0345085
1 0.353531 0.0731525
2 0.352641 0.180652
2 0.355706 0.204392
1 0.352023 0.221581
2 0.35505 0.23557
1 0.35282 0.263936
2 0.353714 0.321321
2 0.352898 0.34272
1 0.353861 0.356316
2 0.353262 0.377496
1 0.355373 0.394047
2 0.35372 0.407998
2 0.352594 0.448313
2 0.35084 0.458844
2 0.350671 0.490484
1 0.355206 0.515942
2 0.353225 0.545143
2 0.355495 0.581145
2 0.353952 0.589363
2 0.353036 0.601875
2 0.351896 0.614007
2 0.35361 0.650505
2 0.35151 0.698824
2 0.350254 0.726066
2 0.353173 0.793509
2 0.353617 0.857627
2 0.353236 0.874959
0 0.351116 0.898368
2 0.352534 0.924168
1 0.352963 0.98024
1 0.360213 0.104115
1 0.359014 0.12815
1 0.356253 0.151405
0 0.358236 0.244617
2 0.358531 0.257648
2 0.360985 0.278547
2 0.357452 0.300333
2 0.35928 0.311819
1 0.357469 0.328744
2 0.356088 0.366232
2 0.357921 0.387163
2 0.361619 0.408013
2 0.357918 0.41672
2 0.356262 0.425946
2 0.356324 0.434458
1 0.360526 0.441385
0 0.358292 0.457052
2 0.358859 0.465489
2 0.35639 0.474654
2 0.359516 0.487477
1 0.359364 0.497246
2 0.358277 0.507308
2 0.356054 0.532929
1 0.361078 0.560443
2 0.355852 0.566664
1 0.35949 0.610246
2 0.361576 0.617746
1 0.359301 0.633374
2 0.359032 0.642254
2 0.359101 0.662288
2 0.356145 0.673192
2 0.358833 0.682196
2 0.361589 0.691974
2 0.358611 0.713577
1 0.357157 0.746889
2 0.35752 0.774475
2 0.358422 0.810092
1 0.359651 0.821572
2 0.356324 0.844047
2 0.358267 0.888956
1 0.360058 0.909318
1 0.356078 0.936987
1 0.359169 0.995782
2 0.365173 0.165475
0 0.362723 0.183418
2 0.362557 0.224056
2 0.367504 0.239823
2 0.3675 0.296334
1 0.366505 0.308096
2 0.36544 0.332745
2 0.364684 0.341719
2 0.362669 0.37853
2 0.367628 0.387841
1 0.367952 0.412008
2 0.367257 0.433434
2 0.361967 0.450068
2 0.366858 0.47173
1 0.364133 0.480565
2 0.367198 0.490687
2 0.362658 0.528014
2 0.365793 0.543587
2 0.364661 0.554157
1 0.367065 0.588128
2 0.362039 0.599079
2 0.364776 0.651527
2 0.367674 0.668366
1 0.365966 0.70499
2 0.366141 0.721224
2 0.36631 0.741781
2 0.365253 0.756293
1 0.365466 0.852674
2 0.369311 0.0772147
2 0.368908 0.11839
2 0.373183 0.13348
2 0.372224 0.17673
2 0.368468 0.200321
1 0.371922 0.217906
2 0.368472 0.267291
2 0.369317 0.286148
2 0.368772 0.321081
2 0.37013 0.348228
2 0.370327 0.356743
2 0.368857 0.368082
2 0.368367 0.403323
2 0.372253 0.420128
2 0.370599 0.449239
2 0.373194 0.461516
2 0.371647 0.477998
2 0.36843 0.502763
2 0.369214 0.51752
1 0.372427 0.534445
2 0.373942 0.541577
2 0.371913 0.573162
2 0.37048 0.580875
2 0.373556 0.592729
2 0.374138 0.602784
2 0.36967 0.614681
2 0.369001 0.625808
2 0.370315 0.635275
2 0.371913 0.643454
0 0.370004 0.685924
1 0.368704 0.730097
0 0.373319 0.751792
2 0.372221 0.768408
1 0.3699 0.788737
0 0.371814 0.804721
2 0.37125 0.828924
2 0.372826 0.86024
1 0.371372 0.880567
1 0.37165 0.935055
1 0.369764 0.951753
1 0.372432 0.986742
1 0.376415 0.017928
1 0.375176 0.0559911
2 0.379747 0.102437
1 0.378273 0.151972
1 0.379455 0.183964
2 0.377718 0.23369
1 0.379399 0.243657
2 0.37532 0.254931
2 0.376078 0.305213
2 0.377816 0.320873
2 0.378211 0.335347
2 0.380303 0.359618
2 0.379106 0.383817
2 0.376935 0.395679
2 0.378759 0.40345
2 0.37987 0.41335
2 0.380341 0.432605
2 0.374756 0.439321
1 0.380262 0.446869
2 0.377993 0.47344
2 0.375213 0.484569
2 0.376895 0.492304
1 0.380178 0.503254
2 0.379761 0.513527
2 0.375864 0.527701
2 0.376747 0.549293
2 0.375833 0.559609
1 0.379242 0.614523
2 0.377577 0.623528
1 0.379386 0.64281
2 0.378955 0.653063
1 0.379289 0.668657
2 0.375494 0.676399
2 0.378728 0.688913
2 0.375989 0.705767
2 0.375957 0.717671
2 0.3763 0.726615
2 0.374452 0.780173
1 0.375003 0.9195
1 0.377283 0.970694
0 0.381429 0.0381358
1 0.381584 0.12082
2 0.385249 0.169932
1 0.382904 0.203797
2 0.381075 0.213393
1 0.38174 0.26816
2 0.381999 0.279037
0 0.382485 0.295808
2 0.384483 0.313328
0 0.380535 0.344875
2 0.381018 0.368276
1 0.381709 0.376946
1 0.380557 0.42336
2 0.383052 0.455485
2 0.380851 0.464326
2 0.38517 0.48253
2 0.386208 0.490004
2 0.383648 0.534541
2 0.384105 0.543871
2 0.385713 0.556535
2 0.383532 0.563934
1 0.383612 0.575757
2 0.381837 0.583945
2 0.381682 0.595681
2 0.383515 0.634387
2 0.382628 0.699604
2 0.380415 0.743172
2 0.385509 0.76052
2 0.383536 0.805267
2 0.380762 0.818662
1 0.383907 0.840329
0 0.386139 0.864366
1 0.383155 0.892974
0 0.385884 0.939136
1 0.383306 0.999062
1 0.386745 0.0873723
2 0.392361 0.150874
2 0.389585 0.195617
2 0.386571 0.227115
2 0.391988 0.236082
2 0.391206 0.251449
2 0.390462 0.272767
2 0.386766 0.288173
2 0.389489 0.306129
1 0.387251 0.326968
2 0.391008 0.334779
2 0.391427 0.352516
2 0.389988 0.373027
2 0.389466 0.381618
2 0.386932 0.391111
0 0.391951 0.399702
2 0.389846 0.412208
2 0.390574 0.43275
2 0.38888 0.441471
2 0.390024 0.463696
0 0.390995 0.471323
2 0.389955 0.501327
2 0.391321 0.510019
2 0.38999 0.525073
2 0.392628 0.54692
2 0.391113 0.578008
2 0.389335 0.588794
0 0.391844 0.599774
2 0.387184 0.606643
2 0.392332 0.614419
1 0.391891 0.628777
2 0.391349 0.643952
2 0.391349 0.652506
2 0.386869 0.661587
2 0.389278 0.682916
2 0.390975 0.695177
2 0.391893 0.711638
2 0.392231 0.724537
1 0.386695 0.734439
2 0.389054 0.770163
2 0.386698 0.782016
2 0.387585 0.793078
2 0.391476 0.83077
2 0.392053 0.881754
1 0.389701 0.909903
2 0.388065 0.922025
1 0.390155 0.955593
0 0.388135 0.981401
2 0.397101 0.078414
2 0.398479 0.114769
0 0.397583 0.131661
1 0.397575 0.175795
2 0.392741 0.214286
1 0.396069 0.223181
2 0.395743 0.29229
1 0.397529 0.303785
1 0.398648 0.345156
2 0.393498 0.361803
2 0.3972 0.378349
2 0.395703 0.389117
2 0.397965 0.405658
2 0.396344 0.438319
2 0.396068 0.448804
1 0.393855 0.488542
1 0.398706 0.513178
2 0.396719 0.51992
0 0.392785 0.538491
2 0.39669 0.556006
2 0.392964 0.566658
2 0.397766 0.604688
2 0.392879 0.668342
1 0.394495 0.703152
2 0.394213 0.745522
2 0.395011 0.75541
1 0.394803 0.810382
1 0.401296 0.000991935
1 0.399454 0.0216852
1 0.401377 0.0613572
2 0.400424 0.0974914
2 0.404302 0.162787
2 0.399147 0.187217
1 0.40025 0.199084
1 0.402997 0.245247
2 0.399492 0.258725
2 0.403322 0.271178
2 0.402598 0.281298
2 0.403057 0.321571
2 0.401343 0.335069
2 0.404196 0.355996
2 0.404814 0.385607
2 0.402659 0.394342
2 0.404842 0.411556
1 0.40007 0.42016
2 0.403653 0.45024
2 0.399786 0.459114
2 0.400016 0.476996
2 0.403824 0.484307
2 0.399508 0.495048
2 0.402844 0.506351
2 0.401216 0.53304
2 0.402783 0.571568
2 0.399282 0.580616
2 0.403823 0.58832
2 0.402348 0.598382
2 0.404808 0.611761
2 0.401339 0.62084
2 0.404527 0.631226
2 0.399563 0.638584
1 0.400487 0.648786
2 0.404632 0.655208
2 0.399808 0.663251
2 0.403137 0.675948
2 0.402054 0.690475
2 0.403069 0.707527
2 0.399017 0.734621
2 0.404216 0.752064
2 0.39899 0.767224
2 0.401592 0.777037
2 0.399699 0.802167
0 0.404546 0.825654
2 0.401595 0.838741
2 0.402289 0.851201
1 0.399941 0.872926
2 0.400891 0.898916
1 0.401119 0.943873
1 0.402149 0.966171
1 0.407655 0.041851
2 0.405802 0.143528
2 0.40708 0.205099
2 0.406825 0.223759
2 0.410713 0.233385
2 0.40882 0.261275
2 0.406936 0.30249
2 0.408304 0.311373
2 0.410275 0.346944
2 0.407838 0.364535
1 0.407431 0.374189
1 0.409438 0.405114
2 0.407186 0.421856
2 0.409663 0.430704
1 0.405936 0.443344
1 0.407307 0.468168
2 0.408017 0.530855
2 0.407919 0.549178
1 0.406868 0.562565
2 0.407693 0.58178
2 0.410884 0.598871
1 0.410867 0.616553
2 0.407642 0.647456
2 0.407994 0.66811
1 0.40916 0.687877
1 0.410267 0.713233
2 0.405787 0.726165
2 0.406248 0.741954
1 0.40819 0.788466
2 0.406889 0.810584
2 0.409161 0.868425
1 0.409965 0.918674
1 0.408185 0.981314
1 0.416244 0.0912479
2 0.414668 0.106751
2 0.412159 0.126501
1 0.414069 0.167328
2 0.413731 0.181352
2 0.41645 0.194161
1 0.412707 0.213053
2 0.414571 0.252936
2 0.416041 0.269133
2 0.412115 0.279147
1 0.416373 0.287044
2 0.416522 0.304971
1 0.412673 0.326079
0 0.41526 0.354058
2 0.413083 0.387786
2 0.415244 0.398699
2 0.41645 0.410277
2 0.416404 0.434242
2 0.412019 0.462971
2 0.414192 0.478635
1 0.412885 0.488218
2 0.415749 0.500696
2 0.412721 0.507397
2 0.416613 0.525292
2 0.414352 0.554149
2 0.415445 0.56959
1 0.416341 0.583855
2 0.415715 0.592263
2 0.417135 0.626349
2 0.413194 0.635695
2 0.415248 0.644585
0 0.411259 0.661145
2 0.413543 0.678889
2 0.413212 0.699818
2 0.415791 0.721997
2 0.413983 0.731554
1 0.412695 0.75277
2 0.413185 0.763109
2 0.412833 0.842613
1 0.415394 0.880924
0 0.413768 0.899133
1 0.418404 0.00878164
1 0.422136 0.053558
2 0.421363 0.0761868
2 0.420837 0.139083
2 0.422699 0.160207
2 0.423238 0.22719
1 0.421792 0.245583
2 0.422923 0.259443
2 0.420882 0.296442
2 0.418057 0.340032
2 0.418341 0.362435
2 0.422184 0.376133
2 0.421042 0.392121
1 0.422301 0.424448
2 0.421074 0.442273
2 0.419166 0.452982
2 0.42315 0.4627
2 0.422543 0.472933
2 0.419524 0.486845
2 0.422256 0.503838
1 0.41903 0.536206
2 0.422755 0.546351
2 0.422118 0.557491
2 0.422077 0.564698
2 0.41889 0.605385
2 0.422977 0.648717
2 0.41747 0.670388
2 0.420453 0.689588
2 0.420053 0.70953
2 0.41872 0.740678
2 0.422114 0.757574
2 0.420229 0.77834
2 0.420574 0.788893
1 0.418546 0.809492
2 0.420377 0.821666
0 0.421283 0.860615
2 0.42321 0.928985
1 0.417274 0.950374
0 0.423222 0.983271
1 0.428088 0.0288594
2 0.42879 0.183231
2 0.424104 0.204635
2 0.425199 0.270731
2 0.424988 0.285678
0 0.423334 0.312647
2 0.42387 0.325332
1 0.42778 0.337115
2 0.428176 0.349035
2 0.426336 0.364082
2 0.429443 0.383077
1 0.428619 0.390412
2 0.424452 0.400102
2 0.42816 0.408079
2 0.428777 0.431521
1 0.428388 0.444844
2 0.42639 0.480654
2 0.428299 0.489407
1 0.428681 0.501603
2 0.425605 0.512959
2 0.425386 0.519923
2 0.428919 0.532462
2 0.42754 0.57292
2 0.427636 0.581346
2 0.426808 0.589293
2 0.423935 0.597201
1 0.425566 0.60812
2 0.42353 0.617995
2 0.423457 0.634693
2 0.426926 0.657095
2 0.425958 0.671699
2 0.426987 0.696746
2 0.425008 0.724355
2 0.429231 0.732531
2 0.424954 0.747777
0 0.424232 0.768838
2 0.427916 0.797444
1 0.42791 0.832449
2 0.429075 0.891083
2 0.423864 0.911384
2 0.426296 0.961154
2 0.432442 0.10079
1 0.430091 0.13266
2 0.434457 0.14642
1 0.435576 0.156733
2 0.43467 0.168421
2 0.430638 0.21627
2 0.43067 0.25205
2 0.433801 0.28998
2 0.434632 0.299939
1 0.430743 0.373262
2 0.433777 0.399524
2 0.433466 0.415221
2 0.431519 0.424323
2 0.434784 0.441156
2 0.431089 0.458746
0 0.431281 0.46968
2 0.434673 0.48086
2 0.433589 0.511872
2 0.434898 0.538657
2 0.430666 0.545089
2 0.430159 0.558684
2 0.433488 0.567713
0 0.433558 0.593433
2 0.431403 0.600111
2 0.433424 0.609946
2 0.432051 0.619156
1 0.431684 0.625905
2 0.430541 0.638911
1 0.433234 0.646598
1 0.434254 0.672058
2 0.429625 0.683694
1 0.430592 0.709579
2 0.434565 0.724672
1 0.433732 0.749179
2 0.432242 0.757978
2 0.429461 0.808563
2 0.434501 0.818665
2 0.43128 0.846971
2 0.430627 0.866903
1 0.433505 0.901199
1 0.431933 0.918901
1 0.434464 0.934415
1 0.439444 0.000793047
0 0.439894 0.041781
0 0.436921 0.0811857
2 0.437626 0.119372
0 0.436371 0.19643
2 0.44098 0.220417
2 0.438949 0.232876
2 0.439196 0.243142
1 0.437438 0.265174
2 0.435937 0.277675
2 0.436417 0.310457
2 0.436233 0.326118
2 0.437588 0.346081
1 0.436169 0.357094
2 0.439712 0.389633
2 0.435601 0.407165
2 0.440852 0.417937
0 0.438984 0.426051
2 0.438383 0.45108
2 0.441298 0.46431
2 0.437239 0.48787
2 0.438618 0.495708
2 0.441343 0.509882
2 0.438933 0.521533
1 0.44048 0.530408
2 0.438405 0.54726
2 0.44017 0.556724
2 0.439546 0.572712
2 0.436609 0.580751
2 0.438396 0.602937
2 0.439392 0.621375
2 0.435883 0.631222
2 0.439937 0.649156
2 0.437375 0.662941
2 0.439169 0.68377
0 0.438754 0.692524
2 0.440779 0.744257
2 0.436355 0.769567
2 0.437501 0.786594
2 0.438696 0.856483
1 0.441148 0.95634
1 0.446039 0.0191385
2 0.443646 0.135981
1 0.445187 0.17509
2 0.447775 0.260433
2 0.446579 0.27253
2 0.442857 0.292883
2 0.446407 0.309058
2 0.445471 0.320293
2 0.444397 0.33133
1 0.446974 0.338104
2 0.443086 0.359934
2 0.443618 0.369264
2 0.442441 0.377003
2 0.445591 0.408477
2 0.447836 0.42736
2 0.44428 0.437703
1 0.447036 0.449218
2 0.444912 0.473445
1 0.446182 0.484692
2 0.442786 0.502856
1 0.445359 0.552
2 0.445047 0.583653
2 0.442376 0.592775
2 0.446865 0.604209
2 0.445214 0.612925
2 0.445783 0.631645
2 0.44577 0.643329
2 0.44479 0.657322
2 0.444786 0.675093
2 0.445513 0.708577
0 0.442716 0.733824
2 0.441812 0.757401
2 0.447561 0.774984
2 0.44586 0.795963
2 0.44301 0.808006
0 0.446735 0.826441
2 0.443408 0.844835
2 0.445197 0.871372
1 0.447344 0.883031
0 0.443233 0.916631
1 0.44834 0.0591948
2 0.450206 0.0835575
2 0.450391 0.105377
2 0.45262 0.120393
2 0.448741 0.152275
2 0.450003 0.188301
2 0.449612 0.199393
1 0.450325 0.21757
2 0.45344 0.251866
2 0.450672 0.281944
1 0.4532 0.293933
2 0.451446 0.302061
2 0.453415 0.313929
2 0.452974 0.346025
2 0.448287 0.353518
2 0.452626 0.361518
1 0.448159 0.381511
2 0.45185 0.392881
2 0.449978 0.400838
1 0.450594 0.416703
2 0.451462 0.440135
2 0.452951 0.456008
1 0.448605 0.46632
2 0.452539 0.476118
2 0.451768 0.496255
2 0.449607 0.506107
2 0.452257 0.514702
2 0.450371 0.531782
2 0.449526 0.543997
1 0.449579 0.578161
2 0.452005 0.592894
2 0.453473 0.612047
1 0.448929 0.62451
2 0.449557 0.665908
2 0.451952 0.680841
2 0.452654 0.698151
2 0.45244 0.738784
2 0.451842 0.751323
1 0.448221 0.785116
2 0.452974 0.836153
1 0.451409 0.856372
1 0.451712 0.9325
2 0.450202 0.947942
1 0.449219 0.975297
1 0.455762 0.0402463
1 0.459569 0.0944216
0 0.455304 0.132016
2 0.457775 0.176321
2 0.454528 0.227823
1 0.456351 0.24016
0 0.454438 0.26647
2 0.454308 0.323703
2 0.455309 0.332261
2 0.458391 0.352236
0 0.458566 0.365761
2 0.456123 0.37555
2 0.456744 0.386496
1 0.458654 0.395096
1 0.455106 0.433555
2 0.457402 0.45019
2 0.45763 0.469823
2 0.455558 0.485778
1 0.460019 0.509248
2 0.455486 0.522982
2 0.457143 0.529885
2 0.459425 0.542429
2 0.455393 0.560809
2 0.456136 0.579552
2 0.458949 0.586268
2 0.457423 0.599222
2 0.455871 0.621535
2 0.458253 0.636264
2 0.454251 0.650901
1 0.458621 0.662414
2 0.454741 0.719731
2 0.454399 0.72878
2 0.454679 0.76076
2 0.456904 0.781954
2 0.455914 0.80262
2 0.459228 0.823456
2 0.460032 0.883089
2 0.45401 0.902216
0 0.459525 0.991328
2 0.461058 0.0651458
2 0.465398 0.157209
2 0.460304 0.196795
2 0.465925 0.218267
2 0.463588 0.263694
2 0.463563 0.285116
2 0.464707 0.294649
2 0.460539 0.30215
2 0.462661 0.336826
2 0.465142 0.392185
2 0.461397 0.402376
2 0.460211 0.414169
2 0.462624 0.427395
2 0.462945 0.440705
2 0.464492 0.447866
2 0.461716 0.461744
2 0.465847 0.471214
2 0.462199 0.481752
2 0.46158 0.493304
2 0.462577 0.5017
2 0.465433 0.519106
2 0.465425 0.546264
2 0.460986 0.552654
2 0.465747 0.578296
1 0.466182 0.603174
2 0.461237 0.608957
2 0.465713 0.614797
2 0.463467 0.626934
2 0.464393 0.641047
2 0.465991 0.660058
2 0.464591 0.67434
1 0.464358 0.688473
2 0.465144 0.69891
2 0.460282 0.708232
1 0.462888 0.716527
2 0.464099 0.726722
1 0.461943 0.746613
2 0.462404 0.754968
2 0.462835 0.766465
1 0.461522 0.812184
2 0.466134 0.860153
1 0.465118 0.870756
1 0.465642 0.893219
1 0.463331 0.916373
1 0.467397 0.0206922
2 0.467674 0.123162
2 0.471279 0.139642
2 0.468755 0.183864
2 0.469741 0.240212
2 0.468885 0.253197
2 0.467052 0.274882
1 0.471186 0.290525
2 0.46941 0.315458
2 0.470571 0.326078
1 0.471943 0.33551
1 0.46638 0.352348
2 0.46642 0.365926
2 0.468654 0.413326
2 0.467627 0.421716
2 0.471751 0.446644
1 0.468613 0.453559
2 0.469512 0.461662
2 0.46852 0.498328
2 0.466552 0.50824
2 0.472081 0.514352
2 0.466341 0.530675
2 0.467572 0.55693
2 0.46665 0.566171
2 0.470058 0.585302
2 0.469608 0.593052
2 0.470131 0.634666
1 0.467506 0.648649
2 0.469803 0.68252
2 0.47138 0.710414
2 0.467405 0.737867
1 0.469822 0.772651
2 0.471024 0.781446
2 0.469218 0.791267
2 0.470099 0.807011
2 0.470579 0.833626
2 0.468169 0.845629
2 0.470091 0.90607
1 0.4695 0.932228
2 0.471191 0.950524
1 0.472627 0.20293
1 0.475618 0.223782
2 0.473022 0.266523
2 0.477308 0.296831
2 0.47475 0.30708
1 0.476808 0.318656
2 0.472939 0.343492
2 0.473646 0.358664
2 0.47346 0.377128
1 0.473735 0.385205
2 0.475569 0.394757
0 0.473059 0.405521
2 0.473391 0.426346
1 0.47489 0.435884
2 0.47821 0.443504
2 0.478507 0.465767
2 0.477059 0.476075
2 0.475674 0.483879
2 0.472647 0.490771
2 0.476408 0.504862
2 0.476257 0.525465
2 0.476602 0.536485
2 0.476735 0.544338
0 0.472641 0.551744
2 0.478331 0.56711
1 0.47773 0.574528
2 0.478356 0.586759
2 0.47602 0.597936
2 0.477568 0.614028
2 0.474392 0.626454
2 0.475668 0.640925
2 0.473605 0.656058
2 0.473565 0.664783
1 0.473228 0.672537
2 0.474629 0.701015
2 0.478141 0.720312
2 0.476971 0.730261
2 0.478355 0.742343
2 0.476359 0.756703
1 0.477969 0.79071
2 0.475822 0.820085
2 0.475641 0.884641
1 0.473935 0.968829
1 0.477109 0.989771
0 0.479044 0.0431446
1 0.481701 0.0645497
2 0.482107 0.0788625
2 0.478909 0.0965943
1 0.480668 0.12798
1 0.481567 0.159696
2 0.478635 0.169731
2 0.48137 0.181932
2 0.478555 0.192567
1 0.481068 0.24516
2 0.483301 0.258005
1 0.48136 0.267293
2 0.47856 0.275834
2 0.484363 0.304877
2 0.482805 0.324868
2 0.481657 0.337707
2 0.482065 0.351492
2 0.481452 0.367662
2 0.481714 0.382587
2 0.482995 0.394646
2 0.480259 0.405034
2 0.479043 0.421664
2 0.482503 0.436126
2 0.484639 0.44734
2 0.478764 0.456194
2 0.484404 0.480262
1 0.480954 0.496207
2 0.483039 0.512469
1 0.478545 0.519548
2 0.483682 0.527615
2 0.479593 0.559178
2 0.482135 0.592895
2 0.481291 0.63166
0 0.482414 0.638513
2 0.479274 0.648307
1 0.484585 0.658086
2 0.484554 0.672978
2 0.478852 0.685661
0 0.47871 0.711606
2 0.482899 0.779877
2 0.48171 0.806272
1 0.482365 0.832902
2 0.484282 0.847108
2 0.479741 0.864747
1 0.48422 0.875587
2 0.480507 0.922434
1 0.481188 0.943501
1 0.486085 0.00750678
2 0.484741 0.13998
1 0.490372 0.191471
2 0.489831 0.208943
2 0.484821 0.219497
2 0.488593 0.271886
2 0.490612 0.286409
2 0.490682 0.343936
2 0.488491 0.374679
2 0.490252 0.409918
1 0.487566 0.419028
2 0.486895 0.430069
2 0.490047 0.442665
2 0.490343 0.459391
0 0.490438 0.466323
2 0.490408 0.483515
2 0.48852 0.504936
2 0.489555 0.514818
2 0.48524 0.537921
2 0.48714 0.548626
2 0.485349 0.570286
2 0.488695 0.58626
1 0.486089 0.601137
2 0.490232 0.608536
2 0.486368 0.615405
2 0.485205 0.622948
2 0.490021 0.645822
2 0.487299 0.683116
2 0.486573 0.699542
2 0.489583 0.71907
2 0.48879 0.728197
1 0.486902 0.742105
2 0.487533 0.770547
2 0.489892 0.786851
2 0.48693 0.904572
1 0.489205 0.977292
2 0.494429 0.107604
2 0.492086 0.174577
2 0.492353 0.233313
2 0.496504 0.251152
2 0.494471 0.299966
1 0.491412 0.308801
0 0.494149 0.326418
2 0.495711 0.333716
2 0.492876 0.354871
1 0.491279 0.364073
2 0.493678 0.387541
2 0.492475 0.435821
2 0.495695 0.471212
2 0.494848 0.495735
2 0.493304 0.529598
2 0.495899 0.544633
2 0.495642 0.5537
1 0.496715 0.564666
2 0.496286 0.576729
2 0.496022 0.589871
2 0.494752 0.599195
2 0.496523 0.613273
1 0.496241 0.622514
2 0.491843 0.628952
2 0.490847 0.637298
2 0.491389 0.665203
2 0.492107 0.67607
2 0.495817 0.736725
2 0.495209 0.746122
2 0.495181 0.776552
1 0.494223 0.80162
2 0.491979 0.810536
2 0.493845 0.822787
2 0.496164 0.833776
2 0.490884 0.889243
0 0.496827 0.899399
1 0.494497 0.916627
1 0.491383 0.957305
1 0.49966 0.023076
1 0.498324 0.0453398
2 0.498341 0.0692765
0 0.498096 0.0900675
2 0.497721 0.125452
2 0.499479 0.141445
2 0.498627 0.158128
1 0.501905 0.210434
2 0.501008 0.22018
2 0.49809 0.263897
1 0.498772 0.292324
2 0.498514 0.320431
2 0.50052 0.343039
2 0.499349 0.362428
2 0.497707 0.374668
1 0.499496 0.392532
2 0.50139 0.401506
2 0.497335 0.41279
2 0.501281 0.420669
1 0.499343 0.433986
2 0.497853 0.444496
2 0.499332 0.458835
1 0.502406 0.479432
2 0.49782 0.484197
2 0.502443 0.490676
2 0.499048 0.501897
2 0.500739 0.513185
2 0.497556 0.521552
2 0.502158 0.530741
1 0.497533 0.534978
2 0.499964 0.604439
2 0.500079 0.630469
1 0.500757 0.643333
2 0.501118 0.65986
2 0.502602 0.672867
1 0.498589 0.69569
2 0.498888 0.710547
1 0.498538 0.72491
0 0.497777 0.755951
2 0.500495 0.790162
1 0.497226 0.849992
2 0.497425 0.875092
0 0.498614 0.940727
1 0.505503 0.000103926
0 0.508557 0.169434
2 0.508299 0.198015
1 0.504142 0.237925
0 0.509172 0.254154
2 0.507716 0.265869
2 0.505495 0.280035
2 0.505036 0.307939
2 0.508174 0.317078
2 0.506283 0.326673
1 0.505716 0.337204
2 0.504646 0.355646
2 0.506394 0.373848
2 0.504458 0.383215
2 0.508955 0.391767
0 0.507167 0.408841
2 0.50794 0.417142
2 0.509187 0.426816
2 0.504705 0.446307
2 0.506928 0.458396
2 0.506932 0.470014
2 0.505961 0.501595
2 0.503972 0.524252
2 0.508921 0.540466
2 0.505361 0.551391
2 0.505312 0.562638
2 0.50344 0.570474
2 0.503498 0.57753
2 0.507151 0.590987
2 0.505461 0.599453
2 0.504879 0.611671
2 0.508869 0.623735
2 0.50617 0.635209
2 0.504754 0.650795
2 0.503631 0.684307
2 0.507149 0.70492
2 0.505277 0.736247
2 0.504156 0.765614
2 0.505106 0.777405
1 0.508302 0.786397
2 0.507519 0.803107
2 0.50473 0.81497
2 0.50508 0.842657
2 0.50364 0.859058
1 0.50529 0.883398
2 0.507974 0.89584
2 0.505542 0.91239
1 0.507503 0.930961
1 0.504406 0.96805
1 0.515309 0.0835933
2 0.509496 0.10058
2 0.51257 0.118012
2 0.51464 0.158019
2 0.511136 0.183732
2 0.513461 0.214369
2 0.510751 0.232191
2 0.514782 0.242166
2 0.513561 0.273905
2 0.513529 0.287484
2 0.511926 0.298326
2 0.514766 0.356592
2 0.509616 0.366879
2 0.514981 0.397954
2 0.51482 0.431957
2 0.511969 0.447899
2 0.512469 0.484628
2 0.514263 0.496173
2 0.511775 0.506623
2 0.510136 0.518682
2 0.513915 0.525456
2 0.514175 0.534194
1 0.514926 0.54333
2 0.512165 0.558011
0 0.512017 0.578498
1 0.509336 0.604818
1 0.515178 0.630248
2 0.51383 0.637359
1 0.513944 0.651949
1 0.512294 0.669473
2 0.509654 0.678356
0 0.513029 0.69916
2 0.509778 0.71849
2 0.512815 0.747057
2 0.510216 0.756031
1 0.514902 0.815987
2 0.512217 0.95307
1 0.519022 0.0548369
2 0.517146 0.13759
2 0.520833 0.192538
2 0.519292 0.25614
2 0.520673 0.281993
2 0.51541 0.311861
2 0.520018 0.323596
2 0.518483 0.335019
2 0.51954 0.344594
2 0.520681 0.363253
1 0.518951 0.371009
2 0.516876 0.38197
1 0.518983 0.392681
2 0.519853 0.409558
2 0.516446 0.417325
1 0.518216 0.437353
2 0.52108 0.452926
2 0.515803 0.464629
2 0.520669 0.47231
2 0.519881 0.482314
1 0.516112 0.511415
2 0.518939 0.552593
2 0.516016 0.572009
2 0.516973 0.586043
2 0.517686 0.609512
2 0.519209 0.617967
2 0.520919 0.645171
2 0.518759 0.660856
2 0.518944 0.676682
2 0.516892 0.692024
2 0.516051 0.707515
2 0.517765 0.728758
1 0.515731 0.737032
2 0.517444 0.795956
1 0.518944 0.838274
1 0.516847 0.866641
1 0.518612 0.894808
1 0.51949 0.913389
1 0.521021 0.944844
1 0.52089 0.969664
0 0.517921 0.983915
1 0.522994 0.0169636
2 0.521699 0.0706988
1 0.525328 0.107172
2 0.527182 0.168384
2 0.522899 0.222759
1 0.524726 0.235219
2 0.52327 0.272934
2 0.521851 0.292529
2 0.524163 0.305504
2 0.525701 0.350352
2 0.522822 0.422004
2 0.524602 0.431186
2 0.52686 0.440543
1 0.522081 0.466172
2 0.527341 0.471454
1 0.522806 0.490976
2 0.524977 0.497805
2 0.524827 0.509846
2 0.521478 0.515849
2 0.524759 0.524288
2 0.52242 0.535736
2 0.524318 0.563499
2 0.521989 0.578136
2 0.524415 0.585194
2 0.523382 0.593756
2 0.522285 0.600953
1 0.526507 0.613452
2 0.521697 0.631306
2 0.524827 0.652794
2 0.526622 0.66065
2 0.525233 0.683908
2 0.524386 0.705239
1 0.521609 0.715397
2 0.525541 0.750484
1 0.523316 0.764182
2 0.522186 0.775885
2 0.525438 0.802661
2 0.52203 0.825213
2 0.524871 0.850578
2 0.522633 0.879857
2 0.525606 0.903757
2 0.532213 0.0897945
2 0.529716 0.121393
2 0.527751 0.154821
1 0.531703 0.199245
2 0.528697 0.209269
2 0.532098 0.245705
1 0.527731 0.258284
2 0.528879 0.286909
2 0.532949 0.295445
2 0.532305 0.315049
2 0.530615 0.326608
0 0.533732 0.347997
2 0.528651 0.359303
2 0.528476 0.378626
2 0.529902 0.389631
2 0.528183 0.400989
1 0.533458 0.409254
2 0.528369 0.413963
1 0.532374 0.426473
1 0.529317 0.451038
2 0.527996 0.460147
2 0.528946 0.478845
0 0.529645 0.520572
2 0.528351 0.548938
2 0.532153 0.560475
1 0.531156 0.576312
2 0.530534 0.60173
2 0.530941 0.621421
2 0.529124 0.638215
0 0.528306 0.645358
2 0.533691 0.665419
2 0.527842 0.671135
2 0.531164 0.689742
1 0.529259 0.698086
2 0.531137 0.712918
2 0.529833 0.726641
2 0.529002 0.741307
2 0.530316 0.786667
1 0.533361 0.880529
0 0.53166 0.922012
1 0.539301 0.0393229
2 0.534384 0.184614
2 0.539243 0.22411
2 0.534914 0.23354
2 0.537412 0.261779
2 0.537044 0.27407
2 0.53378 0.305044
2 0.535619 0.339418
1 0.535686 0.365258
2 0.535308 0.373217
1 0.535646 0.383381
2 0.537418 0.395641
2 0.536343 0.416838
2 0.538037 0.430213
2 0.538556 0.438829
2 0.533842 0.445479
2 0.536532 0.452323
2 0.53532 0.466744
2 0.534602 0.48839
2 0.535058 0.498406
2 0.538278 0.513192
2 0.536184 0.520262
2 0.535227 0.529089
1 0.533898 0.537854
1 0.536795 0.55532
2 0.536656 0.567139
2 0.539053 0.573925
2 0.539786 0.582698
2 0.536437 0.591199
2 0.537837 0.60711
2 0.535749 0.614839
1 0.534487 0.631801
2 0.537059 0.643956
2 0.533851 0.651276
2 0.536025 0.681919
0 0.537699 0.72404
2 0.53534 0.734483
2 0.538399 0.755973
2 0.535704 0.767494
1 0.538992 0.775823
2 0.536717 0.801468
0 0.536136 0.813487
2 0.533801 0.832662
2 0.537333 0.844721
1 0.537317 0.856986
2 0.537393 0.869716
1 0.536057 0.90924
1 0.537413 0.932887
1 0.53736 0.952737
1 0.536739 0.974468
1 0.535182 0.996459
2 0.54076 0.0578875
2 0.544179 0.111021
2 0.542238 0.142667
2 0.545767 0.173336
2 0.544157 0.213727
2 0.540883 0.250572
1 0.539955 0.290863
2 0.541745 0.300062
2 0.541915 0.32343
2 0.544137 0.331543
2 0.542774 0.356416
2 0.543179 0.365166
2 0.54294 0.386137
2 0.540592 0.404356
2 0.543527 0.412832
2 0.542477 0.448075
0 0.539886 0.461509
2 0.543725 0.469174
2 0.545888 0.478044
1 0.544003 0.484352
2 0.541837 0.498839
2 0.545514 0.529935
2 0.541937 0.546581
2 0.542861 0.563292
0 0.541394 0.601399
1 0.542431 0.617905
2 0.540357 0.636306
2 0.544876 0.644191
1 0.541223 0.661833
2 0.545704 0.669388
0 0.544198 0.686104
2 0.543716 0.695307
2 0.543643 0.708116
2 0.540254 0.716197
2 0.54584 0.729386
2 0.544474 0.748101
2 0.540847 0.790199
2 0.541539 0.82433
2 0.542305 0.885973
0 0.547543 0.0183846
2 0.550116 0.130322
2 0.547321 0.16114
2 0.548414 0.191747
2 0.551571 0.223209
1 0.546845 0.239752
2 0.551221 0.250616
2 0.547027 0.262416
1 0.550094 0.273842
2 0.546367 0.281182
2 0.550853 0.297394
0 0.546975 0.308088
2 0.547285 0.34382
2 0.551302 0.35319
2 0.546257 0.375356
2 0.550895 0.385104
2 0.54908 0.400064
2 0.549545 0.42046
1 0.548377 0.435371
2 0.547736 0.442483
2 0.549953 0.44965
2 0.546271 0.460814
2 0.548292 0.494564
1 0.546948 0.504889
2 0.546111 0.515076
2 0.551834 0.527605
1 0.546962 0.52325
2 0.54843 0.540401
2 0.54647 0.55633
2 0.547842 0.575417
2 0.551053 0.590801
2 0.548896 0.601344
2 0.547382 0.609669
2 0.54727 0.624252
2 0.551742 0.650845
2 0.546046 0.656195
1 0.551673 0.70719
2 0.551152 0.716134
1 0.547625 0.737446
2 0.547099 0.759546
2 0.551625 0.771287
1 0.550083 0.798553
2 0.549993 0.811194
2 0.55188 0.837937
2 0.549189 0.85828
2 0.551643 0.875815
2 0.549227 0.902371
2 0.546491 0.943314
0 0.551843 0.970101
1 0.556281 0.0529709
0 0.554728 0.0748273
1 0.556902 0.149797
2 0.55714 0.182259
1 0.555352 0.201015
2 0.557117 0.211242
2 0.557687 0.238721
2 0.55716 0.316937
2 0.552314 0.325715
1 0.556823 0.362146
2 0.554142 0.369463
2 0.554705 0.377657
1 0.558094 0.388063
2 0.554008 0.394001
0 0.552304 0.408971
2 0.556271 0.415075
2 0.555562 0.443658
1 0.554546 0.457427
2 0.553695 0.464223
2 0.554968 0.474631
2 0.557975 0.489844
2 0.554386 0.505645
2 0.556569 0.546367
2 0.553989 0.562259
1 0.552438 0.58201
2 0.555797 0.608117
2 0.556428 0.615902
0 0.557078 0.630599
2 0.554061 0.637707
2 0.553611 0.667143
2 0.552725 0.68121
2 0.555135 0.694315
2 0.555615 0.734891
2 0.554589 0.745865
2 0.557038 0.757018
2 0.555979 0.7856
2 0.552426 0.825815
1 0.554713 0.921047
1 0.553323 0.993481
1 0.559245 0.0332551
2 0.5594 0.165112
2 0.558599 0.257317
2 0.564031 0.267134
2 0.559998 0.27604
2 0.558379 0.287302
2 0.562519 0.301085
1 0.561311 0.33228
2 0.562492 0.348814
2 0.563595 0.359691
2 0.562714 0.378816
2 0.559947 0.403404
2 0.563985 0.420664
2 0.558292 0.426121
2 0.560511 0.449097
2 0.561125 0.464248
1 0.562258 0.474386
2 0.564084 0.482509
2 0.559178 0.497968
2 0.563529 0.504192
2 0.559686 0.514477
2 0.563787 0.527996
2 0.562098 0.536678
2 0.559862 0.555856
2 0.561781 0.570017
2 0.564259 0.587883
2 0.558371 0.593062
2 0.564067 0.603323
2 0.562824 0.638773
2 0.558399 0.660692
2 0.563116 0.676739
1 0.560235 0.684699
2 0.561304 0.700067
2 0.559681 0.709168
1 0.560415 0.725859
1 0.559076 0.776431
2 0.562002 0.79736
2 0.561455 0.810586
2 0.563446 0.834653
2 0.559111 0.847584
0 0.564049 0.874534
2 0.561709 0.886017
1 0.55959 0.897168
2 0.562139 0.909676
2 0.56066 0.930717
2 0.569148 0.0923174
1 0.564745 0.105131
2 0.568151 0.126004
2 0.570416 0.159292
2 0.568939 0.179639
2 0.568244 0.209547
1 0.564459 0.220253
2 0.567136 0.235306
2 0.567688 0.245543
1 0.568956 0.287685
2 0.569509 0.34279
2 0.565224 0.36949
2 0.56761 0.393154
2 0.569504 0.402347
2 0.5668 0.411751
2 0.568368 0.427725
2 0.566633 0.43649
2 0.568218 0.445256
1 0.570449 0.458907
0 0.569784 0.490117
2 0.569293 0.498918
1 0.56585 0.520526
1 0.569249 0.537343
2 0.568461 0.544522
1 0.566776 0.556701
2 0.56954 0.56734
0 0.56787 0.580493
2 0.569255 0.610225
2 0.569304 0.618531
2 0.564729 0.629105
2 0.56997 0.635222
2 0.564587 0.646382
1 0.567665 0.658154
2 0.570241 0.684952
2 0.565124 0.691923
2 0.570329 0.707834
2 0.566355 0.716803
2 0.566203 0.739944
0 0.566185 0.750025
2 0.566597 0.769184
2 0.570232 0.820147
2 0.565029 0.862932
1 0.570378 0.948118
1 0.568825 0.971716
2 0.574002 0.0691203
2 0.575949 0.1428
2 0.574983 0.197566
2 0.573583 0.219103
1 0.576644 0.24166
2 0.574641 0.272716
2 0.575999 0.294661
1 0.570741 0.31375
2 0.571618 0.329294
2 0.575001 0.360366
2 0.576308 0.368992
2 0.575581 0.381466
2 0.576489 0.393308
2 0.575071 0.424205
0 0.575918 0.434772
2 0.573884 0.451673
2 0.571973 0.466061
2 0.572322 0.474927
1 0.573771 0.505665
2 0.570833 0.512176
2 0.574635 0.527792
2 0.576138 0.553456
2 0.576382 0.573137
2 0.576368 0.595134
1 0.571464 0.602411
2 0.575925 0.630327
2 0.573889 0.645505
2 0.575088 0.655863
2 0.570996 0.665412
2 0.572322 0.699408
1 0.576062 0.714438
2 0.573419 0.725482
2 0.570642 0.790361
1 0.575209 0.800682
1 0.572258 0.8387
2 0.57613 0.84873
2 0.574896 0.902341
1 0.57315 0.995465
1 0.578041 0.0210564
0 0.578146 0.0394653
1 0.581761 0.0563345
2 0.582689 0.10822
0 0.582128 0.184819
2 0.57772 0.228736
2 0.576694 0.254972
2 0.578535 0.307478
1 0.579333 0.344765
2 0.577632 0.404306
1 0.57759 0.415547
2 0.581968 0.465013
2 0.579364 0.482802
2 0.577598 0.497572
2 0.579958 0.513583
2 0.581442 0.521828
2 0.581584 0.529625
2 0.57704 0.5431
2 0.58173 0.559926
1 0.581152 0.589384
2 0.577422 0.612533
2 0.582745 0.623239
1 0.580184 0.669529
0 0.577664 0.684446
2 0.581851 0.694155
2 0.579136 0.739596
2 0.579999 0.75744
2 0.578251 0.767877
1 0.577653 0.778282
2 0.57859 0.810327
1 0.577336 0.862541
2 0.578476 0.883858
1 0.583893 0.0821806
0 0.583231 0.124025
2 0.586208 0.151034
2 0.587178 0.17318
2 0.586988 0.213779
2 0.586034 0.239808
2 0.585382 0.262791
2 0.586247 0.279615
1 0.587358 0.29979
2 0.584769 0.318639
2 0.58376 0.331498
2 0.587377 0.341674
2 0.584206 0.352827
2 0.58417 0.365256
1 0.584118 0.38224
0 0.588362 0.399734
2 0.586439 0.423501
2 0.586143 0.433553
2 0.584144 0.442698
2 0.583003 0.455979
1 0.588238 0.461332
2 0.588082 0.481729
2 0.588773 0.494128
2 0.583378 0.506882
2 0.587032 0.534703
2 0.585805 0.545078
2 0.583029 0.567888
2 0.58517 0.600433
2 0.587191 0.612683
1 0.585519 0.638713
2 0.587001 0.645912
0 0.582848 0.654111
2 0.583054 0.662042
2 0.588143 0.682846
1 0.586008 0.7005
2 0.587017 0.712917
2 0.584091 0.723358
2 0.586001 0.783288
2 0.584763 0.801386
2 0.586908 0.821525
2 0.585842 0.837167
1 0.584685 0.917776
1 0.587672 0.981516
2 0.592522 0.134337
2 0.592033 0.196905
2 0.594406 0.31706
0 0.591873 0.359377
2 0.591953 0.378373
2 0.59191 0.388379
2 0.59217 0.413779
1 0.59106 0.442117
2 0.591195 0.453228
2 0.588993 0.473274
2 0.590767 0.507163
0 0.590632 0.516792
2 0.594077 0.545546
2 0.591186 0.567823
2 0.589538 0.577416
2 0.590236 0.625441
2 0.594018 0.637591
2 0.590689 0.672571
2 0.592491 0.696367
2 0.592929 0.705037
2 0.593236 0.722702
2 0.590605 0.740432
2 0.589286 0.767045
2 0.594247 0.776573
2 0.590922 0.858207
2 0.594499 0.87304
2 0.590993 0.892186
2 0.593934 0.908471
1 0.595649 0.0338969
2 0.595858 0.0946959
2 0.596157 0.184304
2 0.598283 0.213804
2 0.595169 0.228856
1 0.596342 0.253523
2 0.598737 0.26333
2 0.595679 0.287822
2 0.59951 0.30416
1 0.598819 0.337143
2 0.595683 0.345175
2 0.597871 0.402154
2 0.59968 0.421141
2 0.597412 0.430249
2 0.596526 0.446466
2 0.597295 0.460092
2 0.597824 0.468621
2 0.599551 0.481593
2 0.596868 0.48903
1 0.600396 0.49854
2 0.598908 0.506609
2 0.599445 0.522163
2 0.599046 0.5298
2 0.599591 0.538787
2 0.601097 0.548997
0 0.595415 0.556754
1 0.598475 0.580569
2 0.598565 0.589042
2 0.597518 0.596696
1 0.595327 0.604592
2 0.600879 0.613362
2 0.596866 0.620673
1 0.599609 0.628757
2 0.597576 0.654127
2 0.595104 0.66437
2 0.596597 0.713017
2 0.599456 0.735767
1 0.599495 0.755786
1 0.595795 0.79033
2 0.600682 0.799265
2 0.601082 0.821848
2 0.596697 0.846019
1 0.599622 0.94077
0 0.596557 0.964896
1 0.606137 0.00104714
2 0.603124 0.0760222
2 0.602846 0.15794
1 0.607255 0.172442
2 0.607123 0.238459
2 0.604924 0.254251
0 0.603526 0.271934
2 0.604693 0.285472
2 0.605217 0.326955
2 0.601593 0.354509
2 0.603414 0.370229
2 0.60584 0.383494
2 0.603106 0.391571
2 0.60399 0.409536
1 0.605331 0.426676
2 0.604337 0.454488
1 0.60631 0.467138
2 0.602554 0.514065
2 0.602408 0.561286
2 0.605694 0.568268
2 0.60196 0.574827
2 0.607296 0.59809
2 0.603281 0.60493
2 0.607142 0.636153
2 0.605868 0.654088
1 0.603262 0.662281
2 0.603067 0.682789
2 0.606748 0.691073
2 0.605071 0.704392
0 0.603494 0.728203
2 0.602356 0.745867
2 0.606842 0.765935
0 0.604438 0.860022
0 0.603403 0.921233
1 0.607383 0.0592703
1 0.611393 0.0896771
1 0.607415 0.136974
2 0.607484 0.196231
2 0.608401 0.208752
1 0.609064 0.22002
2 0.613287 0.262905
2 0.609357 0.294007
2 0.609896 0.315157
2 0.610083 0.340656
2 0.610766 0.355832
2 0.610965 0.39705
2 0.612342 0.408312
2 0.609027 0.436873
1 0.612409 0.4483
2 0.611025 0.459395
2 0.613355 0.467427
2 0.608451 0.473453
0 0.612087 0.483091
2 0.608873 0.498688
2 0.610514 0.514309
2 0.608531 0.521963
2 0.612745 0.536217
1 0.607738 0.54408
2 0.61114 0.559121
2 0.613424 0.576223
2 0.607403 0.586242
2 0.611741 0.608895
2 0.609968 0.6166
2 0.607439 0.628115
1 0.610358 0.644102
2 0.609459 0.66798
2 0.608808 0.715513
2 0.613295 0.725448
2 0.609057 0.734932
2 0.611729 0.751586
2 0.612197 0.783194
2 0.610839 0.794981
1 0.607696 0.80751
1 0.608311 0.836674
2 0.609495 0.875409
0 0.617394 0.0146975
2 0.61463 0.112325
2 0.619271 0.129204
2 0.616855 0.146489
2 0.61732 0.161717
1 0.618614 0.241996
2 0.617298 0.251085
2 0.61464 0.275712
2 0.614294 0.284966
2 0.618327 0.299861
2 0.619497 0.309745
0 0.618702 0.318712
2 0.615271 0.34822
1 0.614874 0.367649
2 0.614287 0.385809
1 0.619336 0.404376
2 0.618759 0.443047
2 0.619398 0.482798
2 0.617448 0.491763
2 0.616013 0.503407
1 0.617109 0.521143
2 0.615 0.543495
2 0.616538 0.551117
1 0.617779 0.565947
2 0.615116 0.597678
2 0.614723 0.624549
2 0.618893 0.639772
2 0.615807 0.659992
1 0.617204 0.676997
2 0.619506 0.685334
2 0.613768 0.699314
1 0.617061 0.716413
2 0.61869 0.737215
2 0.618454 0.76107
0 0.614558 0.77373
2 0.617786 0.807634
2 0.618061 0.830353
1 0.617568 0.896587
1 0.621033 0.0398967
0 0.62284 0.0638313
2 0.623828 0.18679
1 0.624529 0.197852
2 0.621808 0.207875
2 0.623786 0.218638
2 0.619773 0.231312
2 0.62438 0.261142
2 0.620831 0.32795
1 0.6202 0.339329
2 0.619742 0.35627
2 0.620897 0.37516
2 0.623887 0.386761
2 0.619642 0.396614
2 0.621921 0.423306
2 0.621718 0.433225
2 0.621387 0.453305
1 0.622495 0.462279
2 0.622872 0.474536
2 0.622765 0.512402
0 0.619645 0.535722
2 0.625248 0.543014
2 0.624831 0.551731
2 0.621803 0.572114
1 0.621372 0.589235
2 0.624357 0.6005
0 0.62238 0.610948
2 0.624881 0.619106
2 0.624689 0.646101
2 0.620289 0.667195
1 0.624574 0.696902
2 0.624905 0.709294
2 0.624672 0.725264
2 0.621004 0.746553
0 0.621185 0.820039
1 0.623154 0.853595
2 0.621296 0.866896
2 0.622709 0.907882
1 0.623871 0.930621
2 0.623002 0.973273
2 0.627966 0.0857518
1 0.630689 0.14522
2 0.627108 0.246689
2 0.62868 0.282691
1 0.631351 0.300774
2 0.630665 0.328152
2 0.62623 0.350646
2 0.627402 0.361193
2 0.628157 0.402784
2 0.630541 0.41262
1 0.630584 0.422838
2 0.631811 0.4389
0 0.627442 0.446866
2 0.631259 0.457346
1 0.625826 0.490293
2 0.63101 0.48515
2 0.631347 0.506884
2 0.627093 0.522939
1 0.631578 0.528119
2 0.627149 0.533851
2 0.63002 0.560876
2 0.628045 0.577389
2 0.630957 0.586947
2 0.626994 0.630322
2 0.629753 0.638622
2 0.629887 0.662394
2 0.62883 0.679464
2 0.631819 0.690077
2 0.631236 0.716645
1 0.631696 0.734747
2 0.628384 0.757829
2 0.626951 0.787896
2 0.628765 0.800272
2 0.630737 0.82319
2 0.625802 0.843342
2 0.626653 0.88148
1 0.62717 0.954607
2 0.63727 0.130287
1 0.635574 0.173008
2 0.63446 0.200798
2 0.635867 0.227842
1 0.635252 0.255006
2 0.635309 0.265809
2 0.637529 0.277636
2 0.635414 0.290526
2 0.637422 0.30978
2 0.632599 0.373993
2 0.635674 0.385095
2 0.635413 0.431828
2 0.635039 0.468007
2 0.633085 0.49732
2 0.636846 0.515098
2 0.635067 0.536992
2 0.637021 0.54674
2 0.635544 0.56674
2 0.63537 0.574954
2 0.634789 0.598781
2 0.63635 0.62329
1 0.634702 0.632887
1 0.637767 0.65238
1 0.635182 0.671782
2 0.63393 0.700033
1 0.637379 0.763303
2 0.634153 0.773459
2 0.636544 0.853835
1 0.636829 0.87038
1 0.637415 0.914957
1 0.638138 0.00546335
1 0.643365 0.0396373
1 0.639158 0.0648877
0 0.640201 0.108138
2 0.640254 0.156954
2 0.643517 0.300323
1 0.643915 0.333913
2 0.639569 0.340739
2 0.639968 0.349961
2 0.642658 0.367036
2 0.643584 0.396828
0 0.638595 0.401996
2 0.640083 0.421995
2 0.643303 0.430177
2 0.643404 0.439818
2 0.640747 0.450533
2 0.639792 0.4764
2 0.640373 0.48951
0 0.640611 0.507956
2 0.642611 0.532377
2 0.638434 0.559414
2 0.638874 0.585869
2 0.643975 0.593496
2 0.642374 0.610712
2 0.642657 0.641354
2 0.639669 0.661227
2 0.642214 0.675536
2 0.643196 0.684458
1 0.640345 0.70665
2 0.642883 0.7202
2 0.642762 0.731051
2 0.638741 0.750366
2 0.643698 0.777488
2 0.639468 0.796691
2 0.643193 0.817079
2 0.641887 0.841626
2 0.647062 0.169453
2 0.647423 0.190081
1 0.64806 0.211991
2 0.649427 0.228781
2 0.647482 0.241609
2 0.647869 0.256517
0 0.645886 0.284039
2 0.645615 0.321509
2 0.64872 0.346419
1 0.64711 0.356924
2 0.649731 0.374011
2 0.645717 0.386184
1 0.644635 0.415415
1 0.644778 0.45651
2 0.649163 0.462784
1 0.647303 0.484747
2 0.64969 0.497173
2 0.648411 0.507657
2 0.649094 0.524719
1 0.6457 0.53983
2 0.649697 0.550378
1 0.648274 0.565019
2 0.64604 0.572073
2 0.64882 0.585677
2 0.647717 0.601603
2 0.648273 0.625115
2 0.648899 0.661085
2 0.647908 0.7011
2 0.649819 0.711715
2 0.645911 0.757747
2 0.649778 0.76763
1 0.649047 0.831093
2 0.649193 0.859185
1 0.64821 0.885206
2 0.646 0.901066
2 0.650477 0.0873976
2 0.651034 0.138842
2 0.656146 0.262472
2 0.652989 0.276273
2 0.653427 0.294048
2 0.656351 0.360247
2 0.652806 0.392049
2 0.65124 0.410517
1 0.656384 0.427302
2 0.651968 0.437433
2 0.654573 0.449639
2 0.652459 0.471957
2 0.654494 0.517283
2 0.655054 0.561686
2 0.655163 0.571046
1 0.651966 0.615078
2 0.650481 0.637731
2 0.653113 0.653525
2 0.65544 0.666972
2 0.652453 0.678336
2 0.652903 0.749549
1 0.650463 0.787865
2 0.65496 0.803716
2 0.656417 0.820551
2 0.656148 0.841834
1 0.655058 0.939545
1 0.655197 0.96713
1 0.653473 0.991945
1 0.659021 0.0148859
0 0.661721 0.0341463
1 0.660342 0.0675037
2 0.660742 0.126733
2 0.657594 0.153906
0 0.662001 0.166763
2 0.657834 0.177048
2 0.658526 0.214186
2 0.65907 0.251531
1 0.657899 0.303945
2 0.657206 0.318103
2 0.659745 0.331156
2 0.660365 0.351551
1 0.657369 0.380889
2 0.656681 0.402908
2 0.660165 0.419676
2 0.660417 0.463477
1 0.660054 0.472788
2 0.659616 0.482777
1 0.656635 0.50144
2 0.658226 0.509141
2 0.656471 0.539891
0 0.660537 0.548148
2 0.660981 0.59076
2 0.657062 0.606262
2 0.656772 0.623475
2 0.658401 0.631832
1 0.658296 0.647193
2 0.656593 0.694754
0 0.657722 0.728901
2 0.660232 0.742386
1 0.659966 0.767194
2 0.659148 0.781797
2 0.664358 0.189484
2 0.665654 0.203567
2 0.662592 0.230996
0 0.663462 0.241775
2 0.66667 0.262846
2 0.662835 0.287788
2 0.666675 0.321662
0 0.663441 0.342176
2 0.665442 0.36207
2 0.662996 0.371551
1 0.667038 0.402339
2 0.665715 0.412953
2 0.667169 0.428555
1 0.665122 0.440364
2 0.66628 0.452175
2 0.663064 0.492312
2 0.666638 0.510575
2 0.662847 0.51792
1 0.662621 0.528073
2 0.666219 0.534401
2 0.667807 0.553183
2 0.663042 0.565487
2 0.66388 0.574215
1 0.663323 0.600335
2 0.664499 0.61976
2 0.66696 0.631213
2 0.665902 0.655803
2 0.664244 0.672306
0 0.666767 0.68389
1 0.664032 0.710319
2 0.666716 0.861778
0 0.664018 0.875559
1 0.663212 0.898798
0 0.663958 0.929167
2 0.673898 0.0945746
2 0.672871 0.170447
2 0.67216 0.213474
2 0.673407 0.225656
2 0.670734 0.250867
1 0.672187 0.280702
2 0.670721 0.29934
2 0.671408 0.312697
2 0.674566 0.332715
2 0.672033 0.345273
2 0.672907 0.374856
2 0.672599 0.384332
2 0.669311 0.39312
1 0.673538 0.423142
2 0.673497 0.438764
1 0.673558 0.460105
2 0.669682 0.468472
2 0.671226 0.479953
2 0.671045 0.488861
2 0.673671 0.517369
2 0.673001 0.543995
1 0.673249 0.561628
2 0.672526 0.570832
1 0.669849 0.580391
2 0.670447 0.609678
2 0.674027 0.622399
2 0.673801 0.648128
2 0.670853 0.69258
2 0.669451 0.702633
2 0.671225 0.727526
2 0.67176 0.744677
0 0.670842 0.784922
2 0.671634 0.804965
2 0.672038 0.818833
2 0.672095 0.842702
1 0.672444 0.946713
1 0.680781 0.078021
1 0.675075 0.110644
1 0.67819 0.146104
2 0.677097 0.269779
2 0.679223 0.354487
1 0.674912 0.361275
1 0.679278 0.391258
2 0.676268 0.398437
2 0.677468 0.415705
2 0.680763 0.433693
2 0.675153 0.451437
2 0.677557 0.47153
1 0.675819 0.498692
2 0.675324 0.508911
2 0.675199 0.528955
2 0.67768 0.594252
2 0.678979 0.604137
2 0.675149 0.635693
1 0.675919 0.663139
2 0.680306 0.692026
2 0.679062 0.701735
2 0.674955 0.718078
1 0.676846 0.735338
2 0.678178 0.759487
2 0.676438 0.774135
1 0.679965 0.879483
1 0.678642 0.979007
1 0.68203 0.00237344
2 0.685567 0.134629
1 0.682033 0.177975
2 0.686641 0.188443
2 0.682111 0.201548
2 0.686206 0.218243
2 0.685148 0.233911
1 0.684418 0.246489
2 0.682815 0.258583
1 0.686954 0.308709
2 0.684613 0.325972
2 0.684883 0.377637
2 0.686531 0.399261
0 0.686712 0.444555
2 0.681353 0.464011
2 0.684561 0.482065
2 0.685335 0.490594
1 0.683437 0.511557
2 0.686053 0.520818
2 0.682033 0.547866
2 0.683812 0.567809
2 0.682364 0.586902
2 0.681397 0.613071
1 0.685369 0.620159
2 0.684685 0.637605
2 0.682678 0.64954
2 0.681817 0.672377
2 0.683157 0.681752
2 0.685012 0.710708
2 0.682535 0.725691
1 0.683199 0.820693
2 0.681509 0.832069
1 0.682418 0.861939
1 0.68497 0.929833
1 0.688813 0.0403712
2 0.688564 0.063517
1 0.690277 0.0951649
2 0.688725 0.161087
1 0.690506 0.2695
2 0.69057 0.281147
2 0.687412 0.29254
1 0.68972 0.338783
2 0.689232 0.359122
2 0.691225 0.370598
2 0.693052 0.388227
2 0.687225 0.41075
2 0.690679 0.420497
2 0.690177 0.433826
2 0.688164 0.472765
0 0.692658 0.482872
2 0.689245 0.502242
2 0.691573 0.511433
1 0.692317 0.524266
2 0.688087 0.532628
2 0.688634 0.557725
2 0.690791 0.5796
2 0.691081 0.589308
2 0.692572 0.598725
2 0.691961 0.607997
2 0.687266 0.629078
2 0.692227 0.651032
2 0.688035 0.660513
1 0.692529 0.695512
2 0.691236 0.733087
2 0.688481 0.748834
1 0.687689 0.762185
2 0.68971 0.776308
2 0.687603 0.795256
0 0.687404 0.846773
1 0.689156 0.894528
2 0.687931 0.916217
1 0.692778 0.970057
0 0.695221 0.107889
1 0.698286 0.148604
2 0.697522 0.202591
2 0.69935 0.262332
2 0.695887 0.309851
2 0.697889 0.319493
2 0.695266 0.328899
2 0.698365 0.343948
1 0.698027 0.361762
2 0.696705 0.399436
2 0.69767 0.411908
2 0.69577 0.440323
2 0.69516 0.454006
2 0.695709 0.463576
2 0.698503 0.472441
2 0.697596 0.519203
2 0.698528 0.530216
2 0.694365 0.542505
2 0.694915 0.551964
0 0.695646 0.562204
2 0.698881 0.574071
2 0.698253 0.630841
2 0.698785 0.672171
2 0.696935 0.684105
2 0.694709 0.712334
2 0.696416 0.766425
2 0.69391 0.81941
2 0.695733 0.838982
1 0.699312 0.876009
1 0.70287 0.0154604
1 0.70071 0.0777681
1 0.699961 0.120956
2 0.699773 0.181364
1 0.703993 0.211315
2 0.700353 0.244557
2 0.701541 0.275484
0 0.702694 0.285184
2 0.704149 0.303979
2 0.705443 0.354032
2 0.701864 0.372421
1 0.700543 0.382176
2 0.703424 0.431509
1 0.702378 0.452968
2 0.700162 0.490224
2 0.699905 0.504502
2 0.703024 0.539116
2 0.70377 0.566838
2 0.700458 0.585879
2 0.702658 0.600192
2 0.700237 0.611278
2 0.703844 0.62069
2 0.704478 0.64341
2 0.700086 0.657239
2 0.702875 0.692303
2 0.702068 0.704225
1 0.705106 0.715189
2 0.70261 0.734127
2 0.699969 0.747248
2 0.702314 0.778876
1 0.699829 0.790156
2 0.701026 0.801389
1 0.701817 0.829588
2 0.700524 0.85348
1 0.701486 0.918553
0 0.701869 0.933916
1 0.704174 0.952453
1 0.710908 0.0564402
0 0.711526 0.164441
2 0.708831 0.19334
2 0.708075 0.229987
2 0.711226 0.25611
2 0.710998 0.319872
2 0.707527 0.33464
1 0.710191 0.346029
2 0.710172 0.38868
2 0.706225 0.400134
1 0.707827 0.422103
2 0.707442 0.443993
1 0.709215 0.468162
2 0.711589 0.487808
1 0.707798 0.49575
1 0.710158 0.513012
2 0.711528 0.533986
1 0.710835 0.542475
2 0.707758 0.554491
2 0.710071 0.684044
1 0.7097 0.746972
0 0.71063 0.810023
0 0.706037 0.891442
1 0.717779 0.033618
1 0.712798 0.137017
2 0.715586 0.214577
1 0.713499 0.266804
2 0.714321 0.278557
2 0.716564 0.291715
1 0.713176 0.306179
2 0.716905 0.32877
2 0.715173 0.376156
0 0.714429 0.402776
2 0.712783 0.411016
2 0.712385 0.459827
2 0.713744 0.476697
2 0.713071 0.503139
2 0.71249 0.520465
2 0.717784 0.548145
1 0.714725 0.566814
2 0.71517 0.577487
2 0.713006 0.589141
2 0.715337 0.598595
2 0.712864 0.608656
0 0.71709 0.615697
2 0.714058 0.627235
2 0.713634 0.641316
2 0.717102 0.650382
2 0.713297 0.674675
2 0.715387 0.704817
2 0.71532 0.7294
2 0.717583 0.768586
2 0.716588 0.800211
2 0.71632 0.83183
2 0.714713 0.849571
1 0.716627 0.862999
1 0.715735 0.884498
1 0.717508 0.910013
0 0.711791 0.996082
1 0.721031 0.0867102
1 0.720435 0.11466
1 0.720198 0.180873
0 0.718742 0.203573
1 0.720141 0.238134
2 0.721323 0.301357
2 0.719265 0.358309
1 0.719601 0.368804
2 0.718795 0.395217
2 0.72014 0.422778
2 0.720378 0.437784
1 0.720183 0.446551
2 0.720475 0.455806
2 0.71874 0.465954
2 0.722804 0.515863
2 0.720668 0.52488
2 0.72141 0.536025
1 0.722672 0.593188
2 0.722989 0.623955
2 0.721682 0.633702
2 0.718255 0.661685
2 0.721025 0.684971
2 0.723691 0.714831
2 0.717875 0.740941
2 0.721662 0.752092
1 0.719348 0.786296
1 0.722034 0.926511
1 0.718044 0.943722
1 0.722443 0.977356
0 0.726003 0.0499667
2 0.725519 0.193717
2 0.728602 0.21413
2 0.728707 0.254338
2 0.72749 0.267278
2 0.726776 0.312495
2 0.727276 0.328268
2 0.726456 0.340841
2 0.725666 0.382818
2 0.72713 0.411376
1 0.728567 0.420793
2 0.729376 0.442255
0 0.725846 0.462432
2 0.726499 0.471437
2 0.727611 0.483594
2 0.729881 0.492233
1 0.727075 0.509471
0 0.729898 0.539642
2 0.72439 0.554339
2 0.728355 0.568141
2 0.729996 0.587037
2 0.726743 0.613241
1 0.724106 0.645411
0 0.725711 0.67029
2 0.725743 0.696597
1 0.729304 0.722698
2 0.729148 0.735303
1 0.727362 0.804164
2 0.726164 0.816065
1 0.727811 0.845159
2 0.729841 0.96508
0 0.733579 0.0999765
1 0.731977 0.136222
1 0.733418 0.158667
2 0.731362 0.231622
2 0.733361 0.285191
1 0.735999 0.295702
2 0.732895 0.367081
2 0.731249 0.395166
1 0.735791 0.404954
2 0.730537 0.432952
2 0.731195 0.452708
2 0.734658 0.463642
2 0.730435 0.524333
2 0.731693 0.547625
2 0.732177 0.598085
2 0.73081 0.63066
2 0.734143 0.640899
2 0.732705 0.653755
2 0.732498 0.663755
2 0.735674 0.675077
2 0.732019 0.687141
1 0.734939 0.700238
2 0.73434 0.755238
2 0.733829 0.76881
2 0.734967 0.782407
1 0.732225 0.824834
1 0.735299 0.866668
1 0.734971 0.900357
1 0.737713 0.00208546
1 0.736283 0.0343455
1 0.742052 0.0696788
0 0.742164 0.147264
1 0.741251 0.179413
2 0.741313 0.221789
2 0.739287 0.248612
2 0.738778 0.26754
2 0.737364 0.306207
1 0.736741 0.329083
0 0.736632 0.353594
2 0.741492 0.374489
1 0.739586 0.385243
2 0.740944 0.415655
1 0.739004 0.450374
2 0.737164 0.485247
2 0.740572 0.499506
2 0.736885 0.517266
2 0.73849 0.533
2 0.737468 0.562718
1 0.736853 0.575137
2 0.738612 0.611336
2 0.739436 0.623314
2 0.73986 0.709202
0 0.737886 0.745939
2 0.740063 0.805209
0 0.740429 0.88261
0 0.736628 0.928058
1 0.746754 0.0189448
1 0.74786 0.0962388
1 0.743272 0.11744
1 0.743626 0.201568
1 0.74617 0.233049
1 0.745918 0.255963
0 0.746555 0.276616
2 0.747584 0.294546
2 0.743372 0.317295
2 0.744361 0.339824
2 0.743617 0.363459
2 0.74237 0.399129
2 0.744358 0.426566
1 0.745703 0.465995
2 0.74758 0.476944
1 0.745667 0.485278
2 0.744372 0.508482
1 0.746923 0.518185
2 0.747908 0.528803
2 0.746254 0.551902
2 0.744633 0.584553
2 0.747556 0.618311
2 0.743925 0.636485
2 0.742751 0.655826
2 0.747899 0.673805
2 0.748296 0.685404
2 0.74485 0.719626
2 0.743546 0.734289
2 0.746185 0.751092
1 0.742351 0.954855
1 0.753845 0.144152
2 0.750719 0.210893
2 0.750502 0.327114
2 0.753153 0.353639
2 0.751172 0.372535
2 0.748587 0.39041
2 0.750853 0.406004
1 0.749792 0.434018
2 0.751674 0.445506
0 0.750137 0.500245
2 0.749582 0.570767
2 0.75225 0.595481
1 0.750942 0.607326
2 0.753676 0.625787
1 0.751245 0.646177
2 0.749731 0.698162
1 0.752657 0.726113
1 0.753794 0.762358
2 0.748812 0.784015
1 0.748664 0.798063
0 0.752913 0.821032
1 0.752637 0.842563
1 0.75215 0.864388
1 0.748974 0.908738
1 0.751943 0.981425
1 0.759501 0.123875
1 0.758634 0.17227
0 0.757686 0.192971
2 0.756863 0.22406
2 0.755221 0.247136
2 0.757008 0.26137
2 0.76055 0.274793
2 0.757436 0.286063
2 0.760434 0.299311
1 0.759093 0.344349
2 0.760261 0.361914
1 0.760321 0.379434
2 0.75825 0.392958
2 0.755363 0.459904
2 0.758525 0.474915
2 0.755799 0.493201
2 0.757124 0.518658
2 0.760044 0.528217
2 0.756515 0.543028
1 0.75712 0.558605
2 0.758806 0.567274
2 0.758859 0.578764
2 0.760191 0.615832
2 0.756517 0.666126
2 0.759209 0.68319
2 0.759031 0.718045
2 0.758241 0.736649
2 0.760267 0.748653
2 0.757129 0.77238
0 0.760589 0.785316
1 0.759805 0.89274
1 0.760105 0.922969
1 0.758256 0.942756
1 0.76044 0.96095
0 0.761676 0.0314538
1 0.761826 0.0567118
0 0.76409 0.237601
1 0.761084 0.31876
2 0.76158 0.328661
0 0.761337 0.416275
2 0.764781 0.42872
1 0.763888 0.441995
0 0.763009 0.457445
2 0.763556 0.505205
2 0.765701 0.600704
1 0.76503 0.627457
2 0.766615 0.639575
2 0.765504 0.651554
1 0.764289 0.674872
2 0.761045 0.703414
2 0.764976 0.761801
1 0.765368 0.801285
1 0.761132 0.99581
0 0.769009 0.0716165
1 0.767449 0.0920851
1 0.76948 0.156249
1 0.767968 0.189667
1 0.771087 0.214723
2 0.772647 0.250244
1 0.767564 0.260663
1 0.768619 0.288284
2 0.772118 0.311744
2 0.770585 0.372568
2 0.76738 0.384431
2 0.772523 0.417742
2 0.768108 0.465792
2 0.771136 0.487564
2 0.769532 0.512715
1 0.772644 0.522844
2 0.770935 0.532242
2 0.769639 0.553239
2 0.768769 0.587625
2 0.770913 0.687077
1 0.77151 0.699836
2 0.771526 0.711687
2 0.771023 0.724678
2 0.772666 0.773776
1 0.767639 0.875011
0 0.772399 0.974362
1 0.773982 0.0131715
1 0.773628 0.107709
2 0.777767 0.234394
2 0.777194 0.268092
0 0.778927 0.33758
2 0.774662 0.357126
2 0.777626 0.382108
2 0.774829 0.400388
2 0.774998 0.427577
2 0.773559 0.45343
2 0.774 0.477094
1 0.776849 0.496964
2 0.778182 0.541631
2 0.774499 0.56786
0 0.776524 0.576866
2 0.775061 0.608806
2 0.775879 0.632198
0 0.776249 0.647044
2 0.773863 0.673274
1 0.778353 0.741806
2 0.777026 0.753297
1 0.773693 0.84629
1 0.773939 0.935202
1 0.778243 0.953989
1 0.784994 0.0579391
1 0.784321 0.0793534
1 0.783414 0.130268
1 0.781758 0.179498
1 0.784944 0.245773
2 0.780152 0.290588
2 0.782553 0.322249
2 0.780584 0.347549
1 0.784283 0.374347
1 0.782222 0.394786
2 0.783534 0.414294
2 0.785236 0.435017
1 0.783452 0.449183
2 0.780562 0.52857
1 0.784155 0.550162
2 0.781579 0.587593
2 0.782213 0.59831
2 0.782379 0.618237
2 0.780926 0.693974
2 0.782768 0.705464
0 0.780705 0.717619
1 0.782311 0.777792
1 0.7803 0.829266
1 0.781341 0.865507
0 0.779368 0.880843
1 0.78105 0.896637
0 0.781626 0.917768
1 0.783509 0.998493
1 0.790862 0.0165194
1 0.787777 0.0412445
2 0.789614 0.111964
1 0.785498 0.156499
0 0.789274 0.16815
1 0.788019 0.194985
1 0.787561 0.267023
1 0.790503 0.288336
1 0.785589 0.311931
2 0.789316 0.402316
1 0.788303 0.422742
2 0.788402 0.466364
2 0.78914 0.476702
2 0.790099 0.48792
2 0.785533 0.508424
2 0.788414 0.537283
2 0.78713 0.560805
2 0.791186 0.571614
2 0.788144 0.607263
2 0.78593 0.63536
2 0.785858 0.655077
1 0.785644 0.680641
2 0.790293 0.748971
1 0.788702 0.801394
1 0.789911 0.937616
2 0.793347 0.227407
2 0.796429 0.250084
2 0.795918 0.277587
2 0.797443 0.326144
2 0.792473 0.355754
2 0.795726 0.367168
2 0.79222 0.378872
2 0.795418 0.392942
2 0.795583 0.505015
2 0.792454 0.527149
2 0.794059 0.591789
2 0.796906 0.613139
2 0.793105 0.626207
2 0.79639 0.649204
2 0.79391 0.66599
2 0.792785 0.689409
2 0.797009 0.706133
2 0.792155 0.733032
2 0.792766 0.772467
0 0.794815 0.785196
2 0.796852 0.818491
0 0.79726 0.852858
1 0.796116 0.890084
1 0.7924 0.963482
1 0.791599 0.982551
1 0.801499 0.0640705
1 0.800976 0.101537
1 0.79898 0.148282
1 0.800857 0.184749
1 0.802562 0.220371
2 0.802985 0.291498
1 0.797615 0.406073
2 0.798781 0.420855
1 0.802439 0.430247
0 0.799112 0.444469
0 0.798819 0.477244
1 0.801068 0.522319
2 0.802792 0.544686
2 0.800433 0.556833
1 0.802356 0.575643
2 0.801315 0.634358
2 0.800694 0.676249
1 0.80279 0.692986
2 0.801487 0.721802
1 0.802754 0.737919
1 0.801744 0.759071
2 0.799111 0.797363
1 0.802974 0.829183
1 0.799872 0.869297
1 0.798002 0.913941
0 0.799668 0.950877
0 0.804721 0.00623971
1 0.804446 0.0288437
0 0.809449 0.0424946
1 0.806503 0.0843845
1 0.805986 0.121383
0 0.809164 0.198732
2 0.805555 0.304873
1 0.805451 0.316125
1 0.805029 0.334863
2 0.808025 0.350808
2 0.808454 0.36685
2 0.807493 0.404744
1 0.805842 0.458392
2 0.805611 0.469678
2 0.804588 0.484725
1 0.80399 0.497099
2 0.808212 0.505432
2 0.808093 0.611266
1 0.806905 0.657724
2 0.806016 0.749396
1 0.815551 0.245537
0 0.815015 0.267473
1 0.81062 0.380858
2 0.813373 0.435477
2 0.815351 0.478707
2 0.813301 0.495471
2 0.813151 0.515706
1 0.813289 0.546122
2 0.813399 0.569315
2 0.813709 0.583668
2 0.810328 0.594689
2 0.815434 0.650392
2 0.81544 0.697324
2 0.810768 0.709869
2 0.810969 0.76862
1 0.811993 0.782326
1 0.812081 0.814387
1 0.815258 0.849545
1 0.810584 0.90274
1 0.812157 0.920538
1 0.814731 0.937032
1 0.812367 0.962859
1 0.810752 0.982541
1 0.818768 0.0543696
1 0.820362 0.0725115
1 0.816209 0.161564
1 0.817767 0.179442
2 0.816661 0.216361
2 0.816032 0.256632
0 0.817079 0.303461
1 0.821924 0.345587
2 0.820076 0.375149
2 0.816713 0.389038
2 0.821065 0.409458
1 0.816094 0.418754
2 0.816968 0.464734
2 0.82076 0.505989
2 0.816192 0.53382
2 0.819155 0.614218
1 0.817894 0.627487
2 0.817061 0.670126
1 0.818736 0.722307
2 0.816992 0.737013
1 0.816166 0.797842
1 0.81684 0.868055
2 0.817312 0.88359
0 0.826884 0.0987339
0 0.823989 0.144578
1 0.824134 0.197008
2 0.822789 0.277162
2 0.826359 0.297829
2 0.823701 0.324693
0 0.822775 0.396655
1 0.827792 0.435441
1 0.824369 0.452825
1 0.824148 0.494911
2 0.827457 0.521842
2 0.823949 0.55206
2 0.825613 0.576163
1 0.823217 0.596735
2 0.827511 0.661522
1 0.827404 0.672319
2 0.823442 0.68596
1 0.827884 0.704031
2 0.827146 0.754047
1 0.824417 0.767611
2 0.822132 0.826995
1 0.8266 0.838924
1 0.826976 0.952905
1 0.823736 0.999345
1 0.828677 0.0262853
1 0.831412 0.0449221
1 0.833863 0.112032
1 0.833395 0.128075
1 0.833545 0.171823
1 0.829641 0.232752
1 0.832174 0.266746
1 0.831105 0.286629
1 0.834158 0.30927
2 0.830044 0.338337
2 0.829734 0.352239
0 0.82923 0.36282
2 0.832736 0.377582
2 0.831055 0.422282
2 0.830734 0.461782
2 0.834136 0.495702
2 0.83098 0.538465
2 0.830539 0.566032
2 0.832583 0.617632
2 0.832155 0.647611
2 0.829764 0.719104
0 0.834007 0.791578
1 0.829864 0.805105
1 0.832458 0.864116
1 0.828573 0.898258
1 0.830788 0.918807
0 0.835766 0.0629742
1 0.838791 0.0859678
1 0.837836 0.211978
1 0.839565 0.334575
1 0.839237 0.400252
2 0.835938 0.411138
1 0.836087 0.475801
0 0.837613 0.54577
1 0.838859 0.573477
2 0.83541 0.634565
2 0.838341 0.6985
2 0.83755 0.738579
1 0.839022 0.754531
0 0.838583 0.852162
1 0.83634 0.976792
1 0.844437 0.0097071
1 0.846287 0.0533397
1 0.841396 0.150671
1 0.841784 0.185799
0 0.842301 0.233619
1 0.845953 0.251727
2 0.843321 0.314652
2 0.841705 0.345734
2 0.844182 0.368707
2 0.846248 0.392447
1 0.842448 0.443815
2 0.845472 0.487388
2 0.842802 0.503446
2 0.84162 0.529739
2 0.842384 0.563058
2 0.844913 0.588333
2 0.840791 0.603921
1 0.845172 0.653515
2 0.846576 0.724449
2 0.846616 0.771181
1 0.840971 0.818213
1 0.845741 0.841024
1 0.843437 0.88725
0 0.845561 0.908009
1 0.846075 0.957133
1 0.847911 0.0329695
2 0.84708 0.277943
1 0.847158 0.291555
1 0.852599 0.322927
1 0.852099 0.358332
1 0.852489 0.380896
2 0.847334 0.426959
2 0.851492 0.448616
0 0.84704 0.459687
1 0.846925 0.513115
2 0.848605 0.552318
2 0.849494 0.574049
1 0.847654 0.616721
2 0.850574 0.671056
1 0.847218 0.68832
0 0.850479 0.704788
1 0.849738 0.735768
1 0.848685 0.870521
1 0.848316 0.938126
1 0.853915 0.137674
1 0.854877 0.201133
1 0.857345 0.265626
2 0.858176 0.310609
2 0.858812 0.399731
0 0.85498 0.410931
1 0.857901 0.43619
1 0.855265 0.474917
2 0.858051 0.530964
2 0.855943 0.605587
2 0.8585 0.641043
1 0.857781 0.719477
2 0.858884 0.746687
1 0.85653 0.758663
1 0.853538 0.794552
0 0.855064 0.814362
1 0.857975 0.828402
1 0.85599 0.97465
0 0.864536 0.0463008
1 0.864641 0.0708506
1 0.859986 0.0934428
0 0.860188 0.110611
1 0.863005 0.163733
0 0.860858 0.180341
2 0.861165 0.223115
1 0.864228 0.287543
2 0.863212 0.328748
2 0.863493 0.344156
2 0.862406 0.359559
2 0.864942 0.42534
2 0.860346 0.499319
2 0.859816 0.518084
1 0.864482 0.540442
2 0.862694 0.554609
1 0.861903 0.578566
2 0.860226 0.591988
2 0.860018 0.62148
1 0.863925 0.679002
1 0.864518 0.696885
0 0.863236 0.78021
1 0.858992 0.848119
1 0.863863 0.871061
1 0.858997 0.885969
1 0.862207 0.912451
0 0.860004 0.995815
1 0.870975 0.0304582
0 0.868446 0.148125
1 0.87112 0.211849
1 0.867918 0.243341
2 0.870475 0.372013
2 0.86843 0.389036
2 0.868953 0.450632
2 0.867459 0.477892
1 0.867176 0.655832
1 0.870856 0.738735
1 0.86971 0.766863
1 0.872125 0.00878957
1 0.874412 0.186627
1 0.874081 0.264468
1 0.87206 0.303488
1 0.87383 0.32062
1 0.873129 0.40157
2 0.871796 0.464176
2 0.872385 0.493399
2 0.875574 0.550704
1 0.876294 0.564151
2 0.873533 0.578812
1 0.874935 0.60059
0 0.874807 0.625325
2 0.872255 0.724945
1 0.872267 0.795748
1 0.872761 0.813966
1 0.874141 0.847843
0 0.873333 0.882489
0 0.87188 0.943688
1 0.876239 0.961413
1 0.87856 0.110803
1 0.878833 0.136011
1 0.880313 0.161908
1 0.881771 0.229747
0 0.877822 0.290611
2 0.879214 0.422975
1 0.879141 0.435181
1 0.881956 0.455487
0 0.882472 0.471806
1 0.877549 0.517899
2 0.88302 0.531714
1 0.883081 0.542376
2 0.881407 0.609596
1 0.882365 0.687367
1 0.88075 0.706236
1 0.878998 0.781128
1 0.878471 0.829561
1 0.878315 0.901033
1 0.880933 0.990338
1 0.88479 0.0566811
1 0.888656 0.0846542
1 0.884781 0.248432
1 0.888369 0.310335
1 0.887823 0.353489
2 0.888858 0.376405
1 0.885391 0.389077
2 0.888847 0.499987
2 0.887997 0.589151
0 0.887161 0.715619
1 0.889412 0.728736
0 0.886869 0.746728
2 0.88581 0.793473
0 0.888656 0.85595
1 0.883472 0.868351
1 0.885723 0.91547
1 0.88736 0.936948
1 0.892034 0.0253411
0 0.893007 0.0709106
1 0.894934 0.100352
1 0.891395 0.174146
1 0.892807 0.197396
1 0.892037 0.215459
1 0.891412 0.265531
1 0.891922 0.291161
1 0.893091 0.330273
2 0.895328 0.342708
2 0.892974 0.406143
0 0.890144 0.422112
2 0.889973 0.43465
2 0.894568 0.453582
2 0.893583 0.47646
1 0.892018 0.488275
2 0.892423 0.563469
0 0.889877 0.576388
1 0.894559 0.606019
1 0.893091 0.633593
0 0.892485 0.674824
1 0.891975 0.77155
1 0.89188 0.882584
1 0.901221 0.130847
1 0.896391 0.145542
0 0.898322 0.239251
0 0.899085 0.363617
2 0.90172 0.390746
2 0.896044 0.52206
1 0.898703 0.66098
2 0.897505 0.697498
1 0.899892 0.819057
1 0.898308 0.837277
1 0.898309 0.898136
1 0.897655 0.965206
0 0.907337 0.0386015
1 0.906421 0.112398
0 0.906696 0.191688
1 0.906911 0.207918
1 0.905214 0.311168
2 0.904384 0.41991
2 0.906392 0.438968
1 0.907332 0.464156
1 0.902582 0.512343
0 0.904909 0.530399
1 0.903076 0.547875
2 0.902622 0.581996
1 0.904275 0.717828
1 0.904133 0.73401
1 0.902353 0.755883
1 0.903827 0.853553
1 0.906835 0.914263
0 0.903237 0.996296
1 0.909856 0.0766956
0 0.908855 0.155429
1 0.911467 0.176256
1 0.912835 0.229839
1 0.908593 0.275468
0 0.909334 0.327171
1 0.912798 0.344606
2 0.910768 0.48923
2 0.908577 0.558943
1 0.911843 0.615915
2 0.913503 0.63218
1 0.912051 0.675534
1 0.914047 0.698816
1 0.908961 0.795896
1 0.913683 0.831941
0 0.913644 0.8889
0 0.909609 0.931766
1 0.911366 0.948538
1 0.917483 0.0575387
0 0.920174 0.114424
1 0.918231 0.246067
0 0.919728 0.264921
1 0.917334 0.362433
1 0.914937 0.38185
1 0.914361 0.408799
1 0.918165 0.431602
2 0.92018 0.527869
2 0.918773 0.596227
1 0.918277 0.650923
1 0.916484 0.750177
1 0.914356 0.765587
0 0.914325 0.781759
1 0.915786 0.815916
1 0.919622 0.853281
1 0.91804 0.872507
1 0.918218 0.975049
1 0.921193 0.0975726
1 0.923125 0.136772
1 0.922123 0.164214
1 0.92464 0.28572
0 0.921293 0.445557
1 0.924435 0.457081
2 0.921122 0.468731
2 0.921075 0.502376
1 0.925352 0.514921
1 0.921102 0.553521
2 0.922047 0.572699
1 0.922822 0.729384
0 0.925339 0.839331
1 0.924541 0.994946
1 0.926436 0.0193836
0 0.93162 0.0670279
1 0.932439 0.083941
0 0.929582 0.216667
1 0.931992 0.315311
1 0.931937 0.348627
0 0.931422 0.38723
1 0.931116 0.403001
0 0.928181 0.612793
1 0.928952 0.678105
0 0.928382 0.714842
1 0.929431 0.772122
1 0.928592 0.804705
1 0.929135 0.895206
1 0.926862 0.931057
1 0.938128 0.120149
1 0.938332 0.158498
1 0.933134 0.187902
1 0.933405 0.256636
1 0.936361 0.331951
1 0.936673 0.373191
1 0.936711 0.438569
2 0.937137 0.457385
2 0.934375 0.486931
1 0.936517 0.499036
1 0.935406 0.596727
1 0.933441 0.637629
0 0.93312 0.651695
1 0.936271 0.698051
0 0.933015 0.751234
1 0.93546 0.787823
1 0.933058 0.822652
1 0.934847 0.849508
1 0.93486 0.875462
1 0.932873 0.94988
1 0.942736 0.0422509
1 0.943155 0.208215
1 0.942208 0.23209
1 0.941876 0.298937
1 0.940791 0.472368
1 0.943009 0.53104
0 0.939487 0.557902
1 0.941062 0.573648
1 0.940325 0.732129
1 0.943551 0.761049
2 0.946985 0.0224701
1 0.947388 0.0989527
1 0.945837 0.140419
0 0.948214 0.321797
1 0.946627 0.417009
1 0.947635 0.667518
0 0.948436 0.813618
1 0.947279 0.838216
1 0.946194 0.931731
1 0.949075 0.975698
1 0.946579 0.996639
1 0.952129 0.0689893
0 0.951383 0.124353
1 0.955204 0.286901
1 0.953889 0.346349
1 0.951292 0.398669
1 0.954009 0.438137
1 0.955598 0.498664
0 0.95532 0.518839
1 0.952888 0.64345
0 0.9548 0.774294
1 0.95121 0.788439
1 0.954259 0.869945
0 0.951347 0.910748
1 0.95887 0.109914
0 0.957943 0.17865
1 0.959655 0.195097
2 0.959457 0.261143
1 0.959925 0.369369
1 0.961587 0.456614
1 0.962135 0.538794
1 0.960564 0.593643
1 0.957471 0.620406
2 0.959995 0.692392
1 0.9584 0.747058
1 0.962662 0.800818
1 0.957822 0.894565
1 0.96895 0.0259287
0 0.965143 0.0867415
1 0.964859 0.131586
1 0.964013 0.214032
1 0.963798 0.235861
0 0.967922 0.353717
1 0.966094 0.416251
2 0.965277 0.478856
1 0.963559 0.717468
1 0.965599 0.825346
0 0.964382 0.852945
1 0.967199 0.933746
0 0.963304 0.960134
1 0.96583 0.989118
1 0.970854 0.157113
1 0.971994 0.273953
1 0.972185 0.307323
1 0.972397 0.332646
1 0.9702 0.386161
1 0.97177 0.507641
1 0.974337 0.564141
1 0.971627 0.652337
1 0.974304 0.761883
1 0.972709 0.840653
1 0.974277 0.888101
0 0.980389 0.0532934
1 0.979067 0.0971832
1 0.976535 0.117182
1 0.979542 0.141872
1 0.978173 0.180767
1 0.979544 0.203821
1 0.978296 0.450831
1 0.978302 0.484493
1 0.978941 0.528055
1 0.97754 0.609835
1 0.975932 0.736516
1 0.978745 0.870715
1 0.978856 0.908696
1 0.984246 0.00268033
1 0.982578 0.235894
1 0.982008 0.257697
1 0.984796 0.353334
1 0.981811 0.399463
0 0.982017 0.431132
1 0.984562 0.467652
1 0.985745 0.674772
1 0.982471 0.787085
0 0.987685 0.829673
1 0.984827 0.959751
1 0.988311 0.0364467
1 0.988741 0.0692014
0 0.992448 0.190151
0 0.989474 0.291689
1 0.98908 0.324731
1 0.989161 0.378448
1 0.993719 0.41471
0 0.991042 0.564184
1 0.98961 0.584679
0 0.989326 0.626803
1 0.989979 0.749393
0 0.989718 0.767462
1 0.988299 0.814895
1 0.990654 0.940809
1 0.989907 0.977649
1 0.998817 0.0898289
0 0.994257 0.1348
1 0.999271 0.150472
1 0.999187 0.172403
1 0.998606 0.222023
1 0.996472 0.272877
1 0.998322 0.30486
1 0.995972 0.436109
1 0.995655 0.454281
0 0.996865 0.485903
1 0.994506 0.504695
1 0.998869 0.523274
1 0.998216 0.653145
1 0.998466 0.702687
1 0.995528 0.729432
1 0.994078 0.845205
1 0.997834 0.861391
1 0.999756 0.878234
0 0.994832 0.893929
1 0.997749 0.91084
