1 0.00371153 0.00459958
1 0.0035538 0.0231638
1 0.00294211 0.150009
0 0.00466752 0.16959
1 0.00568885 0.202352
2 0.00412958 0.23887
0 0.00286652 0.283495
0 0.00603218 0.361171
1 0.00127131 0.383648
0 0.00197108 0.740425
0 0.00167203 0.834899
1 0.00244509 0.861868
1 0.00390356 0.925114
1 0.00897312 0.095254
1 0.0108791 0.421487
1 0.00637954 0.464737
1 0.00733643 0.533315
1 0.00624163 0.6213
1 0.0102664 0.653136
1 0.00652438 0.787155
1 0.0077712 0.890847
0 0.0101555 0.941838
1 0.0072764 0.95831
1 0.0160902 0.0411253
1 0.0164316 0.0601978
0 0.0158625 0.12563
1 0.0151937 0.318806
1 0.0154632 0.401555
1 0.0178852 0.498871
1 0.0141356 0.565699
0 0.0153944 0.585622
1 0.0133204 0.60056
1 0.0167152 0.713896
1 0.0142625 0.908308
1 0.0151088 0.985017
1 0.0219313 0.0141169
1 0.0233355 0.244107
1 0.0212816 0.265307
1 0.0200064 0.290064
1 0.0226496 0.339498
1 0.0240867 0.370666
2 0.0191385 0.441106
0 0.0230394 0.474782
1 0.0201112 0.5196
0 0.0198115 0.549845
0 0.0239188 0.627296
1 0.0198488 0.683991
1 0.0233734 0.736727
1 0.0184666 0.757006
1 0.0211389 0.82746
1 0.0204758 0.857701
1 0.0210037 0.929676
1 0.0237678 0.954534
0 0.0279408 0.0303488
1 0.0285655 0.2007
1 0.0288629 0.221827
1 0.0268144 0.536509
1 0.0292692 0.57459
1 0.0289345 0.610393
1 0.0251198 0.77965
1 0.0261347 0.801205
1 0.0254687 0.89524
1 0.0346111 0.0532346
1 0.0357221 0.0842586
1 0.0365648 0.117485
1 0.0321265 0.172769
1 0.0311224 0.309243
2 0.0325863 0.396806
1 0.0365435 0.700398
1 0.0325273 0.97437
1 0.0372475 0.00876889
0 0.0407434 0.278809
1 0.0373644 0.413978
1 0.0383692 0.4814
1 0.0427784 0.506431
2 0.041547 0.521104
1 0.0402439 0.556916
2 0.0404206 0.595272
1 0.0397532 0.624023
1 0.0393441 0.648511
1 0.0409686 0.677749
1 0.0422048 0.731927
0 0.0408343 0.772579
0 0.0418331 0.820272
1 0.0422741 0.877779
0 0.041559 0.896583
1 0.0398364 0.914535
1 0.0380296 0.934697
1 0.0488903 0.0265913
1 0.0458888 0.149004
1 0.0454997 0.256374
1 0.0444744 0.355702
2 0.0453802 0.459132
1 0.0462344 0.753746
1 0.0446251 0.787582
1 0.0434897 0.854878
1 0.0481432 0.993751
1 0.0544295 0.0107883
1 0.0542353 0.178792
0 0.052578 0.205094
1 0.0527801 0.227267
1 0.0512548 0.303072
2 0.0547152 0.330693
1 0.0528941 0.400717
0 0.0506375 0.420793
1 0.0510485 0.443815
2 0.0543343 0.49188
1 0.0512266 0.580362
1 0.0542701 0.808376
1 0.0533798 0.961052
1 0.0554283 0.0447761
2 0.0554605 0.0597706
1 0.0562352 0.0753572
1 0.0608172 0.101618
0 0.0575643 0.128934
0 0.0574718 0.536258
1 0.0572269 0.551487
1 0.0566434 0.608801
1 0.0591576 0.634209
0 0.057767 0.648246
2 0.0595437 0.689701
1 0.0580355 0.830428
1 0.0586909 0.903039
1 0.0584687 0.927119
1 0.0625519 0.284419
2 0.0617389 0.37866
0 0.061586 0.723031
1 0.0665114 0.76858
1 0.0637832 0.791007
2 0.0638064 0.848794
1 0.0641894 0.875363
1 0.0716453 0.0240766
1 0.0677206 0.498977
0 0.0731563 0.567859
1 0.0713864 0.5799
2 0.0693394 0.624325
1 0.0692552 0.66064
1 0.0720546 0.701432
1 0.0695807 0.741505
1 0.0726779 0.807168
0 0.0725428 0.973709
1 0.0771833 0.0893937
1 0.0775597 0.138737
1 0.0753384 0.20135
1 0.0749714 0.303653
1 0.0745623 0.326657
2 0.0750177 0.413431
1 0.076842 0.437682
0 0.0750842 0.465521
2 0.0755771 0.483548
1 0.0747812 0.520876
2 0.07595 0.549944
2 0.0776966 0.594806
1 0.0779305 0.679433
1 0.0792357 0.829834
1 0.0780265 0.910743
1 0.0807742 0.00925117
1 0.085463 0.0402579
1 0.0806585 0.0609748
1 0.0810719 0.110032
1 0.0823869 0.257689
1 0.0805116 0.360498
2 0.083004 0.389932
2 0.0802649 0.449952
2 0.0854881 0.499601
2 0.0811834 0.759819
1 0.0820363 0.782556
1 0.0839426 0.866585
1 0.0815664 0.890588
1 0.0836512 0.930167
1 0.0840014 0.952241
1 0.0911533 0.220882
2 0.0918882 0.466544
1 0.0894196 0.53646
1 0.089783 0.559806
2 0.0903307 0.575465
1 0.088107 0.60384
1 0.0883341 0.654826
1 0.0894033 0.719922
1 0.0887806 0.741643
0 0.0871334 0.800793
1 0.0914521 0.845976
0 0.0929367 0.0148677
1 0.0940898 0.0700052
1 0.0931243 0.160599
2 0.0928593 0.291475
2 0.0963052 0.613991
1 0.0935213 0.635295
2 0.0934605 0.693938
1 0.0957406 0.768218
1 0.0971826 0.912315
1 0.100924 0.000897401
1 0.103881 0.0334596
0 0.0989173 0.0867526
0 0.102527 0.133067
1 0.100595 0.320212
2 0.103312 0.382054
1 0.0998735 0.410146
2 0.102081 0.436852
1 0.100076 0.475386
0 0.0991589 0.509607
2 0.102313 0.537832
2 0.102715 0.563137
2 0.10221 0.646587
1 0.0992456 0.680635
1 0.102907 0.802716
1 0.0986741 0.827376
1 0.104241 0.970321
1 0.106444 0.0181366
0 0.108026 0.0508531
1 0.109961 0.105836
0 0.10914 0.18666
1 0.106352 0.346306
2 0.104901 0.362847
2 0.109787 0.453865
2 0.105816 0.490996
2 0.106938 0.583604
1 0.105773 0.605299
0 0.107151 0.661851
1 0.106401 0.70856
1 0.106658 0.782611
1 0.105604 0.8852
1 0.110187 0.941357
1 0.111188 0.0671699
1 0.115646 0.0831913
2 0.113043 0.246005
1 0.11264 0.28922
0 0.114606 0.388285
2 0.111201 0.40549
0 0.116056 0.442146
2 0.110616 0.517722
2 0.114898 0.546705
1 0.110576 0.571264
2 0.111837 0.624551
1 0.115354 0.728183
0 0.116554 0.745803
1 0.114463 0.851805
1 0.121431 0.0102856
1 0.119054 0.029432
1 0.120323 0.133533
1 0.120005 0.158598
1 0.12232 0.211864
2 0.122078 0.429416
2 0.11794 0.473004
2 0.119228 0.504572
2 0.121061 0.530164
2 0.122174 0.571694
0 0.119916 0.593624
2 0.116735 0.609641
2 0.118631 0.646831
2 0.11931 0.703595
1 0.117388 0.765979
1 0.119741 0.811416
0 0.116916 0.833202
1 0.127864 0.0666298
2 0.123088 0.276808
2 0.124984 0.345392
1 0.127399 0.363776
2 0.127283 0.375992
2 0.125436 0.457419
2 0.122893 0.487512
1 0.125856 0.547335
1 0.124351 0.682022
1 0.127554 0.869314
1 0.12444 0.904139
0 0.122779 0.925596
1 0.1325 0.0412128
1 0.132004 0.0824153
1 0.133425 0.108632
0 0.129568 0.319267
2 0.131416 0.406424
1 0.130285 0.418556
2 0.129635 0.441353
2 0.134302 0.467838
1 0.132484 0.480104
2 0.131048 0.520208
1 0.131002 0.578994
1 0.130234 0.622199
2 0.13371 0.642211
1 0.130786 0.657422
2 0.129963 0.669767
2 0.131506 0.719872
0 0.129811 0.793346
1 0.131931 0.966771
1 0.135504 0.179187
1 0.137619 0.244841
2 0.139083 0.306488
2 0.140621 0.352104
2 0.13907 0.384396
2 0.138795 0.452006
2 0.136822 0.490559
2 0.135377 0.54078
2 0.138934 0.56847
2 0.135594 0.608827
1 0.136559 0.733394
1 0.137295 0.772719
1 0.136785 0.821075
1 0.135595 0.845928
0 0.141825 0.00210002
1 0.143165 0.0294864
0 0.144928 0.0559437
0 0.145951 0.26369
1 0.143178 0.395321
2 0.144539 0.422355
1 0.145904 0.444156
1 0.145063 0.51172
2 0.145488 0.522938
1 0.142062 0.532754
0 0.144872 0.553387
2 0.143932 0.588166
2 0.143181 0.654935
2 0.146179 0.671187
1 0.146863 0.802738
1 0.141982 0.935216
1 0.148717 0.0939447
2 0.150933 0.292569
2 0.15079 0.333407
1 0.153295 0.360406
2 0.151999 0.372501
2 0.148973 0.473307
0 0.152597 0.491884
2 0.153087 0.50379
2 0.14969 0.539973
2 0.151931 0.604327
1 0.15312 0.61885
2 0.151837 0.684527
0 0.147655 0.696604
2 0.151079 0.714331
2 0.152276 0.751327
0 0.147777 0.876867
0 0.151712 0.966966
1 0.155352 0.0765477
1 0.155547 0.113729
1 0.156175 0.133777
2 0.153596 0.151081
1 0.156143 0.208919
2 0.153725 0.275134
2 0.155192 0.348177
2 0.159204 0.386546
2 0.155337 0.414232
2 0.15524 0.457945
2 0.159361 0.531448
2 0.158026 0.560298
1 0.154772 0.577788
2 0.15425 0.631201
0 0.155403 0.64496
2 0.158709 0.657964
2 0.157555 0.789596
1 0.158176 0.894381
1 0.158257 0.917932
0 0.164556 0.025886
1 0.163002 0.0410957
1 0.160772 0.171357
2 0.160679 0.43356
2 0.165081 0.450317
1 0.163255 0.466434
2 0.162228 0.484414
2 0.159847 0.591502
2 0.165284 0.67079
1 0.161416 0.722091
2 0.163716 0.734488
0 0.160546 0.762451
1 0.164414 0.832512
1 0.167986 0.0109969
0 0.168826 0.0830828
1 0.166431 0.0975474
1 0.166858 0.190666
1 0.166991 0.227782
1 0.171071 0.253056
2 0.171494 0.280806
2 0.16674 0.311623
2 0.166118 0.35935
2 0.165791 0.373162
2 0.167266 0.397591
2 0.167271 0.51503
1 0.166753 0.551112
2 0.16638 0.580885
2 0.166826 0.607104
2 0.170965 0.625225
2 0.169466 0.685178
2 0.165778 0.700982
1 0.171234 0.744694
0 0.16988 0.808269
1 0.167986 0.856294
1 0.166917 0.938341
1 0.175763 0.0541178
1 0.174662 0.129985
1 0.175133 0.302507
2 0.173168 0.33466
1 0.17589 0.369209
2 0.174412 0.385673
1 0.176806 0.408647
2 0.172749 0.41919
2 0.172832 0.459593
2 0.173266 0.483734
2 0.172151 0.502714
1 0.176758 0.52813
1 0.175257 0.570663
2 0.174846 0.64239
2 0.172268 0.656097
2 0.17784 0.760983
1 0.174482 0.777788
1 0.179171 0.110485
1 0.182746 0.165401
1 0.180034 0.20875
2 0.183162 0.258387
1 0.181085 0.273563
2 0.181386 0.318461
2 0.181431 0.344466
2 0.183679 0.362234
2 0.183635 0.435822
0 0.178856 0.446343
2 0.181782 0.468113
2 0.183095 0.537334
2 0.178535 0.556428
2 0.178637 0.586044
1 0.179198 0.602299
1 0.18262 0.687445
2 0.179523 0.70952
2 0.18372 0.730263
2 0.17907 0.790002
1 0.183672 0.871017
1 0.18337 0.890231
1 0.179756 0.918393
1 0.179905 0.97972
1 0.189379 0.00686808
1 0.184354 0.033526
1 0.189699 0.0720064
0 0.185566 0.187612
1 0.188236 0.231709
2 0.186205 0.286763
2 0.189088 0.405606
2 0.186635 0.42268
2 0.187156 0.453941
1 0.186533 0.505212
2 0.186602 0.54887
2 0.189237 0.593862
2 0.184927 0.614102
2 0.184222 0.630794
2 0.184298 0.667686
1 0.192225 0.0938058
0 0.195235 0.149649
0 0.1947 0.25606
2 0.194625 0.309269
1 0.19241 0.325236
2 0.195563 0.365623
2 0.19472 0.379733
2 0.193638 0.392726
2 0.195824 0.434094
2 0.192563 0.466145
1 0.190331 0.482713
2 0.19182 0.49504
2 0.190428 0.513883
2 0.195479 0.529828
2 0.191707 0.572672
2 0.194317 0.607232
2 0.195677 0.620685
2 0.194224 0.645337
1 0.193911 0.662059
2 0.195648 0.676414
2 0.191405 0.69629
2 0.19545 0.741667
2 0.194831 0.767121
2 0.190214 0.82923
0 0.192557 0.907798
1 0.192971 0.933796
1 0.192604 0.958145
2 0.200763 0.0180782
1 0.202161 0.045144
1 0.201117 0.211161
2 0.199971 0.280497
1 0.196782 0.291646
2 0.198625 0.335436
2 0.199608 0.347324
2 0.199353 0.409315
2 0.198661 0.446156
1 0.202409 0.465348
2 0.198889 0.476614
2 0.198211 0.506132
0 0.200364 0.515317
1 0.19905 0.546982
2 0.20168 0.557816
2 0.197768 0.582759
2 0.200439 0.59401
2 0.19972 0.631539
2 0.197987 0.712254
2 0.197091 0.726538
1 0.200123 0.755663
2 0.196802 0.793132
1 0.200575 0.809518
1 0.196546 0.85568
1 0.202101 0.891453
1 0.204095 0.113165
1 0.204856 0.130541
1 0.205413 0.185444
2 0.206221 0.250122
2 0.208505 0.292409
2 0.204718 0.319362
2 0.207855 0.375704
0 0.205894 0.391641
2 0.206631 0.422691
2 0.20285 0.495247
2 0.207465 0.538582
0 0.206494 0.571695
2 0.206904 0.609832
2 0.204519 0.662786
1 0.207623 0.689721
2 0.20846 0.700536
0 0.20757 0.721343
2 0.208441 0.732443
0 0.203978 0.782851
1 0.20414 0.872095
1 0.207112 0.916425
1 0.208695 0.00169916
1 0.212124 0.0673882
1 0.209858 0.091957
1 0.211176 0.238444
1 0.210111 0.266599
1 0.20868 0.309147
1 0.2107 0.409879
1 0.213137 0.429679
2 0.209353 0.44879
2 0.213834 0.468718
2 0.209988 0.481204
1 0.211826 0.495605
2 0.208851 0.510838
2 0.209367 0.526659
2 0.21101 0.622439
1 0.213224 0.643757
2 0.211895 0.757406
1 0.211594 0.97049
2 0.220333 0.218254
2 0.220179 0.252939
2 0.215077 0.276248
0 0.214805 0.335096
2 0.214786 0.355783
1 0.220655 0.36568
2 0.218598 0.40242
2 0.219304 0.438261
2 0.21988 0.510732
1 0.218999 0.532186
2 0.216029 0.548735
2 0.218525 0.566862
1 0.21483 0.599749
2 0.216881 0.632572
2 0.217789 0.653412
2 0.217572 0.665465
2 0.215559 0.683351
2 0.219581 0.696198
2 0.216947 0.711787
2 0.2164 0.743168
2 0.216035 0.810275
1 0.219699 0.831256
2 0.218455 0.860692
1 0.226147 0.00331208
1 0.226324 0.0297085
1 0.223832 0.109637
1 0.223288 0.15999
1 0.222069 0.181287
1 0.222861 0.293605
2 0.222264 0.310995
2 0.221053 0.322876
2 0.222289 0.344631
2 0.222251 0.376996
2 0.223412 0.387673
2 0.225837 0.426351
1 0.221448 0.459965
2 0.225129 0.470854
2 0.224895 0.525671
2 0.226115 0.540306
2 0.224357 0.55524
2 0.225935 0.583058
2 0.223484 0.613199
2 0.226212 0.677857
2 0.221697 0.727539
1 0.224604 0.759528
2 0.225598 0.772854
1 0.224967 0.89585
0 0.221422 0.946808
1 0.227939 0.0556459
1 0.228256 0.140945
1 0.227174 0.20572
2 0.23046 0.236771
2 0.228417 0.334376
2 0.231633 0.403897
0 0.229327 0.445323
1 0.228557 0.481352
2 0.227863 0.498909
2 0.23121 0.565867
2 0.230266 0.605543
2 0.227284 0.628855
2 0.230735 0.640126
2 0.230491 0.658668
2 0.230496 0.691483
1 0.227115 0.716081
2 0.2296 0.798927
0 0.229574 0.816376
0 0.2272 0.881078
1 0.229104 0.928696
2 0.237816 0.251971
2 0.233745 0.270186
2 0.23699 0.315192
2 0.239063 0.341536
2 0.235553 0.374119
1 0.234787 0.394227
2 0.238435 0.412488
2 0.237548 0.423996
2 0.234428 0.460126
2 0.237863 0.476682
2 0.235596 0.522496
1 0.236696 0.5449
2 0.236684 0.557342
2 0.235947 0.581117
2 0.237308 0.597721
0 0.233447 0.621204
2 0.238951 0.63058
0 0.238677 0.667449
2 0.234345 0.705344
2 0.235919 0.727308
2 0.233614 0.740604
2 0.236516 0.754134
1 0.234939 0.787664
2 0.238433 0.832456
1 0.241221 0.0152011
0 0.243515 0.09066
1 0.24336 0.129299
1 0.241379 0.170607
2 0.243402 0.219686
1 0.24255 0.237534
0 0.24492 0.266585
2 0.24163 0.290229
1 0.239972 0.305076
1 0.245394 0.324772
2 0.243077 0.359235
2 0.23941 0.385568
1 0.242609 0.43213
2 0.240616 0.443826
1 0.243617 0.467616
2 0.245362 0.49367
2 0.242361 0.506023
1 0.244052 0.519779
2 0.245157 0.549015
1 0.239924 0.568994
2 0.24015 0.644302
2 0.241259 0.677799
2 0.241101 0.775408
1 0.239655 0.868379
0 0.244497 0.978477
0 0.24882 0.143576
0 0.247351 0.191426
2 0.24646 0.277946
2 0.250472 0.299019
2 0.251066 0.34572
2 0.247806 0.373828
2 0.249712 0.394747
1 0.248299 0.409562
2 0.248497 0.422895
2 0.249999 0.526267
2 0.249087 0.536181
1 0.247916 0.594123
2 0.248509 0.610147
2 0.246233 0.62218
1 0.249747 0.637368
2 0.246897 0.657268
2 0.247942 0.667951
2 0.246759 0.689214
2 0.251305 0.69909
2 0.248365 0.716384
2 0.247534 0.728629
1 0.251204 0.752293
0 0.249606 0.768764
1 0.247299 0.807619
1 0.24544 0.849264
1 0.251322 0.883
2 0.24738 0.911421
1 0.251502 0.927999
1 0.246611 0.955894
1 0.256133 0.155418
2 0.253693 0.178598
2 0.255723 0.208138
0 0.25758 0.223852
2 0.252204 0.253091
2 0.255736 0.309277
2 0.254749 0.32428
1 0.252174 0.363586
2 0.256479 0.415825
2 0.256127 0.428883
2 0.256189 0.442003
2 0.25495 0.457785
2 0.251804 0.467471
2 0.254875 0.480893
2 0.255058 0.494128
0 0.253175 0.506138
2 0.255078 0.514821
2 0.254224 0.559678
2 0.252947 0.577087
2 0.257103 0.603715
2 0.257085 0.673645
1 0.255329 0.710042
2 0.253141 0.741517
2 0.256813 0.790328
2 0.253815 0.839777
0 0.259118 0.0393328
1 0.261208 0.0727493
1 0.262518 0.0986728
2 0.262588 0.23371
1 0.259478 0.244738
2 0.258356 0.27582
1 0.260426 0.28957
1 0.2629 0.315954
2 0.260502 0.335945
2 0.262064 0.348543
1 0.258934 0.38397
2 0.260321 0.393593
0 0.263727 0.421969
1 0.260585 0.4752
2 0.263756 0.499916
2 0.263693 0.522941
2 0.259431 0.54676
2 0.263423 0.581145
2 0.260724 0.59382
2 0.262022 0.626355
2 0.261558 0.64321
2 0.262832 0.653206
1 0.261153 0.664332
2 0.260291 0.717755
2 0.259661 0.810909
1 0.260825 0.827392
1 0.263418 0.910953
1 0.260505 0.99759
1 0.268084 0.0204838
1 0.26421 0.173547
1 0.267659 0.19639
2 0.265324 0.264425
2 0.264565 0.301121
2 0.265135 0.361904
2 0.267764 0.377816
2 0.265203 0.402326
2 0.266131 0.414132
2 0.265401 0.435091
1 0.268775 0.442199
2 0.265316 0.454803
2 0.266444 0.513915
2 0.268107 0.531606
0 0.266258 0.55287
2 0.268346 0.561081
2 0.265789 0.569997
1 0.2646 0.613801
2 0.269275 0.633478
2 0.26727 0.675661
1 0.265097 0.686255
2 0.267913 0.698648
0 0.264117 0.727184
2 0.267053 0.750922
2 0.265102 0.766293
1 0.26452 0.776344
2 0.269733 0.784763
0 0.266892 0.866078
1 0.267264 0.940715
1 0.267766 0.962343
2 0.270916 0.137585
2 0.270534 0.219015
2 0.272787 0.246549
1 0.272351 0.275067
2 0.270067 0.284122
2 0.275218 0.294444
2 0.272163 0.309118
2 0.273969 0.324215
0 0.270398 0.336429
2 0.273535 0.344952
2 0.27296 0.394448
2 0.275014 0.408801
2 0.271127 0.425953
2 0.275481 0.449825
2 0.272039 0.463177
2 0.271673 0.490334
2 0.275814 0.510053
2 0.274917 0.549929
2 0.273552 0.597876
2 0.271817 0.609369
2 0.272752 0.65871
2 0.272458 0.717154
2 0.271982 0.735765
2 0.272462 0.805255
2 0.270717 0.847689
1 0.270683 0.877406
1 0.272059 0.895021
1 0.280379 0.0460202
1 0.276161 0.117797
2 0.279019 0.158776
2 0.276756 0.18124
1 0.281514 0.206657
2 0.278367 0.2332
1 0.278194 0.257346
2 0.280561 0.268247
2 0.281008 0.285326
2 0.281653 0.302927
1 0.281753 0.315415
1 0.276845 0.373443
2 0.281943 0.391092
2 0.27953 0.420088
2 0.27816 0.441267
2 0.2768 0.470938
1 0.278752 0.478382
1 0.277479 0.49764
1 0.277974 0.527436
2 0.281441 0.538423
2 0.2786 0.57953
1 0.27658 0.588712
2 0.27911 0.633887
1 0.280249 0.6473
2 0.281626 0.666228
2 0.278813 0.700867
2 0.28114 0.726718
2 0.281642 0.74314
2 0.279398 0.756314
2 0.277848 0.81732
2 0.283663 0.196949
0 0.285427 0.294536
2 0.283685 0.347173
2 0.282427 0.357866
2 0.285765 0.373765
2 0.283575 0.403601
1 0.288199 0.410371
2 0.283004 0.433049
1 0.287854 0.458278
2 0.287558 0.485898
2 0.283585 0.50509
2 0.285141 0.51873
2 0.287919 0.527871
2 0.284283 0.553279
2 0.284544 0.566749
2 0.287652 0.589552
2 0.283502 0.606089
2 0.284114 0.615283
0 0.284723 0.677286
2 0.287594 0.690597
2 0.285697 0.78099
1 0.282355 0.797881
2 0.285988 0.807092
0 0.284968 0.834219
2 0.287402 0.849018
2 0.286825 0.879308
0 0.285134 0.895535
1 0.287959 0.915632
1 0.285781 0.976467
1 0.284223 0.999375
1 0.289252 0.0908777
0 0.292946 0.130099
2 0.290238 0.142909
2 0.293106 0.182134
2 0.289681 0.221913
0 0.294451 0.232378
2 0.290319 0.254235
1 0.289123 0.277561
2 0.292002 0.304911
2 0.29315 0.325073
2 0.289625 0.336312
1 0.291011 0.352656
2 0.289653 0.39659
2 0.289041 0.424467
2 0.292476 0.451687
2 0.292556 0.471728
2 0.291224 0.512708
2 0.292355 0.545438
1 0.290149 0.559498
2 0.289647 0.579301
2 0.291597 0.59752
2 0.291859 0.620597
2 0.290632 0.63318
2 0.288453 0.6518
2 0.292701 0.661694
1 0.290401 0.700407
2 0.290521 0.71506
1 0.291083 0.7488
2 0.288648 0.76883
2 0.29135 0.821471
1 0.290341 0.931949
0 0.292988 0.954914
2 0.297308 0.16526
1 0.296866 0.214066
2 0.295994 0.242618
2 0.294965 0.267399
2 0.296737 0.291034
2 0.299606 0.314295
2 0.298639 0.34722
2 0.296608 0.386568
2 0.299476 0.402496
2 0.297812 0.411781
2 0.297145 0.433659
2 0.294862 0.44196
2 0.300288 0.466453
2 0.295642 0.491185
1 0.296113 0.505308
1 0.298558 0.523897
2 0.295853 0.533191
2 0.297877 0.556058
2 0.297105 0.566346
2 0.299014 0.575777
2 0.296629 0.587666
1 0.29984 0.599593
2 0.298355 0.608961
2 0.299104 0.648919
2 0.29919 0.670316
2 0.297672 0.682748
2 0.296222 0.729416
2 0.297879 0.786845
0 0.29867 0.79943
1 0.294623 0.868331
1 0.299362 0.988394
1 0.30503 0.111697
1 0.30204 0.148101
1 0.303423 0.190837
2 0.306041 0.206944
2 0.30439 0.283
1 0.303828 0.301868
0 0.306734 0.327932
2 0.305536 0.338165
2 0.306064 0.353628
0 0.301165 0.367112
0 0.306716 0.414385
2 0.305261 0.427854
2 0.306225 0.459707
2 0.300826 0.478013
0 0.303587 0.485944
2 0.305106 0.49851
2 0.301764 0.513454
2 0.305938 0.531063
2 0.301154 0.544747
2 0.30605 0.59243
2 0.302328 0.619364
1 0.304786 0.627312
2 0.306468 0.639943
2 0.305256 0.713905
1 0.305379 0.725099
2 0.30522 0.736523
2 0.302656 0.757268
1 0.303941 0.776276
2 0.301151 0.836386
2 0.302889 0.852378
2 0.30646 0.872299
1 0.300638 0.886861
2 0.305518 0.908167
1 0.306097 0.944225
1 0.308171 0.0178335
1 0.309573 0.0522734
2 0.307702 0.0775705
2 0.307917 0.127551
0 0.308826 0.172025
2 0.312878 0.183281
2 0.309073 0.224254
1 0.309384 0.236064
2 0.307447 0.247383
1 0.310452 0.257757
2 0.309571 0.270515
2 0.31008 0.30832
2 0.312722 0.318203
2 0.30704 0.37441
1 0.310198 0.382327
2 0.30818 0.399823
2 0.311938 0.421529
1 0.307154 0.436757
2 0.309978 0.446316
2 0.310791 0.476759
2 0.310469 0.510408
2 0.311665 0.543374
2 0.311567 0.562621
2 0.308228 0.57298
2 0.308707 0.583775
2 0.308361 0.610814
1 0.309953 0.660259
2 0.310132 0.671093
2 0.306796 0.690853
2 0.308683 0.703803
0 0.307225 0.747835
2 0.312575 0.767822
2 0.310188 0.789026
1 0.31006 0.813258
1 0.31118 0.833636
1 0.309236 0.921296
1 0.306974 0.962083
2 0.315608 0.145975
1 0.316461 0.219133
2 0.318812 0.231692
2 0.314686 0.292487
2 0.316835 0.343933
1 0.317623 0.352247
2 0.313703 0.366058
2 0.313778 0.431493
2 0.316503 0.440219
2 0.314617 0.459899
1 0.3179 0.479581
2 0.314908 0.48751
2 0.31409 0.496616
2 0.31883 0.508372
2 0.31885 0.528151
1 0.314217 0.552556
2 0.316768 0.573169
2 0.31681 0.595275
2 0.317984 0.6228
2 0.318374 0.637211
2 0.314357 0.652645
2 0.318593 0.675434
1 0.317913 0.690207
2 0.318493 0.700545
2 0.314798 0.731964
2 0.31536 0.752099
2 0.316271 0.805945
1 0.318795 0.866656
2 0.31681 0.885334
1 0.316006 0.975649
1 0.318636 0.992415
2 0.323837 0.160759
1 0.324951 0.187465
2 0.322314 0.206478
2 0.319394 0.2534
2 0.322683 0.263782
2 0.320396 0.274254
1 0.319249 0.283573
1 0.324415 0.303217
2 0.323761 0.313591
2 0.319322 0.331386
2 0.320854 0.383917
1 0.323543 0.396262
2 0.320942 0.409133
2 0.320411 0.423866
2 0.324439 0.43446
2 0.32358 0.452172
1 0.323951 0.497443
2 0.321468 0.517251
2 0.320922 0.538951
2 0.324624 0.546582
2 0.321675 0.55934
1 0.324834 0.574183
2 0.320827 0.586477
2 0.32477 0.612093
2 0.324859 0.62797
2 0.320164 0.664954
1 0.320453 0.714462
2 0.324704 0.722524
2 0.324792 0.741147
2 0.324998 0.762832
2 0.32116 0.778622
0 0.320614 0.848616
1 0.322843 0.897187
1 0.324078 0.928956
1 0.324277 0.95277
1 0.325741 0.0329109
1 0.326542 0.11073
2 0.328633 0.222959
1 0.326879 0.244455
2 0.330401 0.25618
2 0.32911 0.293189
1 0.328485 0.326589
2 0.329762 0.341617
2 0.331004 0.350703
2 0.326627 0.358754
1 0.328472 0.371105
1 0.327966 0.424454
0 0.329322 0.445465
1 0.326632 0.46476
2 0.328755 0.475903
2 0.327306 0.484089
2 0.330294 0.513535
2 0.330578 0.590392
0 0.326778 0.59783
2 0.326751 0.64445
2 0.326525 0.691174
2 0.325916 0.707316
1 0.326182 0.750787
1 0.330233 0.786413
1 0.329014 0.802832
2 0.326315 0.828648
2 0.330903 0.842553
1 0.326917 0.881107
0 0.325704 0.909086
1 0.333479 0.0721584
2 0.333721 0.122128
1 0.332846 0.146524
1 0.335069 0.171419
2 0.335706 0.199555
1 0.333765 0.215839
2 0.335228 0.270439
2 0.333374 0.306311
2 0.335741 0.32229
2 0.336142 0.334087
2 0.337422 0.368939
2 0.335112 0.38574
2 0.337126 0.394302
2 0.332685 0.405666
2 0.331339 0.414987
2 0.333118 0.429878
2 0.33274 0.45703
2 0.336149 0.46872
2 0.333537 0.494818
0 0.331419 0.523669
2 0.333019 0.539324
2 0.336596 0.548061
2 0.333105 0.55526
2 0.33507 0.564223
2 0.33545 0.579572
2 0.337303 0.601669
2 0.333971 0.612216
1 0.335444 0.624666
2 0.333193 0.638792
2 0.336598 0.649524
2 0.332028 0.657252
2 0.333462 0.671007
2 0.335753 0.688176
2 0.336221 0.731723
2 0.336603 0.74486
1 0.334191 0.770108
2 0.335498 0.817998
1 0.335897 0.8316
2 0.336483 0.862904
2 0.334243 0.893008
1 0.334148 0.966012
0 0.342377 0.0165845
1 0.343047 0.0471498
2 0.339765 0.157112
2 0.338449 0.185624
2 0.341037 0.210606
2 0.343157 0.230696
2 0.339465 0.244666
2 0.339365 0.284509
1 0.339772 0.293937
2 0.343014 0.315185
1 0.34085 0.344734
2 0.342404 0.36021
2 0.341426 0.404116
2 0.342232 0.428049
2 0.339362 0.439941
2 0.339575 0.48045
1 0.342481 0.48719
2 0.337545 0.508648
2 0.337954 0.517258
2 0.343173 0.533955
2 0.343092 0.555518
2 0.342328 0.575075
2 0.338426 0.587864
2 0.341102 0.618611
2 0.343351 0.62895
2 0.341434 0.665942
2 0.340123 0.696539
2 0.338254 0.712187
2 0.339816 0.756905
2 0.342177 0.786746
2 0.338391 0.79935
1 0.341907 0.903576
0 0.338857 0.949222
1 0.339867 0.991985
2 0.348857 0.174053
1 0.347698 0.188546
0 0.348272 0.24761
2 0.345702 0.25609
2 0.347956 0.274938
2 0.347677 0.303763
2 0.344775 0.330789
2 0.346147 0.351281
1 0.347527 0.385944
2 0.345601 0.39401
1 0.349373 0.419845
2 0.347448 0.445514
2 0.343595 0.46168
2 0.345131 0.495646
2 0.346832 0.504894
2 0.346432 0.51751
2 0.348413 0.526783
1 0.346469 0.543556
2 0.345307 0.56482
2 0.349576 0.590987
2 0.347414 0.611544
0 0.344014 0.645029
2 0.343858 0.656998
2 0.344845 0.679976
0 0.34676 0.715175
2 0.346555 0.734103
2 0.349591 0.752604
2 0.347395 0.764781
1 0.344933 0.816181
2 0.344909 0.837131
2 0.347139 0.879001
1 0.345008 0.926015
1 0.354139 0.0841957
2 0.353099 0.127176
0 0.353834 0.207585
0 0.351221 0.283688
1 0.355099 0.318809
2 0.354292 0.342131
2 0.354161 0.359718
2 0.353534 0.370957
2 0.350792 0.402236
2 0.354679 0.409749
2 0.352257 0.431865
1 0.350832 0.438829
2 0.351518 0.457522
2 0.352421 0.46985
2 0.355504 0.481106
2 0.35017 0.487848
2 0.355598 0.510791
1 0.355099 0.522121
2 0.355241 0.540861
2 0.351634 0.549045
2 0.354741 0.55633
2 0.351272 0.575802
2 0.350812 0.603061
2 0.351337 0.62113
2 0.354712 0.63727
2 0.351204 0.648007
1 0.351281 0.669256
2 0.351302 0.686478
2 0.354675 0.705082
2 0.355004 0.714825
2 0.350073 0.724361
1 0.352086 0.740578
1 0.355243 0.769161
2 0.350168 0.777781
2 0.352807 0.791847
2 0.35144 0.806131
1 0.349843 0.845633
2 0.352016 0.861672
1 0.353031 0.940533
1 0.352216 0.958317
0 0.351755 0.978416
1 0.356453 0.114944
0 0.3571 0.138264
1 0.356287 0.158438
2 0.360161 0.187845
2 0.356145 0.226856
2 0.35675 0.237843
2 0.359844 0.25733
1 0.360363 0.267427
2 0.359199 0.280748
2 0.358613 0.292209
1 0.356342 0.300242
2 0.360634 0.312655
1 0.361516 0.354503
2 0.361586 0.380955
2 0.359892 0.399587
2 0.358246 0.41863
2 0.360939 0.440993
1 0.358134 0.453726
2 0.360322 0.490945
2 0.357146 0.503025
2 0.357409 0.5302
2 0.360681 0.547581
2 0.361504 0.562653
2 0.357398 0.593117
2 0.360064 0.607762
2 0.356551 0.654914
2 0.35883 0.666001
2 0.361824 0.678559
1 0.358893 0.689943
2 0.361301 0.740117
1 0.358418 0.798986
2 0.35585 0.823187
2 0.359894 0.847842
1 0.356554 0.887439
2 0.359578 0.902749
1 0.358604 0.915513
1 0.364876 0.00349844
1 0.363642 0.0236191
2 0.364107 0.100344
2 0.368078 0.132556
2 0.366186 0.170683
2 0.364157 0.199353
2 0.362606 0.212266
2 0.367825 0.234349
2 0.367086 0.299132
2 0.363442 0.322836
2 0.365009 0.33611
0 0.363005 0.372948
1 0.364496 0.392759
0 0.364593 0.412324
2 0.366366 0.426662
1 0.366657 0.469102
2 0.364166 0.478342
1 0.366221 0.486881
2 0.365765 0.502625
2 0.362082 0.521854
2 0.367266 0.538358
0 0.363909 0.576562
2 0.363105 0.585759
1 0.36375 0.615975
2 0.367171 0.625809
2 0.362181 0.632498
2 0.362735 0.644834
2 0.364837 0.653542
2 0.364016 0.697
2 0.362236 0.722821
1 0.365383 0.754077
2 0.366973 0.80547
0 0.367358 0.86203
2 0.364256 0.877887
0 0.364467 0.927354
1 0.367326 0.952464
2 0.372982 0.0637534
1 0.373654 0.148513
2 0.36872 0.250956
2 0.37353 0.272264
2 0.371641 0.284499
2 0.373087 0.313649
2 0.373468 0.328138
2 0.372422 0.348186
2 0.368867 0.358254
2 0.372563 0.366689
2 0.369225 0.398854
2 0.369832 0.442721
2 0.368759 0.45618
2 0.374022 0.472248
2 0.373766 0.480223
2 0.370425 0.511092
2 0.369622 0.523877
2 0.369729 0.553532
2 0.370864 0.562623
2 0.370527 0.582265
2 0.37107 0.594434
2 0.369136 0.607476
2 0.37418 0.63106
2 0.371764 0.682331
2 0.372732 0.694211
2 0.372547 0.70337
2 0.371731 0.714299
2 0.36825 0.762754
2 0.36997 0.776228
0 0.371286 0.789394
2 0.36817 0.830383
1 0.370028 0.8442
1 0.373096 0.892865
1 0.376199 0.0438877
1 0.379487 0.0835521
0 0.377819 0.102726
2 0.380098 0.17959
1 0.380324 0.189967
2 0.374477 0.206423
1 0.377015 0.217381
2 0.380228 0.228461
1 0.38008 0.264539
2 0.376256 0.302123
0 0.377787 0.320908
2 0.37879 0.341283
2 0.376772 0.375122
2 0.379524 0.385954
2 0.377835 0.396007
2 0.375666 0.407253
2 0.374249 0.419956
2 0.374882 0.429662
1 0.380353 0.436869
2 0.377563 0.446993
2 0.376071 0.460122
2 0.378796 0.486437
2 0.376128 0.49504
2 0.378539 0.505646
1 0.378476 0.515562
2 0.379203 0.522913
2 0.375682 0.536771
2 0.376081 0.575108
2 0.379488 0.582327
2 0.378639 0.607235
2 0.377248 0.615892
2 0.375932 0.644229
2 0.374263 0.661652
0 0.379043 0.676661
2 0.380077 0.687482
2 0.380308 0.710391
2 0.374631 0.728771
2 0.376049 0.738491
2 0.376044 0.751592
2 0.378417 0.768608
2 0.379523 0.786126
1 0.377454 0.805686
2 0.377032 0.81623
0 0.378506 0.828144
2 0.37714 0.851495
2 0.378869 0.876719
1 0.376352 0.927461
1 0.377394 0.984547
2 0.383837 0.0223542
2 0.382 0.139391
1 0.381711 0.239994
2 0.385087 0.25322
2 0.380379 0.280717
2 0.38384 0.330566
2 0.382887 0.353353
2 0.38073 0.36342
1 0.383766 0.371519
2 0.386457 0.397092
2 0.382455 0.418638
2 0.383946 0.426819
2 0.384828 0.464731
2 0.380601 0.476212
2 0.385865 0.491193
0 0.381795 0.49911
1 0.385586 0.532951
2 0.380612 0.549951
2 0.38061 0.563472
1 0.384822 0.573797
2 0.382034 0.589961
2 0.382823 0.599498
1 0.381637 0.629723
1 0.382178 0.652773
2 0.38171 0.70174
2 0.385654 0.736775
1 0.383677 0.748012
2 0.385658 0.75736
1 0.385874 0.773543
2 0.385185 0.837843
1 0.38565 0.863179
2 0.385287 0.90019
1 0.38099 0.912262
1 0.380499 0.968127
2 0.391297 0.10714
1 0.387924 0.122951
2 0.387801 0.161029
2 0.389434 0.188706
2 0.391125 0.223118
2 0.389572 0.273749
1 0.390595 0.285246
2 0.388685 0.298535
1 0.389555 0.30789
2 0.389777 0.322921
2 0.387292 0.339182
2 0.390557 0.376448
2 0.386831 0.40716
2 0.387588 0.433618
2 0.387527 0.451993
2 0.391001 0.473538
2 0.389964 0.481935
2 0.390267 0.503332
2 0.386581 0.51256
2 0.390345 0.526046
2 0.386526 0.544771
2 0.387705 0.552739
2 0.387978 0.560937
2 0.391291 0.618921
2 0.391316 0.628499
2 0.386698 0.63629
2 0.387213 0.646827
2 0.392241 0.662221
2 0.387406 0.672436
2 0.389427 0.695748
0 0.387134 0.71936
2 0.388874 0.792801
2 0.387236 0.810004
2 0.392146 0.855414
1 0.386626 0.944816
1 0.397906 0.0615981
2 0.397327 0.134796
0 0.393722 0.173637
2 0.397705 0.19787
1 0.3929 0.20715
2 0.396664 0.240854
2 0.395337 0.251577
0 0.395531 0.26293
2 0.398531 0.299533
2 0.397138 0.310625
1 0.398083 0.344781
2 0.396769 0.353931
2 0.395429 0.367613
2 0.39529 0.388274
1 0.396484 0.402551
2 0.396802 0.413237
1 0.39292 0.425535
2 0.397977 0.439806
2 0.396555 0.455249
2 0.392671 0.464725
2 0.395795 0.495771
2 0.394213 0.510583
2 0.394025 0.519047
2 0.39425 0.53286
2 0.395995 0.541541
2 0.397733 0.555544
2 0.393697 0.579529
2 0.395474 0.59488
0 0.395373 0.606971
2 0.394602 0.636706
2 0.395667 0.649844
1 0.395664 0.668891
2 0.393583 0.684591
2 0.398085 0.697335
1 0.396399 0.705451
2 0.395063 0.728687
2 0.398735 0.756995
2 0.394463 0.775911
2 0.396726 0.822888
2 0.395648 0.876883
1 0.394448 0.893711
1 0.396559 0.966425
0 0.395896 0.988448
1 0.398819 0.00368583
1 0.40316 0.102009
2 0.401825 0.155301
1 0.403924 0.188478
2 0.400757 0.212293
2 0.404283 0.259608
2 0.403694 0.273996
2 0.401063 0.286191
2 0.404547 0.323201
2 0.403242 0.334612
0 0.403644 0.368686
2 0.399333 0.376764
2 0.404783 0.385733
2 0.40181 0.395159
2 0.401183 0.420663
2 0.399513 0.43073
2 0.403021 0.464873
1 0.399976 0.475609
2 0.404409 0.486757
2 0.399012 0.502909
2 0.399822 0.528057
2 0.403119 0.545052
2 0.399906 0.568544
1 0.401689 0.586899
2 0.404428 0.597697
2 0.401767 0.610904
2 0.401426 0.618999
1 0.400349 0.643899
2 0.403929 0.651591
2 0.399341 0.676719
2 0.400136 0.716983
2 0.400063 0.743959
2 0.403523 0.769291
2 0.398799 0.806708
2 0.399549 0.839338
0 0.402079 0.868219
2 0.404094 0.898723
0 0.400078 0.909289
1 0.401394 0.922514
0 0.403904 0.948205
0 0.405691 0.0469269
2 0.408014 0.0897455
2 0.408857 0.120255
1 0.40834 0.136881
1 0.40939 0.169947
2 0.408923 0.219831
2 0.410497 0.289438
1 0.407106 0.297892
2 0.410824 0.311575
2 0.409927 0.341004
2 0.410201 0.373745
2 0.408495 0.410105
2 0.406858 0.433334
0 0.405683 0.444235
2 0.406596 0.456935
2 0.408256 0.477761
2 0.405372 0.494478
2 0.408244 0.512812
2 0.407067 0.52202
2 0.408787 0.532679
2 0.406982 0.555676
2 0.408002 0.57253
2 0.409307 0.58017
1 0.407436 0.626704
2 0.407111 0.663439
1 0.405348 0.686352
2 0.405437 0.708366
2 0.406018 0.724229
2 0.408039 0.734432
1 0.405806 0.782611
2 0.406765 0.792242
1 0.408315 0.807856
1 0.406169 0.846851
1 0.410884 0.883679
1 0.409667 0.936855
2 0.416538 0.176453
2 0.414575 0.192779
2 0.415977 0.211835
1 0.411582 0.230373
2 0.412213 0.246487
2 0.415605 0.25694
1 0.411382 0.265981
2 0.412569 0.278755
2 0.416583 0.298981
2 0.413251 0.325918
2 0.411952 0.350498
2 0.412328 0.360222
1 0.414017 0.381271
2 0.416317 0.392707
2 0.412105 0.42045
2 0.415662 0.429886
2 0.41248 0.471169
2 0.413326 0.485504
2 0.414033 0.493531
1 0.412402 0.503908
0 0.415231 0.534426
2 0.41192 0.5642
2 0.41685 0.584351
2 0.411174 0.60494
2 0.41175 0.616602
2 0.412565 0.63426
2 0.411361 0.645284
1 0.415319 0.66252
2 0.412714 0.671254
2 0.412901 0.701172
2 0.413415 0.712423
1 0.415934 0.720555
2 0.414332 0.755093
1 0.414054 0.763613
2 0.416466 0.786224
2 0.415476 0.799814
2 0.413402 0.830599
2 0.413762 0.867044
2 0.414342 0.920785
1 0.414944 0.952919
1 0.421072 0.0224116
1 0.419354 0.0593184
2 0.418914 0.131325
1 0.422562 0.153963
2 0.422971 0.165598
1 0.418354 0.201869
2 0.4221 0.221211
2 0.420502 0.231768
2 0.419239 0.2701
2 0.421988 0.28401
0 0.417391 0.317587
2 0.421739 0.327414
2 0.420803 0.337064
1 0.418652 0.344312
2 0.42142 0.365829
2 0.421828 0.377203
2 0.420223 0.386166
2 0.422785 0.400315
1 0.42149 0.410867
2 0.420033 0.417802
2 0.420107 0.45242
2 0.41799 0.465973
1 0.419924 0.477737
2 0.419337 0.50874
2 0.417922 0.523011
2 0.420165 0.540735
2 0.421517 0.552025
2 0.422167 0.562807
1 0.418559 0.571553
2 0.42075 0.597874
2 0.418652 0.607256
2 0.422861 0.616498
2 0.417652 0.623225
2 0.418169 0.640487
2 0.417287 0.651097
2 0.42256 0.66069
2 0.419123 0.680881
2 0.422968 0.692218
0 0.421809 0.702693
2 0.417937 0.736852
2 0.420213 0.746744
2 0.422863 0.761313
2 0.420699 0.774153
2 0.417785 0.817378
2 0.419358 0.841327
2 0.419289 0.90317
1 0.420845 0.991159
2 0.426343 0.0839399
1 0.423785 0.104503
1 0.429311 0.174278
2 0.425828 0.186631
2 0.429341 0.206547
2 0.4239 0.247304
1 0.424843 0.294571
2 0.42601 0.314621
2 0.424065 0.356959
2 0.429406 0.379891
2 0.428436 0.387563
2 0.428262 0.41814
1 0.428143 0.428896
2 0.423769 0.434108
2 0.424596 0.442448
2 0.423627 0.486389
2 0.428479 0.492097
2 0.423551 0.49904
2 0.425307 0.513522
2 0.426073 0.521195
2 0.425511 0.531994
2 0.427724 0.567854
2 0.423809 0.590549
2 0.427693 0.622776
2 0.427751 0.636645
1 0.423625 0.647336
2 0.424337 0.674506
2 0.425399 0.712203
2 0.42542 0.726204
1 0.429208 0.746467
1 0.423701 0.791816
2 0.427984 0.810838
2 0.427317 0.826104
2 0.423536 0.853193
2 0.427297 0.877981
1 0.426596 0.966253
1 0.434933 0.0718759
2 0.434572 0.114173
1 0.431052 0.127327
2 0.435491 0.152793
2 0.432352 0.226374
0 0.43269 0.2377
2 0.431508 0.254799
1 0.43382 0.267024
2 0.432263 0.277561
2 0.433044 0.302944
1 0.433081 0.321734
2 0.434104 0.333133
2 0.431184 0.345763
2 0.435166 0.355742
1 0.430453 0.371892
2 0.431886 0.405216
2 0.432977 0.444905
2 0.429975 0.453221
2 0.429926 0.462767
2 0.432425 0.470327
2 0.429932 0.481753
2 0.435383 0.503473
2 0.435528 0.512623
2 0.434329 0.519958
2 0.431181 0.541102
2 0.429779 0.556249
2 0.430159 0.58347
2 0.435118 0.605626
2 0.430331 0.611574
2 0.434599 0.626128
2 0.431862 0.645362
2 0.4316 0.65986
2 0.43123 0.668599
1 0.432143 0.677167
2 0.432704 0.696758
2 0.434585 0.729331
2 0.43015 0.737945
2 0.429702 0.782373
2 0.431479 0.800181
2 0.431307 0.836349
2 0.434942 0.84885
1 0.432036 0.863263
0 0.432455 0.888628
2 0.437203 0.164998
2 0.440405 0.185306
1 0.440358 0.21866
2 0.441134 0.248038
2 0.438144 0.293631
2 0.439169 0.309453
2 0.440364 0.34951
1 0.43615 0.392556
1 0.437643 0.415332
2 0.438831 0.427574
1 0.440212 0.441931
1 0.436702 0.465344
2 0.436676 0.485798
2 0.436824 0.532459
2 0.436313 0.552265
2 0.438628 0.565701
2 0.44052 0.580322
0 0.43724 0.58982
1 0.437429 0.6147
1 0.43901 0.633681
2 0.438815 0.640532
0 0.439218 0.649632
2 0.440717 0.662704
2 0.441075 0.673624
2 0.438035 0.685689
2 0.440349 0.700881
2 0.439972 0.717204
2 0.439264 0.740186
2 0.437585 0.757696
0 0.440093 0.766666
2 0.43895 0.777853
2 0.440131 0.79431
0 0.437434 0.810151
2 0.439856 0.822446
2 0.441397 0.859291
2 0.44027 0.897415
1 0.436003 0.908041
2 0.44003 0.920146
1 0.436443 0.930294
0 0.437224 0.944908
1 0.445713 0.0195184
0 0.444282 0.0396401
1 0.447844 0.055991
1 0.445878 0.0891773
1 0.44462 0.146945
1 0.442819 0.195924
2 0.442485 0.227242
2 0.447067 0.260309
1 0.444171 0.282805
2 0.446848 0.317728
2 0.443602 0.332888
2 0.447459 0.355898
1 0.445354 0.364761
2 0.443744 0.381918
2 0.443533 0.392296
2 0.44713 0.409697
2 0.444697 0.422701
2 0.442727 0.434738
2 0.443377 0.454228
2 0.447728 0.460104
2 0.445561 0.468836
2 0.442324 0.477844
0 0.446751 0.486011
2 0.442564 0.501522
2 0.442128 0.519759
2 0.441888 0.539708
2 0.443435 0.552443
2 0.447441 0.588555
2 0.442651 0.601706
2 0.444764 0.616167
2 0.44772 0.643364
2 0.44723 0.692384
1 0.446849 0.736587
2 0.446567 0.832176
1 0.444797 0.960142
1 0.449074 0.114805
1 0.451268 0.175838
2 0.451586 0.202053
2 0.451958 0.216843
2 0.45198 0.233417
2 0.449768 0.277043
2 0.453056 0.286998
2 0.449967 0.296228
1 0.451253 0.304295
2 0.453901 0.312676
1 0.450084 0.327403
1 0.449353 0.343856
2 0.448031 0.373022
0 0.451965 0.390447
2 0.451356 0.400014
2 0.453543 0.415829
2 0.451597 0.425025
2 0.450198 0.434743
2 0.450698 0.441913
2 0.448988 0.493291
2 0.450059 0.500512
2 0.450702 0.507688
1 0.448056 0.515671
2 0.451722 0.52195
2 0.448301 0.535521
2 0.453734 0.542509
2 0.4484 0.558504
1 0.452049 0.576854
1 0.449343 0.60162
2 0.45255 0.622808
2 0.448314 0.631477
2 0.448375 0.65205
2 0.45387 0.676908
2 0.449925 0.684568
2 0.453405 0.698586
1 0.450255 0.710406
2 0.45035 0.744885
2 0.451968 0.755576
2 0.448359 0.769257
2 0.44883 0.78028
2 0.450409 0.811951
2 0.448279 0.847416
1 0.452001 0.857936
2 0.451642 0.87805
1 0.450762 0.890815
1 0.452041 0.979994
0 0.448727 0.998177
2 0.455115 0.140555
2 0.455039 0.155939
2 0.45997 0.16794
2 0.459838 0.19379
2 0.457604 0.245336
2 0.459999 0.256163
2 0.459582 0.298
2 0.45625 0.322817
2 0.458446 0.340974
2 0.455518 0.382659
1 0.456772 0.405988
1 0.460081 0.44079
2 0.456534 0.446511
2 0.459502 0.454888
2 0.458054 0.461977
2 0.458309 0.472439
2 0.45591 0.480531
2 0.45483 0.487375
2 0.457213 0.497823
2 0.45734 0.504837
2 0.456529 0.517165
2 0.458302 0.532062
1 0.455884 0.553202
2 0.454795 0.565306
2 0.459282 0.582742
2 0.454489 0.593885
2 0.456107 0.602601
2 0.454814 0.639114
1 0.455375 0.653088
2 0.457524 0.661554
1 0.455252 0.668949
2 0.454476 0.725277
2 0.458405 0.768031
2 0.455484 0.797824
1 0.458608 0.823591
2 0.458346 0.841605
1 0.455272 0.915741
2 0.457557 0.933529
1 0.455221 0.946345
2 0.46539 0.102395
2 0.463174 0.121638
2 0.462129 0.205452
1 0.465162 0.22216
1 0.460652 0.264812
2 0.462723 0.275581
2 0.465012 0.290447
2 0.466143 0.313487
2 0.462019 0.329109
2 0.461691 0.350489
2 0.461047 0.365056
1 0.460345 0.373523
2 0.464909 0.388737
2 0.460651 0.398795
2 0.463961 0.410011
0 0.463791 0.423278
1 0.466198 0.482852
2 0.462917 0.513789
2 0.46544 0.525804
2 0.466121 0.540264
2 0.461319 0.562323
2 0.465858 0.573336
2 0.465646 0.598659
1 0.462057 0.619647
2 0.460895 0.630477
2 0.462387 0.644351
2 0.461735 0.688881
2 0.46124 0.701308
2 0.46581 0.709237
2 0.460509 0.717915
1 0.464585 0.729361
2 0.463218 0.745547
1 0.462316 0.755045
1 0.466052 0.794099
2 0.463971 0.854359
1 0.462787 0.874698
2 0.460182 0.903442
1 0.465097 0.961604
1 0.470907 0.0393575
1 0.466463 0.0590678
1 0.467001 0.085928
2 0.467795 0.147539
1 0.472027 0.157904
2 0.468913 0.183669
2 0.468384 0.231607
2 0.469361 0.242158
0 0.471868 0.251133
2 0.469789 0.258876
2 0.470498 0.30451
0 0.466615 0.322078
1 0.46734 0.339303
2 0.471711 0.345944
2 0.470487 0.362678
2 0.469918 0.38193
2 0.469319 0.395798
2 0.471108 0.413221
2 0.472319 0.422735
2 0.466851 0.434757
2 0.470907 0.441111
2 0.469106 0.451396
2 0.470697 0.459194
2 0.471003 0.474844
2 0.468033 0.494343
2 0.468486 0.507785
2 0.468469 0.519389
2 0.467171 0.552161
2 0.468417 0.559194
2 0.467194 0.584266
2 0.469699 0.621566
2 0.470641 0.634858
0 0.471763 0.653722
2 0.467735 0.665168
1 0.471424 0.673269
2 0.471065 0.681119
1 0.470421 0.693848
2 0.470822 0.734449
2 0.466891 0.762165
2 0.471981 0.777586
2 0.47009 0.808272
2 0.467146 0.833121
2 0.46796 0.887113
1 0.466687 0.997982
2 0.478344 0.121113
0 0.473983 0.134104
0 0.474415 0.194241
2 0.47716 0.220057
2 0.472633 0.269852
2 0.476042 0.282868
2 0.475478 0.297451
2 0.476858 0.325944
2 0.47566 0.337847
1 0.475624 0.354142
2 0.47253 0.371447
2 0.476528 0.386604
1 0.476438 0.395591
2 0.477178 0.404639
2 0.473344 0.429745
2 0.478408 0.446298
1 0.475235 0.465382
2 0.475603 0.481398
2 0.474992 0.493033
2 0.476743 0.525119
2 0.473648 0.531019
1 0.474723 0.541129
1 0.474165 0.565348
2 0.476859 0.578193
2 0.476394 0.591765
2 0.476031 0.60706
2 0.47599 0.6171
2 0.475801 0.641031
2 0.478383 0.68611
2 0.477726 0.694383
2 0.47413 0.705739
2 0.472639 0.717373
2 0.47719 0.727959
2 0.472444 0.745686
2 0.475274 0.757721
2 0.477949 0.786693
2 0.473998 0.821477
1 0.475126 0.839053
2 0.473254 0.868279
2 0.47556 0.930536
1 0.474575 0.977737
0 0.478582 0.0680499
2 0.482426 0.14413
2 0.48407 0.171196
2 0.480641 0.183311
2 0.479869 0.203224
2 0.483526 0.227892
2 0.481737 0.240927
2 0.48031 0.263789
2 0.480566 0.275078
2 0.480545 0.317484
2 0.482186 0.358168
2 0.483504 0.368762
2 0.478822 0.416424
2 0.480408 0.432543
2 0.482633 0.439408
2 0.481595 0.464107
2 0.483088 0.475341
2 0.480098 0.487616
2 0.480599 0.502726
1 0.479101 0.516147
2 0.480713 0.533344
2 0.480658 0.54377
2 0.484613 0.55838
2 0.479166 0.570446
1 0.484149 0.585247
2 0.484239 0.599362
2 0.482518 0.61317
2 0.482462 0.626676
1 0.484007 0.63785
2 0.478872 0.65121
2 0.483607 0.658716
2 0.481786 0.667579
2 0.483097 0.675608
2 0.484117 0.711416
2 0.480599 0.738739
2 0.482106 0.768535
1 0.481402 0.778087
2 0.481899 0.803439
0 0.481581 0.81571
0 0.479171 0.856679
1 0.481138 0.890492
1 0.480618 0.908547
0 0.480853 0.953061
1 0.487346 0.013942
1 0.489664 0.0805469
2 0.485446 0.107866
2 0.4899 0.189306
1 0.48883 0.263871
2 0.488912 0.278887
0 0.488255 0.289227
1 0.486873 0.3079
1 0.487689 0.333646
2 0.488951 0.341305
2 0.486307 0.349032
1 0.484701 0.376176
2 0.490537 0.391806
2 0.486643 0.399897
2 0.485081 0.40694
2 0.487733 0.415086
2 0.484782 0.425601
2 0.489268 0.434768
2 0.48798 0.444815
2 0.488132 0.455087
2 0.489883 0.470701
1 0.485105 0.481321
2 0.489711 0.503656
2 0.487487 0.529972
2 0.490339 0.541773
2 0.488093 0.551446
2 0.490612 0.566611
2 0.488628 0.580424
2 0.490089 0.594172
2 0.48665 0.606776
1 0.485307 0.62042
2 0.489557 0.641837
2 0.489618 0.688749
0 0.488882 0.700299
1 0.488317 0.729864
2 0.488085 0.744181
2 0.485995 0.753929
2 0.486798 0.791647
2 0.489774 0.828635
2 0.488837 0.851342
2 0.489394 0.866013
2 0.489687 0.902469
1 0.490478 0.969779
2 0.490065 0.995015
1 0.496843 0.047234
2 0.49297 0.12507
2 0.491825 0.161949
2 0.490853 0.209242
1 0.492994 0.229959
2 0.495541 0.240505
2 0.492095 0.252306
2 0.496032 0.286932
2 0.493084 0.297275
2 0.496723 0.307409
2 0.491367 0.325323
1 0.492962 0.359054
2 0.493466 0.366722
2 0.491737 0.377677
0 0.496348 0.388388
2 0.493184 0.409198
1 0.493879 0.420536
2 0.493245 0.450574
1 0.494763 0.457236
2 0.496897 0.476099
2 0.491334 0.480546
2 0.491243 0.490001
2 0.491427 0.511866
2 0.491728 0.519228
0 0.49664 0.535164
2 0.494367 0.54868
1 0.495017 0.560186
2 0.495109 0.585494
2 0.493032 0.616857
2 0.494762 0.626098
2 0.494215 0.635759
2 0.49126 0.651906
2 0.491469 0.665045
1 0.495821 0.672584
2 0.496338 0.701277
2 0.49262 0.709732
2 0.492649 0.721164
2 0.49081 0.77676
1 0.494281 0.795869
2 0.494566 0.808157
2 0.492801 0.884992
2 0.496305 0.921695
1 0.49421 0.933383
1 0.495991 0.954414
1 0.497439 0.101057
2 0.50279 0.146026
1 0.498373 0.173655
2 0.500314 0.257452
2 0.49828 0.318937
2 0.499598 0.33251
2 0.498991 0.352059
2 0.499659 0.40147
2 0.502868 0.416932
2 0.501485 0.426902
0 0.500403 0.439413
2 0.500772 0.44856
2 0.49745 0.464886
2 0.498654 0.497669
2 0.501032 0.50702
2 0.499517 0.519651
2 0.500376 0.529249
2 0.502112 0.54256
2 0.501846 0.563292
2 0.499119 0.570434
0 0.502413 0.58098
2 0.498882 0.598836
2 0.499805 0.608886
0 0.502274 0.636002
2 0.500906 0.648778
2 0.500459 0.690113
2 0.497892 0.731822
2 0.497135 0.745694
2 0.498243 0.756304
0 0.4973 0.771571
2 0.498613 0.783705
2 0.497515 0.820269
2 0.498981 0.837432
1 0.499382 0.847547
0 0.5 0.905198
1 0.502528 0.983844
1 0.506655 0.0161696
2 0.505741 0.116316
1 0.505149 0.128257
2 0.508797 0.176379
2 0.505741 0.188728
1 0.504783 0.198712
2 0.503709 0.208939
2 0.503621 0.225101
2 0.507395 0.247753
2 0.50433 0.27176
2 0.506357 0.306269
2 0.506645 0.322041
2 0.506818 0.35347
2 0.504201 0.363282
2 0.503479 0.372844
2 0.507407 0.382881
2 0.503478 0.394251
2 0.506811 0.407685
2 0.506248 0.432232
2 0.508062 0.441615
2 0.507483 0.451101
2 0.503301 0.461275
2 0.506494 0.47171
2 0.504065 0.48144
0 0.505465 0.492134
2 0.508951 0.500866
1 0.504444 0.51304
2 0.506927 0.525392
2 0.506942 0.536882
2 0.505348 0.549458
2 0.504838 0.556439
2 0.506427 0.570672
2 0.503424 0.590464
1 0.505075 0.602128
2 0.503943 0.622947
2 0.507114 0.630963
2 0.504198 0.657406
2 0.503305 0.676536
2 0.50404 0.707435
2 0.506275 0.728537
2 0.507158 0.765544
2 0.505861 0.810675
1 0.504104 0.827625
1 0.505983 0.88724
1 0.51032 0.0802414
2 0.510185 0.0982648
2 0.514191 0.215371
2 0.512461 0.234333
2 0.511097 0.259006
2 0.51223 0.280038
1 0.510062 0.292568
2 0.51491 0.300261
1 0.510125 0.31387
2 0.510085 0.330823
1 0.509225 0.34289
2 0.515048 0.352795
2 0.514994 0.394025
2 0.512063 0.401607
1 0.511503 0.421376
1 0.514684 0.444685
2 0.512135 0.456269
2 0.511315 0.464388
2 0.511224 0.480363
2 0.51313 0.511164
2 0.514757 0.528167
2 0.512487 0.546213
2 0.51124 0.553815
2 0.514772 0.565177
2 0.510832 0.593232
2 0.511793 0.605121
1 0.509237 0.618917
2 0.512658 0.624842
2 0.510492 0.645508
2 0.511436 0.663031
2 0.509943 0.671409
2 0.513663 0.685102
2 0.509593 0.698647
1 0.510688 0.710919
2 0.512418 0.718369
2 0.512362 0.744831
1 0.512758 0.756161
2 0.511807 0.784184
2 0.511068 0.799115
2 0.514472 0.821072
2 0.512488 0.838313
2 0.515054 0.85531
1 0.509378 0.866077
2 0.514009 0.880075
2 0.514747 0.900636
2 0.511383 0.93329
1 0.511033 0.963815
1 0.51903 0.0482427
2 0.516028 0.150298
1 0.519943 0.160881
2 0.516576 0.191643
2 0.519275 0.203839
1 0.520924 0.253117
2 0.52013 0.273446
2 0.518602 0.287569
2 0.520909 0.330886
2 0.520703 0.346825
2 0.516832 0.367376
2 0.518861 0.384964
2 0.519478 0.413638
2 0.515535 0.428034
2 0.519793 0.440374
2 0.517864 0.459999
2 0.520353 0.469335
2 0.517668 0.477436
2 0.516483 0.485677
2 0.52001 0.498686
2 0.517962 0.516376
2 0.520295 0.53993
2 0.520456 0.561009
2 0.517256 0.575121
2 0.517071 0.584098
2 0.518461 0.599301
2 0.518243 0.615383
2 0.52059 0.639705
1 0.51746 0.645901
2 0.516387 0.652928
2 0.519658 0.660277
1 0.517023 0.691701
2 0.51868 0.700263
1 0.517174 0.72672
2 0.517953 0.73529
2 0.518965 0.770727
1 0.516235 0.920874
1 0.525837 0.01498
2 0.525627 0.0938091
1 0.523881 0.108094
2 0.522267 0.122991
2 0.524326 0.138242
2 0.52512 0.175346
2 0.523617 0.221581
2 0.522982 0.242868
2 0.523596 0.296612
2 0.521844 0.306682
2 0.52167 0.318486
2 0.526635 0.337981
1 0.523712 0.353842
2 0.524711 0.375056
1 0.521527 0.397308
2 0.521475 0.405494
2 0.525479 0.419406
2 0.523023 0.451635
1 0.523501 0.463338
2 0.526051 0.477972
2 0.525869 0.486019
1 0.527494 0.496344
2 0.523382 0.506897
2 0.522466 0.528338
2 0.523707 0.549096
2 0.524444 0.583208
2 0.523187 0.590821
2 0.52431 0.605294
2 0.522764 0.630062
2 0.527442 0.647675
2 0.526013 0.671905
0 0.522194 0.677749
2 0.525701 0.707562
2 0.525862 0.724861
1 0.526798 0.786093
2 0.524553 0.814564
1 0.525158 0.935769
0 0.526687 0.948744
0 0.523339 0.989894
0 0.531292 0.0358633
2 0.533433 0.149408
1 0.529346 0.188214
0 0.528147 0.211862
1 0.528844 0.230335
2 0.531655 0.252127
2 0.52853 0.262832
1 0.53281 0.296387
0 0.530745 0.313703
2 0.53244 0.324405
2 0.531749 0.349606
2 0.527771 0.359765
2 0.532616 0.367054
2 0.531942 0.389412
2 0.532721 0.397021
2 0.533441 0.405962
1 0.530339 0.424876
1 0.53178 0.442847
2 0.533418 0.449131
2 0.53043 0.458068
2 0.533322 0.467901
2 0.528902 0.511862
2 0.530662 0.518419
2 0.528054 0.532359
2 0.532509 0.542308
2 0.530609 0.549812
1 0.531962 0.556499
2 0.529893 0.566238
1 0.528707 0.575407
1 0.533407 0.599238
2 0.529373 0.617427
1 0.530112 0.632956
2 0.532467 0.655791
2 0.533179 0.685782
2 0.531858 0.698008
2 0.532376 0.713697
2 0.52767 0.733431
2 0.528779 0.749464
2 0.530256 0.762417
2 0.533222 0.77421
2 0.530019 0.800394
2 0.532736 0.822373
1 0.529963 0.857281
2 0.531494 0.867535
1 0.529378 0.969643
1 0.537708 0.0531011
2 0.538324 0.129443
2 0.534379 0.16383
2 0.53783 0.193738
2 0.535008 0.203867
2 0.537986 0.225283
2 0.537128 0.243777
1 0.535937 0.267401
2 0.534311 0.287105
1 0.535563 0.331725
1 0.535622 0.374637
2 0.535917 0.382688
2 0.539107 0.421708
2 0.537822 0.428991
2 0.537124 0.438097
2 0.539364 0.459839
2 0.535971 0.475748
2 0.535664 0.501972
1 0.538929 0.51751
2 0.538282 0.523773
2 0.536445 0.535751
2 0.537688 0.551448
2 0.536383 0.561466
2 0.539776 0.585842
2 0.538198 0.610557
1 0.534018 0.667796
2 0.534214 0.675363
1 0.536802 0.727475
2 0.537042 0.745238
2 0.538223 0.789773
0 0.534039 0.836754
2 0.539721 0.848948
0 0.534174 0.895115
2 0.533976 0.91198
1 0.539372 0.926056
1 0.537403 0.999925
1 0.542707 0.089192
2 0.540608 0.104732
2 0.542351 0.173897
2 0.541163 0.214383
0 0.545197 0.251289
2 0.545422 0.261407
2 0.541931 0.275572
2 0.545828 0.291272
2 0.541913 0.301066
2 0.539939 0.312883
2 0.543891 0.335179
2 0.541321 0.344106
1 0.54528 0.357844
2 0.543083 0.370201
2 0.542239 0.391213
0 0.5412 0.403928
2 0.541005 0.414545
2 0.544782 0.440185
2 0.542667 0.452256
1 0.543028 0.480244
2 0.54042 0.486245
1 0.54526 0.501244
2 0.54298 0.508345
2 0.54499 0.518673
2 0.543933 0.540676
2 0.540761 0.568771
2 0.542939 0.577281
2 0.545273 0.601607
0 0.543047 0.615429
2 0.545366 0.628608
2 0.541016 0.634863
1 0.543461 0.649295
2 0.544403 0.66159
2 0.545698 0.672634
1 0.543636 0.684892
2 0.542994 0.69341
1 0.545101 0.704564
2 0.540688 0.716527
2 0.54601 0.733266
0 0.54294 0.755815
2 0.545717 0.781918
2 0.542013 0.800101
2 0.544306 0.816301
2 0.543566 0.880442
1 0.542097 0.955747
1 0.549948 0.0297515
1 0.551552 0.0691198
1 0.548857 0.119875
2 0.546274 0.161755
1 0.549646 0.198861
2 0.551889 0.211244
2 0.54929 0.227947
2 0.547616 0.239173
2 0.549844 0.279867
2 0.549899 0.305557
2 0.546815 0.318192
2 0.550937 0.341054
2 0.548066 0.38605
2 0.551851 0.394551
2 0.551176 0.411261
2 0.551325 0.420622
2 0.547055 0.428854
1 0.550195 0.435397
0 0.551059 0.461382
2 0.547138 0.469458
2 0.551352 0.480743
2 0.546351 0.494293
2 0.551418 0.499291
2 0.551238 0.510517
2 0.54864 0.532572
2 0.549437 0.546101
2 0.548784 0.55836
2 0.54824 0.56865
1 0.549647 0.581056
2 0.547396 0.593672
2 0.549637 0.610484
2 0.548192 0.641537
2 0.551743 0.658156
2 0.551261 0.695893
2 0.547991 0.72132
2 0.547512 0.745167
2 0.548361 0.762946
2 0.546393 0.830182
2 0.550891 0.915397
1 0.546279 0.977101
2 0.555062 0.0953156
2 0.554896 0.1396
2 0.553818 0.184152
2 0.555439 0.258598
2 0.557198 0.271763
2 0.558132 0.316186
2 0.55544 0.330058
2 0.554748 0.350036
2 0.553537 0.363849
1 0.553156 0.379983
2 0.553353 0.402693
1 0.557558 0.415608
2 0.556612 0.431419
2 0.556141 0.44516
2 0.557235 0.468282
2 0.557386 0.476739
2 0.553011 0.491747
2 0.552682 0.519886
1 0.555278 0.529588
2 0.554961 0.550551
2 0.558266 0.582163
2 0.554007 0.589096
1 0.553336 0.601545
2 0.554607 0.621385
0 0.556853 0.653458
2 0.558083 0.669498
2 0.552904 0.679377
2 0.556805 0.687726
2 0.553908 0.705387
1 0.558147 0.735625
2 0.556763 0.777178
2 0.553082 0.793313
2 0.553218 0.806412
1 0.55547 0.847361
2 0.554138 0.864423
2 0.557088 0.889253
1 0.552495 0.903395
1 0.554739 0.939741
1 0.55657 0.995187
1 0.561827 0.0503586
2 0.560684 0.112085
1 0.560473 0.150393
2 0.558461 0.170901
2 0.562491 0.197718
2 0.560952 0.223889
1 0.563041 0.249278
1 0.560341 0.289654
2 0.559119 0.30075
1 0.558397 0.336796
2 0.558794 0.376038
2 0.561573 0.39171
2 0.559933 0.408564
2 0.560321 0.438815
2 0.560091 0.461584
1 0.559664 0.489618
2 0.559924 0.496202
2 0.559433 0.505663
2 0.560817 0.514849
2 0.562937 0.522959
2 0.558804 0.536503
2 0.560926 0.560427
1 0.559679 0.566909
2 0.562065 0.590166
2 0.561893 0.59995
2 0.562972 0.615825
1 0.558654 0.635193
2 0.563977 0.64425
2 0.563099 0.661536
2 0.561733 0.680782
2 0.563827 0.697723
2 0.560991 0.714697
2 0.562272 0.724593
2 0.561956 0.746528
2 0.559413 0.756051
2 0.559331 0.767426
2 0.561458 0.799411
2 0.561416 0.817927
2 0.562465 0.833785
0 0.560235 0.958965
1 0.568322 0.015529
2 0.569855 0.0791072
0 0.568499 0.101204
2 0.56851 0.133806
2 0.567925 0.213841
2 0.565995 0.237553
2 0.567154 0.265366
2 0.565825 0.281387
0 0.568061 0.314415
2 0.56807 0.323217
2 0.568445 0.332611
1 0.569049 0.354695
2 0.566716 0.364538
1 0.570449 0.400427
2 0.566933 0.416126
2 0.564763 0.429725
2 0.565004 0.451015
2 0.567004 0.464366
2 0.569019 0.477272
2 0.570254 0.484734
2 0.566798 0.498738
2 0.567934 0.510161
0 0.56897 0.543669
2 0.56847 0.554321
2 0.565658 0.569435
2 0.567146 0.577642
2 0.570174 0.603879
1 0.566819 0.610154
2 0.565092 0.629032
1 0.567121 0.66718
0 0.566524 0.690448
2 0.568548 0.704941
2 0.570278 0.720054
2 0.568061 0.762298
1 0.564658 0.788984
2 0.565941 0.844711
2 0.565837 0.904994
0 0.569609 0.923552
0 0.571786 0.0329458
2 0.576289 0.173163
2 0.572238 0.184663
2 0.575382 0.248014
2 0.575934 0.271397
2 0.575744 0.29167
2 0.573052 0.301264
2 0.572383 0.346621
2 0.57594 0.364468
2 0.570931 0.381665
2 0.574764 0.388491
2 0.576658 0.418072
1 0.575792 0.432808
2 0.571383 0.441821
2 0.572564 0.45226
1 0.576189 0.46153
2 0.575786 0.491783
2 0.574749 0.507439
2 0.574303 0.518099
1 0.573422 0.5268
2 0.571015 0.536341
2 0.571059 0.56233
1 0.576666 0.572769
2 0.571506 0.584205
2 0.574115 0.613941
2 0.573317 0.623928
1 0.574346 0.634493
1 0.571203 0.64987
2 0.57578 0.666835
2 0.571545 0.678866
2 0.573573 0.693051
2 0.574341 0.730365
2 0.573233 0.751284
1 0.575467 0.772858
2 0.573495 0.787893
2 0.573199 0.808631
2 0.573911 0.83546
1 0.570936 0.869299
1 0.571939 0.895462
1 0.571143 0.943898
1 0.575527 0.989661
2 0.58087 0.0612546
2 0.579959 0.1435
2 0.579547 0.159085
0 0.57696 0.196499
2 0.581886 0.206836
2 0.57846 0.217229
2 0.578236 0.229361
2 0.577688 0.261926
2 0.581151 0.306951
2 0.580396 0.325308
2 0.577648 0.335814
2 0.581696 0.353727
1 0.578013 0.376391
2 0.578887 0.397395
2 0.577514 0.406952
2 0.579325 0.425166
2 0.58265 0.453685
2 0.581785 0.468777
1 0.580393 0.48063
2 0.581343 0.499776
2 0.57816 0.53591
2 0.577855 0.545319
2 0.578941 0.557302
2 0.578447 0.564907
2 0.582465 0.580755
2 0.577141 0.590257
0 0.580138 0.604806
2 0.582674 0.671331
1 0.580704 0.681902
1 0.577583 0.707422
2 0.579129 0.715935
2 0.577799 0.739837
2 0.579007 0.76106
2 0.581025 0.817017
0 0.577447 0.848196
2 0.577037 0.858357
2 0.5811 0.883675
1 0.580508 0.915811
1 0.579814 0.964688
2 0.583639 0.127932
2 0.586717 0.18173
1 0.58539 0.248965
2 0.587567 0.263225
1 0.584656 0.284666
2 0.586445 0.2957
2 0.587341 0.31633
1 0.586367 0.333131
2 0.584696 0.3406
2 0.585548 0.361181
2 0.588012 0.375432
2 0.5838 0.38621
2 0.587304 0.402415
1 0.585796 0.412916
2 0.585164 0.433259
2 0.585769 0.442778
2 0.587549 0.480608
2 0.588195 0.490871
1 0.586186 0.506299
2 0.585267 0.517494
2 0.587852 0.533253
2 0.587961 0.542168
1 0.585844 0.554795
2 0.584596 0.5701
2 0.587569 0.589805
2 0.58351 0.612942
2 0.583308 0.621355
2 0.584629 0.637334
1 0.585577 0.645156
2 0.583748 0.662169
2 0.584976 0.698692
2 0.58721 0.709026
0 0.585321 0.746428
2 0.588021 0.778107
2 0.586997 0.796636
0 0.586574 0.806381
1 0.582862 0.830558
2 0.58385 0.903596
1 0.594964 0.0314721
1 0.59144 0.107213
2 0.593571 0.151067
2 0.590395 0.167176
2 0.593898 0.191898
2 0.592937 0.21229
2 0.590996 0.241408
2 0.593864 0.25539
2 0.589916 0.278521
2 0.593649 0.290289
2 0.595029 0.321828
2 0.593256 0.338484
0 0.590494 0.352872
2 0.594278 0.396369
2 0.589373 0.42028
2 0.591469 0.449592
2 0.590273 0.465013
2 0.592725 0.505994
2 0.592515 0.52554
2 0.591043 0.559811
0 0.591924 0.56801
2 0.590621 0.575571
1 0.593659 0.586161
2 0.59351 0.601022
2 0.590469 0.624512
2 0.592861 0.655095
0 0.589805 0.666143
2 0.594449 0.673388
2 0.591111 0.682714
1 0.593001 0.701036
2 0.589285 0.730289
2 0.591502 0.762249
2 0.594203 0.848492
1 0.590225 0.875355
1 0.593557 0.931711
1 0.598862 0.00391492
1 0.595758 0.0654413
2 0.599651 0.0881718
2 0.600042 0.137009
1 0.600109 0.181933
2 0.59949 0.201991
1 0.595833 0.224203
2 0.600017 0.235957
2 0.596335 0.302903
2 0.60023 0.332674
2 0.59672 0.366589
2 0.597415 0.37525
1 0.600403 0.389514
2 0.596702 0.415056
2 0.595907 0.425142
2 0.597335 0.434695
1 0.597676 0.451528
2 0.598927 0.464004
2 0.595956 0.484007
0 0.598358 0.494943
1 0.600365 0.520213
2 0.595353 0.537527
2 0.596903 0.548043
2 0.599279 0.556217
2 0.595246 0.609619
1 0.599029 0.617237
0 0.597711 0.633588
2 0.597818 0.663038
2 0.59906 0.690043
1 0.597878 0.728294
2 0.599409 0.75416
2 0.597128 0.804937
2 0.599989 0.835366
2 0.595645 0.866421
2 0.601124 0.881804
1 0.601193 0.903305
2 0.603359 0.164989
2 0.606018 0.2218
2 0.607186 0.243162
1 0.601647 0.267355
2 0.603766 0.290947
1 0.606501 0.298756
2 0.601588 0.310347
2 0.605349 0.318617
2 0.602126 0.348933
2 0.605894 0.365289
2 0.605675 0.373473
2 0.602922 0.381
1 0.602363 0.40679
1 0.60513 0.423734
2 0.604449 0.430822
2 0.60225 0.444227
2 0.603056 0.456676
1 0.60566 0.466097
2 0.603391 0.483138
2 0.604023 0.511645
2 0.602631 0.532778
2 0.604827 0.540443
2 0.60582 0.563489
2 0.602428 0.575704
2 0.602248 0.58728
2 0.605462 0.594603
2 0.60581 0.602381
2 0.605857 0.627247
2 0.603606 0.637359
2 0.605062 0.653657
1 0.602715 0.672833
2 0.602334 0.701575
2 0.606614 0.713648
2 0.603635 0.734482
2 0.601952 0.74514
1 0.601966 0.776218
2 0.605636 0.790125
1 0.603121 0.816566
2 0.606828 0.825504
1 0.601877 0.856983
1 0.602819 0.948626
1 0.605251 0.981597
0 0.611583 0.070907
2 0.610215 0.107792
2 0.610913 0.202142
2 0.608645 0.259408
2 0.608738 0.282656
1 0.613143 0.324041
2 0.608392 0.336983
1 0.61338 0.371987
2 0.607803 0.390257
2 0.609797 0.398823
2 0.610629 0.408742
2 0.612886 0.429572
2 0.611129 0.439392
0 0.611065 0.447297
2 0.612842 0.469897
2 0.61189 0.485711
2 0.60977 0.493313
2 0.608029 0.503573
2 0.608281 0.520608
2 0.613247 0.534806
1 0.61291 0.556202
2 0.613364 0.568906
2 0.611483 0.57677
2 0.612955 0.599007
2 0.608093 0.609676
2 0.609353 0.643358
2 0.6097 0.66147
2 0.608895 0.68697
1 0.612629 0.695444
2 0.612776 0.727311
1 0.610468 0.74101
2 0.610238 0.756133
2 0.610159 0.768573
2 0.61267 0.798348
2 0.610034 0.869035
1 0.612839 0.887349
0 0.613384 0.918151
1 0.614887 0.0237374
1 0.615207 0.0482866
1 0.616064 0.130699
2 0.615734 0.144209
0 0.614698 0.156834
2 0.614888 0.181321
2 0.618294 0.212904
2 0.615438 0.226622
1 0.617665 0.237389
2 0.618009 0.253064
2 0.615571 0.275312
2 0.617556 0.311489
2 0.619391 0.341877
1 0.614951 0.352389
2 0.617098 0.36298
2 0.618224 0.384866
2 0.619558 0.422734
1 0.619596 0.435189
2 0.61725 0.459537
2 0.615103 0.477835
1 0.615068 0.502592
2 0.615089 0.509459
1 0.618647 0.530396
2 0.615757 0.543037
1 0.616121 0.584099
2 0.616976 0.590812
2 0.616156 0.611754
2 0.617787 0.626941
1 0.617466 0.652158
2 0.61821 0.669027
2 0.613725 0.676507
2 0.618972 0.689585
1 0.61436 0.713517
2 0.618187 0.775805
2 0.616526 0.787541
2 0.616003 0.817945
2 0.614457 0.838821
2 0.61471 0.856379
0 0.615048 0.963358
2 0.624462 0.093528
2 0.62092 0.169681
2 0.623522 0.268678
2 0.622525 0.296328
2 0.625142 0.306236
2 0.623749 0.332308
2 0.622481 0.353382
2 0.622345 0.399792
1 0.623301 0.414719
2 0.620197 0.449155
1 0.62528 0.471821
2 0.624881 0.47853
2 0.62145 0.4955
2 0.623058 0.507336
2 0.621772 0.520891
2 0.625592 0.530059
2 0.622127 0.547001
2 0.619657 0.556318
0 0.624376 0.565979
2 0.619741 0.573443
2 0.623101 0.585016
2 0.620771 0.599519
1 0.625261 0.605437
2 0.624664 0.617562
2 0.622102 0.636956
2 0.620902 0.645165
1 0.623366 0.677834
2 0.622887 0.707698
2 0.625437 0.717147
2 0.623574 0.755992
2 0.624211 0.803628
1 0.622505 0.830209
1 0.631096 0.00778796
1 0.628948 0.0694751
2 0.627496 0.153223
2 0.629176 0.198404
2 0.631622 0.21672
2 0.629619 0.240016
1 0.63037 0.279428
2 0.627979 0.287873
2 0.626426 0.315946
2 0.625805 0.361872
2 0.626755 0.37491
1 0.626212 0.384251
2 0.627377 0.392188
2 0.631378 0.408801
2 0.627311 0.426587
2 0.625791 0.439236
1 0.62661 0.454293
2 0.625915 0.465094
2 0.629752 0.485455
2 0.631023 0.506004
2 0.631068 0.514413
2 0.63085 0.524032
2 0.62787 0.541624
2 0.628141 0.55414
2 0.631185 0.562851
2 0.630434 0.589403
2 0.631511 0.612261
1 0.628064 0.625096
2 0.627051 0.653052
2 0.628911 0.666067
2 0.631243 0.728507
2 0.626246 0.737804
1 0.627575 0.787076
2 0.629737 0.822908
1 0.625808 0.856743
1 0.630549 0.879481
2 0.628776 0.912703
1 0.636751 0.0449699
2 0.633979 0.123924
1 0.637293 0.144031
2 0.633356 0.181199
2 0.63624 0.228567
2 0.636309 0.270169
0 0.636239 0.308359
2 0.636653 0.323389
2 0.632792 0.335939
2 0.634202 0.344686
1 0.636561 0.366165
2 0.637264 0.376304
2 0.636482 0.400212
1 0.634865 0.438077
2 0.632751 0.445214
2 0.636216 0.472098
1 0.63571 0.493399
2 0.637146 0.500568
1 0.634179 0.534183
2 0.637349 0.54086
2 0.63332 0.547564
1 0.636824 0.575079
2 0.63243 0.580886
2 0.633878 0.597835
2 0.635155 0.630095
2 0.635413 0.639186
2 0.634806 0.657417
2 0.637776 0.676814
2 0.632007 0.693928
2 0.633669 0.705042
1 0.637943 0.721753
2 0.637164 0.736135
2 0.636648 0.747201
0 0.632178 0.764251
2 0.638 0.790877
1 0.635425 0.809947
2 0.63517 0.841254
1 0.632111 0.939816
1 0.63739 0.972132
2 0.642483 0.155403
2 0.64325 0.197565
0 0.639996 0.210952
0 0.639364 0.259026
2 0.643432 0.279481
2 0.638065 0.288011
2 0.638892 0.352607
0 0.640649 0.39262
2 0.641475 0.410464
1 0.64383 0.420986
2 0.639378 0.426898
2 0.638966 0.455827
1 0.638344 0.463976
2 0.641847 0.486418
2 0.642299 0.51255
2 0.64109 0.549993
2 0.644093 0.562404
2 0.639884 0.583899
2 0.640905 0.605471
1 0.641498 0.644089
2 0.643818 0.655036
2 0.642946 0.668018
2 0.641598 0.686418
2 0.642792 0.707299
2 0.643827 0.771196
2 0.642607 0.817534
2 0.64148 0.861643
1 0.643025 0.922328
1 0.649425 0.0787405
0 0.644357 0.0985375
1 0.648353 0.116855
2 0.64687 0.16891
1 0.645714 0.186009
2 0.646778 0.223142
2 0.647584 0.242541
2 0.648049 0.263217
2 0.646979 0.291553
2 0.645823 0.319887
2 0.644336 0.335018
1 0.646939 0.346293
2 0.646052 0.371215
2 0.646161 0.386866
2 0.64557 0.401223
2 0.645418 0.431881
2 0.645958 0.448563
2 0.645074 0.464646
1 0.645172 0.478394
2 0.648276 0.499443
2 0.646847 0.527472
2 0.646749 0.539102
1 0.648112 0.550493
2 0.649881 0.5802
1 0.644195 0.591543
0 0.649949 0.608258
2 0.644335 0.61962
2 0.647769 0.627483
2 0.645567 0.637218
2 0.649289 0.675497
2 0.647681 0.694203
2 0.649664 0.734288
1 0.649884 0.749743
2 0.648556 0.785502
2 0.64916 0.802714
1 0.645533 0.830062
2 0.649112 0.843469
0 0.647668 0.899163
0 0.648661 0.936727
2 0.65606 0.144059
2 0.655694 0.201902
2 0.653714 0.213195
2 0.65563 0.271668
2 0.654664 0.2839
2 0.654813 0.310102
2 0.65461 0.331054
2 0.6526 0.360393
2 0.655175 0.369714
1 0.65106 0.379119
2 0.655236 0.397278
2 0.6513 0.408648
2 0.652647 0.422462
1 0.65301 0.436147
1 0.654855 0.456645
2 0.653351 0.466146
2 0.652832 0.481999
1 0.654226 0.493228
0 0.652101 0.510949
2 0.653467 0.520764
2 0.656284 0.529967
2 0.655269 0.550131
2 0.650807 0.568887
2 0.652887 0.588501
2 0.655978 0.598149
2 0.653698 0.619095
2 0.652977 0.648471
2 0.655712 0.657728
1 0.655301 0.68246
0 0.652001 0.706342
2 0.653772 0.718568
2 0.651551 0.759015
1 0.655914 0.777325
0 0.650954 0.855687
1 0.654952 0.959012
1 0.65156 0.992579
1 0.659409 0.0346309
0 0.656536 0.0560156
2 0.658975 0.183573
1 0.657211 0.23806
2 0.661164 0.250851
2 0.658134 0.293703
2 0.657669 0.319847
2 0.661577 0.337489
2 0.658023 0.348507
0 0.66195 0.358524
2 0.661111 0.383321
2 0.660218 0.416917
2 0.658739 0.450633
2 0.662233 0.459295
0 0.659313 0.477913
2 0.661253 0.488725
2 0.656624 0.559845
2 0.661554 0.568157
2 0.6588 0.576066
2 0.658496 0.611342
2 0.661573 0.622508
2 0.65696 0.637335
2 0.660694 0.698781
1 0.661858 0.721943
2 0.658461 0.73839
2 0.661669 0.766807
2 0.659772 0.797018
1 0.658561 0.813427
2 0.657815 0.825037
2 0.659076 0.872708
2 0.658831 0.977227
2 0.663891 0.120102
2 0.664607 0.166027
1 0.663335 0.263961
2 0.667591 0.280817
2 0.666913 0.299917
1 0.667646 0.309512
2 0.66815 0.323984
2 0.665981 0.370393
1 0.663403 0.392558
2 0.663395 0.428858
2 0.664169 0.437063
2 0.666413 0.472581
2 0.667286 0.494188
2 0.663062 0.502961
1 0.665354 0.514149
2 0.664153 0.525663
0 0.663668 0.54132
2 0.663078 0.551039
1 0.663853 0.559156
2 0.663414 0.589192
2 0.666918 0.601871
2 0.667661 0.631671
1 0.663002 0.644046
2 0.667331 0.652642
2 0.664594 0.661116
2 0.663731 0.679056
2 0.667363 0.707141
2 0.666241 0.752149
2 0.667986 0.781639
1 0.66432 0.833559
2 0.668317 0.846906
1 0.664552 0.888564
1 0.663211 0.90727
1 0.667622 0.927047
0 0.673754 0.0149208
2 0.67453 0.0826762
1 0.671286 0.09711
1 0.673872 0.132761
1 0.673158 0.192751
2 0.673022 0.214741
2 0.670628 0.229653
2 0.673744 0.265683
2 0.674235 0.289195
2 0.671223 0.33923
2 0.669275 0.348854
2 0.6708 0.358288
2 0.67063 0.389225
2 0.672468 0.399722
0 0.671785 0.406877
0 0.670945 0.444172
1 0.670351 0.460362
1 0.673096 0.477827
2 0.671912 0.50475
2 0.673719 0.518764
2 0.672321 0.529903
2 0.6748 0.552938
2 0.672868 0.562983
2 0.671682 0.572637
2 0.672936 0.588709
2 0.674292 0.659161
2 0.67224 0.67023
2 0.671273 0.686375
2 0.671793 0.720204
2 0.67383 0.736014
2 0.672441 0.76108
1 0.672065 0.868205
1 0.674389 0.946873
2 0.678002 0.143962
1 0.678074 0.156995
2 0.677506 0.251211
2 0.678202 0.309319
2 0.679351 0.326516
2 0.680888 0.350178
1 0.679793 0.372623
2 0.678598 0.38567
2 0.676067 0.413065
1 0.678775 0.421359
2 0.674917 0.433215
2 0.680829 0.447087
2 0.676451 0.468251
2 0.674998 0.490153
2 0.677701 0.543239
0 0.680691 0.575817
1 0.67596 0.59725
2 0.67532 0.623893
2 0.676144 0.632422
2 0.680524 0.683591
1 0.676744 0.703945
1 0.676973 0.750083
1 0.679467 0.773505
2 0.680356 0.788113
0 0.678503 0.802134
2 0.680225 0.825199
1 0.67989 0.847876
1 0.675588 0.967127
1 0.682973 0.0568081
2 0.685669 0.186757
2 0.685347 0.202996
1 0.683339 0.219524
2 0.681055 0.234905
0 0.683913 0.25876
2 0.686078 0.273756
1 0.683073 0.285368
2 0.686096 0.294195
2 0.685586 0.337287
2 0.682728 0.363716
1 0.683015 0.394269
2 0.680999 0.404999
2 0.684063 0.426761
1 0.682041 0.436799
1 0.684561 0.455778
2 0.68393 0.464193
2 0.683879 0.472744
1 0.681585 0.504519
1 0.683575 0.534925
2 0.686336 0.591205
2 0.684398 0.602727
2 0.681091 0.616071
2 0.686594 0.624074
2 0.684559 0.636486
2 0.681579 0.648137
2 0.683881 0.669284
2 0.682625 0.693638
2 0.686524 0.720615
2 0.683521 0.812371
2 0.681353 0.86056
0 0.686227 0.878553
2 0.681322 0.896528
1 0.684839 0.984938
1 0.691354 0.024648
2 0.691024 0.128473
0 0.687232 0.175405
2 0.691688 0.245667
2 0.692555 0.325987
2 0.691804 0.3521
2 0.691878 0.362448
2 0.691202 0.378873
2 0.688677 0.388413
2 0.690403 0.40196
2 0.689164 0.413291
2 0.691404 0.433755
2 0.692113 0.451292
1 0.691003 0.4787
2 0.688116 0.485397
0 0.693044 0.495371
2 0.687174 0.513906
2 0.691913 0.521962
2 0.688861 0.541692
2 0.689596 0.552634
2 0.690201 0.566034
2 0.687522 0.579424
1 0.691893 0.651992
2 0.692729 0.693402
2 0.687724 0.704674
0 0.690218 0.733644
2 0.691009 0.753115
2 0.692125 0.771735
1 0.689386 0.830592
1 0.687364 0.908288
1 0.687134 0.928759
0 0.695436 0.0727697
1 0.697311 0.0871814
1 0.695477 0.109552
2 0.693749 0.151515
1 0.697937 0.205842
2 0.693858 0.228817
2 0.69684 0.266869
2 0.693257 0.284591
2 0.698437 0.298385
2 0.695814 0.310468
1 0.696823 0.335857
2 0.698934 0.424697
1 0.698956 0.465944
2 0.697177 0.485404
2 0.695436 0.5102
2 0.69429 0.531738
2 0.698478 0.540534
2 0.698275 0.55019
2 0.698221 0.558557
1 0.699303 0.568786
2 0.696242 0.582872
2 0.696894 0.594123
1 0.693414 0.609207
2 0.693591 0.619028
2 0.698862 0.62836
2 0.696429 0.666928
0 0.693292 0.680707
2 0.698623 0.740151
2 0.69555 0.854947
2 0.695452 0.870105
1 0.695844 0.884944
1 0.702808 0.167209
2 0.704646 0.238183
1 0.703824 0.254682
2 0.705393 0.329495
2 0.70404 0.354272
1 0.700047 0.371532
2 0.700604 0.387595
1 0.703699 0.403245
2 0.70149 0.411199
2 0.702093 0.433045
0 0.699867 0.439926
2 0.700267 0.473655
2 0.700574 0.517718
0 0.705259 0.523919
2 0.703583 0.600044
2 0.704111 0.6096
2 0.699673 0.64102
2 0.702362 0.677219
2 0.703958 0.695904
2 0.702302 0.70681
2 0.699793 0.7214
2 0.7029 0.760872
2 0.699913 0.808299
2 0.699857 0.82364
2 0.699831 0.839071
0 0.700314 0.925745
1 0.700671 0.94021
0 0.699763 0.972116
1 0.700912 0.994578
1 0.710964 0.120193
1 0.707184 0.14912
2 0.710587 0.176806
1 0.709184 0.18959
1 0.706222 0.2255
1 0.705979 0.275106
2 0.707855 0.284283
2 0.709352 0.294963
2 0.706462 0.31025
2 0.708016 0.342316
2 0.710664 0.367712
2 0.709575 0.377071
2 0.710332 0.389247
2 0.708072 0.421386
2 0.706756 0.447389
2 0.709955 0.457654
2 0.709097 0.47558
2 0.708498 0.484413
1 0.707014 0.500491
2 0.710036 0.508605
2 0.711172 0.530424
1 0.706823 0.543901
2 0.709272 0.559075
2 0.708909 0.579634
2 0.709674 0.621718
1 0.706952 0.635576
2 0.709421 0.653104
2 0.710979 0.667639
1 0.709633 0.716989
2 0.707162 0.729036
1 0.707648 0.751651
1 0.707628 0.783185
2 0.70594 0.795114
0 0.711207 0.816311
1 0.707522 0.863564
2 0.709357 0.907948
1 0.708229 0.959285
1 0.712501 0.0257123
1 0.712706 0.0627261
0 0.712334 0.106489
2 0.71342 0.137857
1 0.716831 0.205633
2 0.7156 0.21757
2 0.716282 0.24235
2 0.713921 0.268792
1 0.713699 0.304673
2 0.712272 0.320443
1 0.71492 0.353744
2 0.713151 0.403115
1 0.717304 0.419222
2 0.716857 0.433358
2 0.715179 0.4428
2 0.717144 0.484643
2 0.717014 0.523395
2 0.716574 0.549609
2 0.713947 0.571658
2 0.712346 0.589201
2 0.714674 0.613708
2 0.71612 0.63714
1 0.712371 0.688534
2 0.716766 0.733999
2 0.714112 0.769246
2 0.71574 0.805548
2 0.713427 0.831317
1 0.713627 0.879955
1 0.716465 0.929766
1 0.717199 0.974178
1 0.719261 0.0457764
1 0.721982 0.0807694
2 0.721122 0.160273
0 0.722613 0.224732
2 0.721481 0.254073
0 0.721472 0.28728
2 0.720469 0.335836
2 0.718842 0.345559
2 0.721101 0.378227
0 0.719826 0.39652
2 0.719869 0.451588
1 0.723779 0.458397
2 0.718873 0.468962
1 0.720806 0.477313
2 0.72117 0.492579
2 0.72076 0.51332
2 0.722892 0.538235
1 0.723092 0.555725
2 0.71888 0.563987
2 0.719941 0.594668
2 0.723282 0.60758
2 0.720459 0.655332
1 0.721256 0.666801
2 0.720801 0.677211
2 0.719483 0.706967
2 0.718341 0.72034
2 0.718943 0.784533
1 0.717916 0.844653
2 0.718237 0.856353
1 0.722434 0.908966
1 0.721611 0.945473
1 0.728797 0.0138734
1 0.724264 0.0989379
1 0.729132 0.149122
2 0.726905 0.199039
2 0.72914 0.215035
2 0.72569 0.270736
2 0.72467 0.302569
2 0.728597 0.314982
2 0.729444 0.330859
2 0.728854 0.359748
2 0.724784 0.369073
2 0.724724 0.388857
2 0.726322 0.401723
2 0.727919 0.412987
1 0.724011 0.442184
2 0.729456 0.480636
2 0.723932 0.504962
1 0.728068 0.518447
2 0.727873 0.569588
1 0.724761 0.584383
2 0.725914 0.625638
2 0.726464 0.645889
2 0.725631 0.689227
2 0.727973 0.726614
2 0.724291 0.748571
2 0.726402 0.768266
1 0.728127 0.804181
2 0.729173 0.817418
2 0.724767 0.874292
1 0.729413 0.987521
2 0.730524 0.17256
1 0.734926 0.206343
2 0.733134 0.231365
2 0.733028 0.24426
2 0.735252 0.260303
2 0.734506 0.290337
0 0.731525 0.340556
1 0.731813 0.380064
2 0.733727 0.395977
1 0.735366 0.423894
2 0.73026 0.435178
2 0.735289 0.462101
2 0.733733 0.472381
0 0.731708 0.488668
2 0.735557 0.496865
2 0.734102 0.526298
2 0.731773 0.536471
2 0.731714 0.547731
2 0.736115 0.55957
2 0.736031 0.581544
2 0.732196 0.600223
2 0.73584 0.634328
2 0.733795 0.666086
2 0.733532 0.676031
2 0.732073 0.714642
2 0.735861 0.742366
1 0.731402 0.784839
2 0.736066 0.795573
2 0.732657 0.832088
1 0.733948 0.893371
1 0.734703 0.917973
1 0.737187 0.0425767
1 0.739208 0.0872818
1 0.737255 0.117278
0 0.740995 0.175725
2 0.740812 0.191008
2 0.736286 0.276542
2 0.738305 0.303162
1 0.737757 0.324073
2 0.736947 0.350594
2 0.739036 0.364297
2 0.739913 0.387968
2 0.738347 0.415741
2 0.737398 0.441846
2 0.740972 0.48458
1 0.740135 0.504111
2 0.736872 0.513002
2 0.738833 0.569323
2 0.737524 0.591926
1 0.737177 0.616138
1 0.738553 0.647006
2 0.740706 0.656807
1 0.73667 0.700977
0 0.737342 0.730898
2 0.740533 0.758631
2 0.739323 0.778369
1 0.739871 0.842214
2 0.739945 0.858107
1 0.739349 0.877767
0 0.738921 0.955576
0 0.747872 0.00911816
1 0.746256 0.0264612
1 0.743496 0.0614741
0 0.747604 0.133554
2 0.745445 0.158923
2 0.747694 0.207963
1 0.743279 0.228849
2 0.743729 0.251439
2 0.746583 0.270865
1 0.742991 0.283823
2 0.746048 0.316717
2 0.744098 0.340731
1 0.747489 0.352367
1 0.744191 0.404878
2 0.747705 0.412507
2 0.742782 0.432252
1 0.746059 0.442396
2 0.743741 0.451168
1 0.745989 0.461452
2 0.746715 0.474376
2 0.747774 0.492073
2 0.748449 0.515498
2 0.743011 0.523101
1 0.745731 0.533566
2 0.743313 0.544149
2 0.745118 0.553166
2 0.744395 0.577335
2 0.745108 0.600505
2 0.746915 0.610406
2 0.743287 0.628025
2 0.743133 0.670197
0 0.743354 0.681518
2 0.743034 0.712234
2 0.743863 0.723754
2 0.746531 0.735921
2 0.742474 0.811644
1 0.744462 0.932154
2 0.753243 0.0412833
1 0.752886 0.104503
1 0.754086 0.182072
2 0.751977 0.297628
2 0.753215 0.326653
2 0.753611 0.345846
2 0.749089 0.367586
0 0.750673 0.377342
2 0.754045 0.400407
2 0.748849 0.424069
2 0.752501 0.434402
1 0.752977 0.567483
0 0.749867 0.58961
2 0.752992 0.63077
2 0.750816 0.642659
2 0.7505 0.694678
1 0.751139 0.745928
2 0.750945 0.771604
0 0.754408 0.790122
1 0.749449 0.827882
2 0.752081 0.843876
1 0.752471 0.89313
0 0.752899 0.909255
1 0.75026 0.947745
1 0.749513 0.967883
1 0.749976 0.99041
0 0.759308 0.0849424
2 0.758934 0.219279
2 0.75781 0.243477
0 0.75998 0.257245
2 0.757489 0.311433
2 0.758512 0.355798
2 0.758482 0.387823
0 0.760668 0.43879
2 0.756136 0.449992
2 0.756005 0.467027
2 0.759027 0.504072
1 0.757561 0.512182
2 0.758563 0.535912
2 0.759594 0.582509
2 0.756259 0.607291
2 0.755897 0.617422
2 0.760031 0.638002
2 0.755685 0.665648
2 0.757667 0.686396
2 0.758656 0.714843
2 0.760687 0.735609
2 0.759811 0.802254
1 0.756498 0.854616
1 0.763304 0.00363309
1 0.763261 0.0526029
1 0.763114 0.069458
1 0.765354 0.115493
1 0.760938 0.132798
2 0.762984 0.155723
2 0.764525 0.186018
0 0.762741 0.206749
2 0.762201 0.267453
2 0.764303 0.285433
2 0.765622 0.299587
1 0.762269 0.340237
2 0.763032 0.378603
1 0.763691 0.402458
2 0.763932 0.411569
1 0.76113 0.423758
1 0.762482 0.456538
1 0.761948 0.474331
2 0.763219 0.487081
2 0.761725 0.522989
2 0.763082 0.549972
2 0.766143 0.564104
2 0.765545 0.591749
1 0.765438 0.604399
2 0.764225 0.656973
1 0.765343 0.667233
1 0.762322 0.703355
2 0.764378 0.771839
1 0.769607 0.0959295
1 0.77039 0.170319
1 0.767933 0.239956
2 0.771351 0.25268
1 0.772235 0.274389
2 0.771646 0.314122
1 0.767392 0.322587
2 0.767849 0.366533
2 0.771614 0.43211
2 0.772911 0.443753
2 0.768831 0.463313
2 0.772729 0.479542
2 0.769415 0.502892
2 0.770522 0.529669
2 0.769468 0.541472
2 0.767636 0.574277
2 0.768509 0.621066
2 0.767958 0.680313
2 0.769197 0.692828
2 0.771574 0.714449
2 0.770547 0.760161
1 0.768918 0.783928
2 0.77106 0.821492
1 0.767671 0.835429
0 0.767264 0.872869
1 0.770812 0.897322
1 0.76689 0.931179
0 0.767079 0.973842
1 0.775766 0.022567
1 0.778225 0.0621115
1 0.777886 0.0796588
1 0.777764 0.145283
1 0.776112 0.185022
2 0.775216 0.199498
2 0.773624 0.227141
2 0.776476 0.284809
0 0.776461 0.299468
2 0.773099 0.333141
2 0.773536 0.353583
2 0.77704 0.371821
2 0.773613 0.38271
2 0.77309 0.400142
2 0.77773 0.410763
2 0.776803 0.422477
2 0.774974 0.453781
1 0.774184 0.492548
2 0.778546 0.536731
1 0.775878 0.581358
2 0.775148 0.63385
2 0.775646 0.64441
2 0.775784 0.66476
1 0.773019 0.726209
2 0.776065 0.742747
1 0.776056 0.806821
1 0.776396 0.919192
1 0.773375 0.949248
1 0.784787 0.128394
1 0.780752 0.217189
2 0.780221 0.264975
2 0.783592 0.318513
0 0.780966 0.338139
2 0.784232 0.391585
2 0.785242 0.428251
2 0.783496 0.443124
1 0.783256 0.456269
2 0.780242 0.467988
2 0.783638 0.495248
1 0.781756 0.513221
1 0.78333 0.557501
2 0.783017 0.571701
2 0.783161 0.594227
2 0.781362 0.614243
1 0.782744 0.684591
2 0.782446 0.720884
0 0.783423 0.752819
2 0.784343 0.774992
2 0.782959 0.791805
1 0.781304 0.845154
1 0.785163 0.90448
1 0.780104 0.965759
0 0.790212 0.0101691
1 0.790846 0.101189
1 0.785613 0.162523
0 0.786583 0.179361
1 0.786191 0.199166
2 0.791093 0.224588
1 0.788502 0.236031
2 0.78663 0.250521
2 0.790027 0.274397
1 0.788237 0.286623
2 0.786327 0.329891
2 0.787135 0.356177
1 0.788242 0.371996
2 0.788244 0.38101
0 0.786184 0.402435
2 0.788531 0.414902
2 0.790195 0.461606
2 0.788481 0.486007
2 0.789834 0.505789
2 0.788511 0.528428
2 0.790007 0.621995
2 0.786813 0.642575
0 0.786742 0.660374
2 0.789671 0.669826
2 0.789693 0.692716
0 0.787687 0.706172
2 0.788453 0.737979
0 0.786821 0.806404
1 0.78618 0.86154
1 0.791036 0.882977
1 0.786864 0.992965
1 0.792917 0.0352573
0 0.792647 0.0502062
1 0.796182 0.0682079
1 0.794393 0.141558
1 0.793616 0.307568
2 0.795707 0.344221
2 0.7958 0.391615
1 0.792422 0.434917
2 0.79401 0.445212
1 0.795228 0.470176
1 0.796628 0.500033
2 0.792825 0.51627
2 0.79357 0.55527
2 0.795514 0.572186
2 0.795113 0.59129
2 0.793591 0.607933
2 0.795499 0.631526
2 0.793614 0.681408
1 0.793802 0.787242
1 0.793106 0.828475
0 0.793005 0.840346
1 0.795969 0.919405
1 0.793357 0.940592
0 0.80141 0.111009
1 0.802402 0.186892
1 0.801439 0.207585
1 0.801052 0.249345
2 0.803079 0.295271
2 0.798079 0.3234
1 0.798885 0.333871
1 0.797672 0.355785
2 0.799763 0.375496
1 0.800751 0.405851
2 0.802319 0.42342
1 0.803241 0.452179
2 0.801946 0.489066
2 0.799539 0.525666
0 0.798709 0.537107
2 0.802534 0.601803
2 0.800804 0.617759
2 0.798834 0.644612
1 0.802936 0.716024
2 0.799302 0.727363
1 0.800635 0.74374
1 0.798921 0.764932
2 0.80094 0.778535
1 0.798359 0.811943
1 0.801052 0.901358
1 0.798253 0.969521
1 0.806413 0.00348857
1 0.805866 0.0216865
1 0.805074 0.0888765
0 0.804111 0.15321
1 0.805337 0.171233
1 0.807537 0.229069
0 0.805817 0.269677
2 0.807821 0.308162
2 0.809192 0.350762
2 0.804269 0.364292
2 0.806962 0.391592
2 0.808608 0.413176
0 0.807499 0.432903
2 0.805964 0.443051
2 0.808215 0.463425
1 0.809218 0.482027
2 0.808232 0.516326
2 0.807786 0.544442
2 0.808372 0.558589
2 0.809326 0.577295
2 0.803929 0.660331
2 0.805458 0.67397
1 0.807136 0.694803
2 0.807713 0.800101
1 0.807276 0.836368
1 0.806079 0.854775
0 0.809034 0.869599
1 0.80643 0.883212
1 0.809265 0.93861
0 0.805711 0.953283
2 0.813317 0.209385
2 0.813309 0.247825
1 0.812288 0.285545
2 0.814422 0.326196
1 0.810446 0.380497
2 0.810339 0.502608
2 0.810107 0.526871
2 0.811618 0.588422
2 0.811602 0.636438
1 0.812421 0.650074
2 0.815472 0.681699
2 0.812841 0.707315
1 0.814426 0.730877
2 0.810844 0.740618
2 0.811533 0.764454
0 0.810009 0.917033
1 0.817187 0.0379827
1 0.816944 0.063623
1 0.817154 0.130425
1 0.817278 0.158384
1 0.821787 0.183722
0 0.819908 0.232358
2 0.821324 0.279586
1 0.818313 0.306088
1 0.821156 0.335424
1 0.819851 0.359727
2 0.819511 0.372465
2 0.816905 0.39847
2 0.819728 0.41793
2 0.817304 0.434743
2 0.819519 0.449079
2 0.82194 0.461322
2 0.818257 0.476651
1 0.818622 0.534171
2 0.819396 0.552343
2 0.821349 0.566294
2 0.821939 0.577732
2 0.816248 0.603566
2 0.820372 0.67027
0 0.821772 0.760081
1 0.816456 0.78305
1 0.817906 0.807486
1 0.821899 0.883114
0 0.82365 0.0137149
0 0.825624 0.0812623
1 0.823782 0.107492
1 0.826743 0.205846
1 0.82765 0.265579
1 0.825704 0.393938
1 0.825442 0.4277
0 0.826889 0.471863
2 0.828037 0.506049
1 0.822576 0.514554
0 0.827909 0.590642
2 0.822205 0.618487
2 0.823773 0.641045
2 0.824028 0.657759
0 0.827224 0.685573
2 0.822307 0.695605
2 0.824595 0.735237
1 0.825802 0.824372
1 0.827907 0.85734
1 0.825665 0.900964
1 0.827709 0.933522
1 0.826418 0.954938
1 0.823464 0.976204
1 0.822253 0.996569
0 0.8322 0.125439
2 0.834011 0.244611
1 0.830477 0.29002
2 0.829632 0.304877
2 0.832196 0.325576
2 0.831933 0.344519
2 0.829879 0.363265
2 0.833299 0.38652
2 0.833852 0.40038
0 0.83105 0.409629
2 0.833258 0.443218
2 0.82923 0.489452
2 0.831194 0.519917
2 0.833236 0.534033
1 0.832404 0.551062
2 0.833756 0.568589
2 0.831625 0.611296
1 0.831284 0.625248
2 0.833634 0.674886
1 0.828643 0.718617
1 0.830519 0.774749
0 0.830051 0.793617
1 0.833374 0.807699
0 0.82915 0.844713
1 0.829909 0.915992
1 0.839283 0.00409024
1 0.839431 0.0219049
1 0.834508 0.0656151
1 0.835583 0.156152
0 0.837383 0.171319
2 0.83981 0.216772
1 0.834372 0.231793
2 0.836414 0.277463
1 0.839294 0.310763
1 0.836409 0.455867
2 0.839715 0.466329
1 0.836984 0.500206
2 0.83758 0.745174
2 0.834785 0.764646
1 0.835962 0.87817
1 0.842552 0.0476882
1 0.841259 0.0848311
1 0.842263 0.113038
1 0.845344 0.130918
0 0.843034 0.336748
1 0.841999 0.355338
1 0.842497 0.372135
1 0.842829 0.388927
2 0.840956 0.422636
2 0.845381 0.445893
1 0.842362 0.479046
2 0.84444 0.493496
2 0.841582 0.50873
2 0.842668 0.523562
2 0.843557 0.608702
2 0.844291 0.637897
1 0.84077 0.657178
2 0.843339 0.704862
2 0.844652 0.728632
1 0.843589 0.822265
1 0.841699 0.850429
1 0.840695 0.89757
1 0.846116 0.914251
0 0.845089 0.97376
1 0.852058 0.147052
1 0.848856 0.181102
1 0.847525 0.24658
1 0.848354 0.266604
1 0.846712 0.291586
2 0.847311 0.399402
1 0.850023 0.426166
2 0.85242 0.462056
1 0.852152 0.512652
0 0.849986 0.538402
2 0.846819 0.549782
1 0.84822 0.567993
2 0.848955 0.580188
2 0.848275 0.594495
2 0.851592 0.663708
2 0.850736 0.680244
1 0.848339 0.767072
1 0.850168 0.791853
1 0.84806 0.863876
1 0.852422 0.878182
1 0.850915 0.950536
1 0.857576 0.00162906
1 0.85581 0.0302296
1 0.857665 0.105484
1 0.858415 0.213491
0 0.855501 0.278532
1 0.858849 0.305028
1 0.852943 0.324159
2 0.855775 0.336632
2 0.853535 0.356246
2 0.853096 0.37291
2 0.852909 0.386972
0 0.856952 0.440426
2 0.85839 0.479113
1 0.85752 0.490838
2 0.853729 0.627521
2 0.858564 0.649477
1 0.857502 0.693922
2 0.855509 0.715244
1 0.856159 0.733762
0 0.853975 0.754792
2 0.857053 0.775914
1 0.855564 0.834444
0 0.854993 0.903723
1 0.860778 0.0643283
0 0.859716 0.0787458
1 0.864944 0.176342
1 0.859543 0.195562
1 0.86236 0.232105
1 0.864868 0.287752
0 0.863617 0.391581
1 0.860875 0.411956
1 0.864522 0.464708
2 0.863179 0.499127
2 0.859676 0.528342
2 0.864231 0.56673
1 0.86275 0.589539
2 0.862383 0.600476
1 0.864465 0.612981
1 0.859555 0.672744
1 0.864603 0.801475
1 0.859247 0.850576
1 0.861044 0.929241
1 0.868552 0.134555
1 0.86741 0.154743
2 0.867666 0.247431
1 0.871135 0.32129
2 0.865562 0.347542
1 0.865523 0.358276
2 0.869668 0.370931
2 0.867222 0.40221
2 0.865979 0.42884
2 0.865705 0.447664
1 0.870726 0.517546
2 0.869461 0.629187
2 0.868119 0.663193
0 0.867991 0.72603
1 0.868815 0.743763
1 0.866213 0.761752
1 0.870743 0.786798
1 0.865845 0.81794
1 0.866184 0.868876
1 0.865844 0.895025
2 0.872999 0.00805944
1 0.872473 0.260078
2 0.876471 0.285305
1 0.875811 0.339767
1 0.874131 0.438633
1 0.874393 0.481089
2 0.874437 0.529931
2 0.871838 0.549358
2 0.873507 0.581448
2 0.871579 0.643909
1 0.876984 0.678303
2 0.871531 0.706969
1 0.873814 0.83384
0 0.873323 0.847615
2 0.876817 0.877862
1 0.871424 0.913299
1 0.872791 0.956817
1 0.878623 0.0441997
1 0.877348 0.0897898
1 0.88269 0.105318
2 0.879977 0.121195
0 0.878864 0.187874
1 0.880894 0.205549
0 0.882067 0.225374
1 0.881393 0.306192
0 0.882915 0.32111
2 0.877801 0.38524
1 0.878192 0.39673
2 0.879729 0.454639
2 0.880367 0.490058
2 0.878782 0.506784
2 0.88129 0.562298
0 0.883186 0.642688
1 0.879824 0.725014
2 0.880052 0.746581
0 0.880447 0.812146
1 0.882557 0.857858
0 0.88323 0.942441
1 0.880714 0.978468
1 0.886554 0.0711347
1 0.88496 0.137971
1 0.884935 0.239091
1 0.886455 0.274506
2 0.884983 0.410573
0 0.886699 0.423648
2 0.885876 0.475548
1 0.88899 0.536706
2 0.886689 0.624903
2 0.884814 0.660926
0 0.887711 0.692149
1 0.884417 0.705758
1 0.888363 0.757304
1 0.885449 0.772527
1 0.887313 0.839926
1 0.883609 0.899708
1 0.885732 0.923232
1 0.895469 0.00308917
1 0.892514 0.024336
0 0.894684 0.0840931
1 0.895045 0.168832
1 0.892955 0.192652
1 0.895411 0.215131
1 0.890961 0.291449
2 0.890912 0.352971
1 0.894618 0.371247
1 0.891349 0.505623
2 0.890716 0.52396
1 0.893565 0.55603
0 0.891081 0.595631
2 0.889982 0.60773
2 0.892322 0.721019
1 0.892291 0.877831
1 0.894143 0.960685
0 0.897142 0.0441706
1 0.897552 0.120497
1 0.895974 0.149521
2 0.898644 0.249999
2 0.898481 0.306325
1 0.897943 0.339212
2 0.901523 0.388363
1 0.896279 0.402236
2 0.899376 0.417323
1 0.896187 0.440676
2 0.898348 0.455057
0 0.901591 0.477208
1 0.89582 0.578661
1 0.899238 0.622815
2 0.896051 0.677113
1 0.897342 0.741626
1 0.900091 0.767181
1 0.897893 0.790131
1 0.901029 0.818011
1 0.899306 0.863423
0 0.900581 0.907503
1 0.903333 0.100526
1 0.905717 0.135784
1 0.902608 0.268877
1 0.905794 0.320276
2 0.902712 0.504506
2 0.907597 0.523798
0 0.90768 0.537476
2 0.906512 0.602276
2 0.902497 0.638222
1 0.905483 0.652391
1 0.902549 0.834989
1 0.903711 0.931932
1 0.912765 0.0869808
1 0.90953 0.18336
1 0.910451 0.203738
1 0.90973 0.227089
2 0.911679 0.286816
0 0.910859 0.365563
1 0.910351 0.413243
2 0.909318 0.439675
1 0.910978 0.450911
2 0.909894 0.486882
2 0.909549 0.551051
2 0.909206 0.570988
1 0.909233 0.682335
1 0.91063 0.702713
0 0.914046 0.82783
1 0.908948 0.851711
1 0.914022 0.87745
1 0.912372 0.950811
1 0.908159 0.980494
0 0.919409 0.0087402
1 0.917303 0.0338009
1 0.916766 0.0699898
1 0.914513 0.123004
1 0.919779 0.151736
1 0.91771 0.305689
1 0.915593 0.351017
1 0.915915 0.469769
1 0.920121 0.523294
1 0.915601 0.58799
2 0.915366 0.622721
1 0.91961 0.637894
0 0.916107 0.720632
1 0.916161 0.747939
1 0.916285 0.763763
1 0.916307 0.897351
1 0.919763 0.917707
0 0.92169 0.17143
1 0.922046 0.238972
1 0.922875 0.267901
1 0.920711 0.334457
2 0.922003 0.381848
1 0.926233 0.423929
1 0.921951 0.489117
1 0.920279 0.555663
0 0.921121 0.666532
2 0.925631 0.68408
0 0.920603 0.78213
1 0.920267 0.80009
1 0.922592 0.843077
0 0.92128 0.862744
0 0.927487 0.108906
1 0.930424 0.139643
1 0.92899 0.197027
0 0.926412 0.213699
1 0.928538 0.394659
0 0.928187 0.412111
1 0.92895 0.447682
2 0.928026 0.533677
2 0.932038 0.559715
2 0.932231 0.5884
1 0.931435 0.604775
1 0.926552 0.734069
0 0.930423 0.750022
1 0.932475 0.810379
1 0.931637 0.827816
0 0.927175 0.963067
1 0.934152 0.0774315
1 0.93696 0.125145
1 0.937704 0.249655
0 0.936235 0.303217
1 0.933655 0.318347
2 0.938338 0.332131
1 0.932738 0.347412
2 0.934438 0.501785
1 0.937269 0.514239
1 0.93765 0.54376
1 0.934045 0.625166
1 0.935496 0.649542
1 0.933562 0.670372
1 0.937281 0.695965
1 0.934116 0.717387
1 0.936772 0.908504
1 0.938424 0.981387
1 0.9418 0.0130639
1 0.938998 0.0554879
1 0.940387 0.160772
1 0.944744 0.229945
1 0.940713 0.27655
1 0.938893 0.36595
1 0.939823 0.461738
0 0.942138 0.476026
1 0.938978 0.575627
1 0.944233 0.76149
1 0.938929 0.793974
1 0.941547 0.883671
0 0.938881 0.926397
1 0.942893 0.957489
1 0.945445 0.0990679
0 0.94828 0.143435
1 0.948086 0.175446
1 0.945104 0.210812
1 0.945493 0.393894
1 0.946463 0.426391
0 0.946382 0.442894
0 0.949593 0.525002
1 0.946042 0.592899
0 0.949599 0.606879
1 0.947712 0.73614
1 0.950861 0.819446
1 0.947157 0.836535
1 0.945853 0.860882
1 0.955618 0.0408181
0 0.956266 0.0632093
1 0.955746 0.0860239
1 0.952038 0.130198
1 0.956102 0.193675
1 0.956872 0.317813
1 0.954852 0.377134
1 0.9549 0.410461
1 0.953267 0.492839
1 0.952911 0.635241
2 0.952505 0.658337
1 0.956183 0.702415
1 0.953921 0.782806
1 0.953172 0.801304
1 0.958887 0.259425
1 0.957477 0.290862
1 0.959916 0.335052
1 0.962473 0.356225
1 0.962249 0.395243
1 0.95737 0.45147
1 0.959296 0.47299
1 0.957385 0.539421
1 0.961418 0.569646
0 0.958583 0.721478
1 0.958051 0.752829
1 0.962806 0.842443
0 0.961362 0.859145
1 0.962866 0.879007
1 0.962488 0.960735
0 0.959807 0.992904
1 0.965607 0.120727
0 0.967327 0.172568
1 0.968171 0.43447
1 0.969026 0.651964
1 0.968407 0.768802
0 0.967472 0.824411
1 0.964982 0.908237
1 0.965753 0.935194
1 0.972037 0.0247753
1 0.972919 0.0753962
1 0.971382 0.102162
1 0.971827 0.1546
1 0.970949 0.209486
0 0.970357 0.245925
1 0.973921 0.303679
1 0.975099 0.322992
1 0.971336 0.514754
1 0.971328 0.590304
1 0.970004 0.675341
1 0.974413 0.742471
1 0.971485 0.798625
0 0.980747 0.13781
1 0.976533 0.279795
1 0.976938 0.342373
1 0.977941 0.413309
1 0.979387 0.471823
1 0.976429 0.49594
1 0.978701 0.533751
0 0.97858 0.564987
1 0.978738 0.618267
1 0.980725 0.69388
1 0.97818 0.717763
2 0.979376 0.783416
1 0.979792 0.860775
2 0.979845 0.923425
1 0.976004 0.976593
1 0.981281 0.99903
1 0.983471 0.0534829
1 0.98744 0.125537
1 0.986694 0.191702
1 0.98448 0.230456
1 0.982146 0.381502
0 0.9843 0.397952
0 0.982872 0.445801
1 0.985964 0.826636
1 0.986776 0.844569
1 0.983508 0.903324
1 0.989004 0.0896914
1 0.991947 0.106835
1 0.987982 0.165828
1 0.987822 0.249187
1 0.993727 0.268265
1 0.991515 0.29809
1 0.990428 0.356803
1 0.993185 0.433883
0 0.992781 0.507422
1 0.991069 0.636869
1 0.989741 0.768888
1 0.989696 0.80111
0 0.992578 0.879423
1 0.99032 0.940625
1 0.988047 0.961517
0 0.998378 0.0744767
1 0.995891 0.317801
1 0.999294 0.33526
1 0.997377 0.409617
1 0.995963 0.481892
1 0.998848 0.551009
1 0.999047 0.57174
1 0.995317 0.605076
0 0.99755 0.66621
1 0.997362 0.815259
0 0.999543 0.974714
