1 0.000794699 0.0675557
1 0.00464148 0.211512
1 0.00609596 0.281874
1 0.0020112 0.367938
1 0.00158668 0.43519
0 0.000872172 0.478654
1 0.0033092 0.535335
1 0.00346056 0.555366
0 0.00442551 0.590537
0 0.00345611 0.709162
1 0.00316588 0.840508
0 0.000785814 0.915996
0 0.00960068 0.0372487
1 0.00815468 0.109791
0 0.00866126 0.162214
1 0.0113948 0.234382
1 0.0086172 0.320439
1 0.0102268 0.454805
0 0.010423 0.516084
1 0.00789517 0.60516
1 0.00686916 0.625036
1 0.0115426 0.647574
1 0.00831009 0.739411
1 0.00950253 0.774378
1 0.00893623 0.882102
1 0.0100161 0.944899
1 0.00716547 0.963002
1 0.0177739 0.0198462
1 0.0127706 0.18481
1 0.01596 0.257871
1 0.0125585 0.347919
0 0.0172084 0.408669
1 0.0178831 0.484806
1 0.0155317 0.812039
1 0.0174696 0.919193
1 0.0161044 0.988925
0 0.0199425 0.362972
1 0.0235418 0.548866
1 0.01921 0.573853
1 0.0232239 0.675453
1 0.0222361 0.791001
0 0.0228133 0.863368
1 0.0257584 0.07025
1 0.0251417 0.146108
1 0.0289593 0.210307
1 0.029497 0.293012
0 0.025061 0.315031
1 0.0248738 0.380154
1 0.0263446 0.503036
1 0.0280271 0.602796
1 0.0274289 0.619877
1 0.0256796 0.751418
0 0.02672 0.770672
1 0.0275489 0.835239
1 0.0298358 0.880017
1 0.0260451 0.903942
1 0.0272319 0.945762
2 0.0300159 0.96407
1 0.0310503 0.00832254
1 0.0309312 0.442876
1 0.0322115 0.464331
1 0.0363309 0.521397
0 0.0349294 0.556903
1 0.0339788 0.658252
1 0.0333428 0.70028
1 0.032386 0.726992
1 0.0390857 0.0370855
1 0.03685 0.0943732
0 0.0392407 0.271601
1 0.0412514 0.33041
1 0.0404742 0.366682
0 0.0398292 0.481645
0 0.0394497 0.637193
1 0.0390627 0.819572
1 0.0417057 0.924309
1 0.0401518 0.983402
0 0.0456314 0.00418625
1 0.0468251 0.0209477
1 0.0470827 0.067454
1 0.043804 0.12596
0 0.0456358 0.146983
1 0.0476388 0.171316
1 0.0455924 0.243779
1 0.0478377 0.413869
1 0.0436524 0.595785
1 0.0448245 0.618335
1 0.0443089 0.795672
0 0.0456873 0.902059
1 0.0450756 0.946063
0 0.0496813 0.221504
2 0.0543135 0.354507
1 0.0506489 0.388013
1 0.0517992 0.504566
1 0.0523262 0.542184
1 0.0499127 0.579859
1 0.050482 0.675148
1 0.0539511 0.719561
1 0.0494655 0.749727
1 0.0546119 0.779942
0 0.0544544 0.839881
1 0.0491337 0.857942
1 0.0564447 0.0357427
1 0.0568759 0.0830366
1 0.0573159 0.278
1 0.0577054 0.305825
1 0.0570543 0.448907
0 0.0553837 0.602029
1 0.056268 0.634783
2 0.0612961 0.658597
1 0.0582651 0.694041
1 0.060527 0.910967
1 0.0601891 0.936144
1 0.0556173 0.971834
1 0.0652849 0.00316477
1 0.0668707 0.0191244
0 0.0653934 0.0643309
1 0.0659945 0.102072
1 0.0641377 0.200039
2 0.063032 0.478368
0 0.0648804 0.522211
1 0.0654007 0.560241
1 0.064739 0.79743
1 0.0631149 0.890601
1 0.0718205 0.163449
1 0.0723681 0.264301
0 0.0691901 0.382589
1 0.0698037 0.398413
1 0.0689815 0.41993
1 0.0678499 0.591643
1 0.0718924 0.6461
1 0.0679026 0.768352
1 0.0710543 0.826463
1 0.0702409 0.861245
1 0.0719974 0.952788
1 0.0737923 0.0336768
1 0.0752894 0.0815605
1 0.0793905 0.139276
1 0.0778684 0.236696
1 0.0743937 0.331679
0 0.075581 0.441531
2 0.0744001 0.462844
2 0.0747946 0.492984
2 0.0745464 0.612002
1 0.0796974 0.665047
1 0.0754501 0.704578
2 0.0745814 0.723006
1 0.0818529 0.00848276
1 0.0802652 0.0587793
0 0.0836979 0.112476
2 0.0818806 0.307336
1 0.0805028 0.363422
2 0.0851588 0.400755
1 0.0830431 0.517477
2 0.085159 0.580328
1 0.0824644 0.60162
1 0.0821122 0.628944
2 0.0834604 0.683517
1 0.0800324 0.749714
0 0.0857761 0.795658
1 0.0850831 0.84511
1 0.083309 0.88191
1 0.0804445 0.97616
1 0.0878182 0.290024
2 0.0891066 0.424913
1 0.0913003 0.455051
1 0.0895585 0.481445
2 0.0860403 0.539851
2 0.0897193 0.646489
1 0.0904997 0.731693
1 0.0941406 0.0222249
1 0.0926042 0.094078
1 0.0921975 0.213255
2 0.0949666 0.339308
2 0.0925234 0.380888
2 0.0937942 0.522117
0 0.0939158 0.554642
2 0.0950795 0.594707
0 0.0924272 0.6174
0 0.0933692 0.667348
1 0.0954708 0.697071
1 0.0940887 0.776945
1 0.0951345 0.917145
1 0.0921551 0.937279
0 0.0969878 0.958729
1 0.104239 0.00871743
0 0.10001 0.0426666
1 0.10261 0.0626783
1 0.10296 0.134833
1 0.0996581 0.163784
2 0.102737 0.261058
2 0.0991714 0.362197
1 0.0993331 0.40763
2 0.10108 0.442213
2 0.0992878 0.508077
2 0.103035 0.538577
1 0.0991246 0.581079
1 0.100885 0.627614
0 0.10022 0.717215
1 0.104141 0.753092
1 0.101408 0.823731
1 0.101306 0.895872
0 0.104818 0.187888
0 0.109621 0.347641
2 0.107845 0.398155
2 0.108615 0.420202
1 0.108965 0.432599
2 0.107594 0.461709
2 0.104596 0.47816
2 0.106412 0.567958
1 0.105158 0.601568
1 0.109932 0.654535
1 0.10907 0.733932
1 0.106561 0.792422
2 0.104702 0.842553
0 0.116459 0.0842542
1 0.115075 0.115514
1 0.114588 0.243908
1 0.114915 0.32028
1 0.115348 0.385347
2 0.11391 0.498809
2 0.110999 0.620922
2 0.112107 0.641785
1 0.112745 0.773497
1 0.112336 0.870919
1 0.122653 0.0407047
1 0.120463 0.219386
1 0.118723 0.270163
2 0.119305 0.285785
2 0.119317 0.372268
2 0.119126 0.442028
0 0.120108 0.458125
1 0.122242 0.48656
0 0.11926 0.508928
2 0.117823 0.524335
2 0.116581 0.549061
1 0.117914 0.572098
2 0.116789 0.592805
1 0.12081 0.612977
2 0.117296 0.68995
1 0.117483 0.703826
0 0.11943 0.756559
1 0.122339 0.849475
0 0.116595 0.905259
1 0.120173 0.969605
1 0.124095 0.00119631
1 0.124043 0.0244398
1 0.124848 0.133187
2 0.127593 0.310982
2 0.125739 0.335009
2 0.122762 0.395845
0 0.123749 0.410037
2 0.124439 0.427361
2 0.125337 0.468314
2 0.128313 0.496451
2 0.125968 0.631347
2 0.126764 0.659749
0 0.12314 0.808595
1 0.124397 0.827487
1 0.126817 0.932502
1 0.130752 0.0584103
1 0.134851 0.174188
1 0.132793 0.198541
2 0.131229 0.358202
1 0.134299 0.433837
2 0.131698 0.511196
1 0.130782 0.530431
1 0.130955 0.550573
2 0.133863 0.57164
1 0.131021 0.677881
2 0.133436 0.715749
1 0.133127 0.792932
1 0.133544 0.869703
1 0.130548 0.889634
2 0.137245 0.00510794
1 0.138815 0.0876782
1 0.137335 0.115315
1 0.137035 0.236046
2 0.140699 0.326811
2 0.135691 0.381605
1 0.140132 0.392705
2 0.136413 0.417085
2 0.135033 0.45858
2 0.139197 0.53894
1 0.1351 0.595057
2 0.139023 0.60982
2 0.140204 0.698985
1 0.136438 0.766077
1 0.138265 0.912612
1 0.14298 0.0341082
2 0.146793 0.158754
0 0.141751 0.260074
1 0.142427 0.344381
1 0.142839 0.466673
2 0.141255 0.476921
2 0.141225 0.52527
0 0.141277 0.641546
2 0.144611 0.676993
1 0.144219 0.740858
1 0.144845 0.812429
0 0.141514 0.847663
1 0.141635 0.962071
0 0.148195 0.0579543
1 0.151702 0.126351
2 0.148646 0.277581
0 0.150947 0.306364
2 0.151022 0.405829
2 0.151457 0.419895
2 0.152794 0.437507
2 0.148673 0.452291
2 0.152409 0.470867
2 0.147705 0.488628
1 0.151567 0.527689
2 0.150735 0.559403
2 0.149434 0.59501
2 0.147243 0.626104
2 0.147931 0.662468
1 0.150549 0.691287
1 0.149371 0.717933
1 0.151119 0.831674
1 0.153368 0.899047
1 0.155765 0.00695092
1 0.158271 0.0863629
0 0.155504 0.102603
1 0.156383 0.21321
2 0.157233 0.322415
2 0.154174 0.348381
2 0.15578 0.363566
2 0.153505 0.386788
0 0.159314 0.460043
1 0.154052 0.500381
2 0.157222 0.511522
2 0.158944 0.569648
1 0.154739 0.584231
1 0.153984 0.616663
2 0.153787 0.637555
1 0.159414 0.656421
2 0.15526 0.705021
2 0.158855 0.727468
1 0.156 0.768165
1 0.155687 0.788078
1 0.156713 0.855448
1 0.155452 0.879556
1 0.156149 0.980253
0 0.164809 0.0240621
1 0.160154 0.0471856
1 0.163667 0.150687
1 0.163824 0.194614
1 0.164141 0.270738
2 0.164714 0.337058
2 0.164778 0.408016
1 0.161326 0.42711
1 0.160096 0.479289
2 0.16046 0.536755
2 0.165216 0.585139
2 0.161254 0.627057
2 0.163646 0.681554
1 0.161806 0.921586
0 0.160428 0.943182
1 0.168894 0.0632313
1 0.169208 0.174096
2 0.167835 0.288222
2 0.166991 0.311881
0 0.165906 0.356909
2 0.170288 0.432295
2 0.169352 0.44996
2 0.168499 0.466232
2 0.171011 0.478907
2 0.170741 0.493321
0 0.170619 0.507386
2 0.169659 0.519402
1 0.16799 0.551921
2 0.170531 0.573917
2 0.167101 0.601773
2 0.169394 0.649818
2 0.166377 0.667936
2 0.169146 0.695015
0 0.171439 0.719779
1 0.169101 0.750318
2 0.171576 0.763547
0 0.16708 0.797163
1 0.165717 0.813006
1 0.17168 0.833985
0 0.171349 0.893213
1 0.168893 0.962603
1 0.177089 0.0393266
1 0.174777 0.0897172
1 0.174798 0.107746
1 0.171945 0.133178
1 0.172087 0.246875
2 0.175865 0.274832
1 0.176263 0.301086
2 0.173251 0.370012
2 0.172475 0.38305
2 0.173482 0.39511
0 0.176873 0.417607
2 0.177581 0.547991
2 0.177687 0.620693
1 0.171967 0.633573
2 0.174845 0.737179
1 0.176125 0.781383
1 0.175293 0.869994
1 0.174807 0.995719
1 0.181289 0.0224315
2 0.183892 0.288642
2 0.18041 0.323378
1 0.1808 0.33501
2 0.182712 0.35323
2 0.182695 0.433053
2 0.182665 0.446683
1 0.182192 0.520205
2 0.181751 0.533168
2 0.181586 0.558703
2 0.182987 0.579776
0 0.179999 0.596748
2 0.182236 0.608039
2 0.180687 0.64209
2 0.181517 0.655094
2 0.178903 0.672666
2 0.183889 0.723056
1 0.180935 0.938387
1 0.184843 0.0575923
1 0.18601 0.155914
1 0.187956 0.186598
0 0.18913 0.199161
1 0.189074 0.21683
2 0.189171 0.265933
2 0.187891 0.301901
2 0.187547 0.371222
2 0.184395 0.40093
2 0.186568 0.412551
2 0.18414 0.465409
1 0.186057 0.474858
2 0.185221 0.499141
2 0.185506 0.511054
1 0.188498 0.688015
2 0.184064 0.698989
2 0.188456 0.754522
1 0.188705 0.799654
1 0.189157 0.845672
1 0.187957 0.883581
1 0.184665 0.918759
0 0.190827 0.0809012
1 0.196199 0.0978025
2 0.194815 0.345842
1 0.192247 0.381772
2 0.19522 0.395915
1 0.194508 0.405676
2 0.195671 0.436175
1 0.195964 0.446002
2 0.191799 0.456447
2 0.195026 0.471138
2 0.192518 0.482652
1 0.194007 0.49543
0 0.193151 0.55044
2 0.192833 0.567066
2 0.193898 0.612987
2 0.194616 0.624179
2 0.191752 0.636034
0 0.190814 0.647962
2 0.190706 0.666079
2 0.194829 0.677443
1 0.193814 0.712574
2 0.194176 0.736507
1 0.19237 0.765921
2 0.191409 0.781307
1 0.191273 0.822073
2 0.193042 0.862199
1 0.191563 0.960987
1 0.197198 0.0435172
1 0.197008 0.12349
0 0.198581 0.140872
1 0.196655 0.170386
1 0.198922 0.233496
0 0.198553 0.272126
2 0.200753 0.304231
1 0.201242 0.317778
2 0.200306 0.370941
2 0.197583 0.415793
2 0.197822 0.525705
2 0.199155 0.540432
1 0.198008 0.584692
2 0.197172 0.600968
2 0.202424 0.662044
2 0.201791 0.720886
1 0.199159 0.903282
0 0.201496 0.92257
1 0.199327 0.994574
1 0.203648 0.0257192
1 0.203007 0.198169
1 0.207003 0.253985
2 0.204528 0.28578
1 0.203892 0.350453
2 0.204338 0.386567
2 0.205756 0.423119
2 0.207766 0.434105
1 0.20582 0.464593
2 0.2039 0.510722
2 0.207929 0.522281
1 0.205118 0.532408
2 0.203646 0.551852
2 0.206441 0.579232
2 0.206551 0.590894
1 0.202968 0.617786
2 0.202897 0.633616
2 0.205376 0.648862
2 0.203396 0.694862
2 0.208173 0.76438
2 0.205568 0.807222
1 0.209089 0.0768792
1 0.211082 0.145567
1 0.208862 0.216326
2 0.20876 0.331938
2 0.21189 0.455661
2 0.210642 0.483925
2 0.209831 0.49417
2 0.213414 0.506857
2 0.211166 0.543846
1 0.209967 0.562228
2 0.2146 0.571511
2 0.210161 0.608222
2 0.212912 0.667525
2 0.209712 0.732036
2 0.212406 0.746564
0 0.21168 0.835112
1 0.2136 0.886936
1 0.208623 0.942901
0 0.215751 0.000590906
0 0.219668 0.0509177
1 0.21664 0.105458
1 0.219512 0.19047
2 0.220069 0.246483
2 0.218839 0.270053
2 0.219265 0.282354
2 0.219216 0.300918
2 0.219386 0.313527
2 0.216744 0.342859
2 0.215831 0.358086
1 0.216109 0.374127
2 0.214819 0.389481
0 0.216049 0.406507
2 0.216664 0.439793
2 0.216712 0.474725
2 0.216348 0.534986
2 0.220719 0.554044
2 0.219419 0.585891
2 0.217205 0.597839
2 0.218051 0.634576
2 0.217564 0.653705
2 0.218094 0.683292
1 0.218459 0.710497
0 0.217536 0.784017
1 0.218697 0.802168
1 0.218711 0.915736
1 0.215435 0.973075
1 0.225717 0.0241001
1 0.221728 0.162667
0 0.221367 0.176839
1 0.226144 0.206566
1 0.223936 0.327853
2 0.22528 0.367037
2 0.226417 0.39793
2 0.226537 0.408608
2 0.22469 0.418676
1 0.2217 0.429095
2 0.223523 0.45952
1 0.222218 0.488104
2 0.224591 0.496639
1 0.221431 0.512123
2 0.220864 0.524973
2 0.22552 0.540251
2 0.221022 0.609091
2 0.220957 0.619636
1 0.221032 0.64388
2 0.225437 0.670574
2 0.226349 0.699588
0 0.224817 0.728513
2 0.22656 0.771803
2 0.226599 0.792484
2 0.226289 0.812328
1 0.221212 0.848549
1 0.223103 0.867183
1 0.229344 0.139679
0 0.229415 0.223654
1 0.228214 0.29512
2 0.231383 0.310949
2 0.232494 0.33553
2 0.23197 0.357809
2 0.22887 0.384581
2 0.231555 0.438743
2 0.229166 0.45117
1 0.233104 0.460434
2 0.229465 0.46816
2 0.232226 0.485868
2 0.230312 0.519794
2 0.230867 0.531441
2 0.22754 0.561253
2 0.229859 0.584242
1 0.231838 0.614337
2 0.232243 0.634744
2 0.231091 0.653053
1 0.227259 0.756774
2 0.230945 0.832097
0 0.232714 0.896606
1 0.23065 0.955058
1 0.233214 0.00145435
1 0.23876 0.0388385
1 0.238411 0.0615738
0 0.237974 0.0938129
1 0.236876 0.177181
2 0.238651 0.212888
2 0.236134 0.234683
2 0.237942 0.25378
1 0.2351 0.27546
0 0.237527 0.368295
2 0.238838 0.382009
2 0.23779 0.398472
2 0.237328 0.415585
2 0.23448 0.427036
1 0.238959 0.478792
2 0.23705 0.540132
2 0.238504 0.55531
1 0.233205 0.571865
2 0.234011 0.600303
2 0.234617 0.624513
2 0.235238 0.662837
2 0.236698 0.683306
2 0.236852 0.706501
2 0.234024 0.723146
2 0.238936 0.741634
1 0.237867 0.979483
1 0.245237 0.017319
1 0.241566 0.112128
0 0.24504 0.141894
1 0.241801 0.194364
2 0.240178 0.287019
2 0.244538 0.297813
2 0.241689 0.324144
2 0.243855 0.337521
1 0.240316 0.349488
2 0.24519 0.358657
2 0.239896 0.454931
2 0.241541 0.469748
2 0.242497 0.487988
1 0.242477 0.499876
2 0.243558 0.512875
2 0.241058 0.529716
2 0.243362 0.564048
2 0.240087 0.584443
1 0.244751 0.67163
2 0.239717 0.69483
2 0.243287 0.760317
2 0.241095 0.779009
2 0.24322 0.803244
2 0.239462 0.85543
1 0.240817 0.918598
1 0.243514 0.938754
1 0.248345 0.158621
2 0.251482 0.177856
1 0.249702 0.221391
1 0.25032 0.244192
0 0.249192 0.260269
2 0.249661 0.276137
2 0.245503 0.313604
2 0.245532 0.373686
2 0.249153 0.391415
2 0.247432 0.405177
2 0.246899 0.43139
0 0.246984 0.449847
2 0.250999 0.472685
2 0.250051 0.503676
2 0.250252 0.53218
2 0.247054 0.544518
0 0.248999 0.553916
2 0.247539 0.575443
2 0.249766 0.586318
2 0.250243 0.602146
2 0.245509 0.611767
2 0.247764 0.622062
2 0.246618 0.632505
2 0.247509 0.647536
2 0.248823 0.662108
2 0.249462 0.679661
2 0.250689 0.694584
1 0.248535 0.715071
1 0.24654 0.792157
2 0.245923 0.823545
1 0.250274 0.86366
1 0.25147 0.888182
1 0.253266 0.304528
2 0.256936 0.313022
2 0.253077 0.324765
1 0.254211 0.337008
2 0.25279 0.350418
1 0.254785 0.364684
2 0.254771 0.377258
1 0.256341 0.407937
2 0.254133 0.424381
2 0.252887 0.485428
2 0.25492 0.494489
1 0.25226 0.518403
2 0.256742 0.593317
0 0.255868 0.642557
2 0.255046 0.724555
2 0.257624 0.736377
1 0.254217 0.749465
2 0.255917 0.765511
1 0.257394 0.776884
2 0.257583 0.787168
2 0.257354 0.80189
1 0.25621 0.818264
0 0.255216 0.844054
0 0.256677 0.926433
1 0.261749 0.0453034
1 0.258343 0.131686
0 0.257732 0.190934
2 0.258353 0.207878
2 0.258146 0.22837
2 0.257923 0.253678
2 0.263096 0.282003
2 0.258536 0.294135
2 0.263778 0.328098
2 0.262914 0.339334
2 0.258274 0.387658
2 0.259037 0.398077
2 0.259975 0.416389
1 0.263489 0.427252
2 0.262045 0.437736
2 0.257767 0.451292
2 0.258314 0.465163
0 0.263057 0.501335
2 0.261254 0.520223
2 0.259246 0.546411
2 0.26042 0.558584
2 0.259426 0.571346
2 0.260258 0.584184
2 0.260175 0.609402
2 0.25899 0.632047
2 0.25799 0.673116
2 0.262549 0.688362
2 0.260346 0.699453
2 0.258195 0.711537
2 0.26324 0.828067
2 0.259314 0.855605
1 0.261294 0.908925
1 0.263205 0.943942
1 0.258459 0.989819
2 0.267422 0.0690037
1 0.26424 0.0916155
1 0.268469 0.147193
1 0.267983 0.167821
2 0.26897 0.182246
1 0.269412 0.26962
2 0.268028 0.305487
2 0.269392 0.316504
2 0.263857 0.366103
2 0.265764 0.406593
2 0.26935 0.418959
1 0.266383 0.44912
1 0.268173 0.472425
2 0.265683 0.484579
2 0.265425 0.510444
1 0.263993 0.539371
2 0.269199 0.562388
2 0.269452 0.5869
2 0.26887 0.601561
2 0.263986 0.623086
2 0.26517 0.660097
1 0.267403 0.677823
2 0.268912 0.708443
2 0.266194 0.726087
2 0.266845 0.754063
2 0.269038 0.774698
2 0.269537 0.809201
1 0.264422 0.873854
1 0.265534 0.967132
0 0.271992 0.027963
1 0.276039 0.197431
2 0.270195 0.22454
2 0.271418 0.239125
1 0.275036 0.250059
2 0.270187 0.258508
0 0.272857 0.288322
2 0.274772 0.326198
0 0.270748 0.333984
2 0.271242 0.355965
2 0.273416 0.370334
1 0.273498 0.383114
2 0.272442 0.396563
2 0.272055 0.458644
2 0.272088 0.499396
2 0.271482 0.523448
2 0.272382 0.535371
2 0.270639 0.550213
2 0.273283 0.57495
1 0.271625 0.610544
2 0.270513 0.630138
2 0.274724 0.638875
2 0.271846 0.65254
2 0.275237 0.670003
2 0.270683 0.696177
1 0.272138 0.74385
0 0.275211 0.762515
2 0.2719 0.787567
1 0.270718 0.837172
1 0.272996 0.855243
1 0.275084 0.895601
1 0.281083 0.0121094
1 0.279999 0.123416
1 0.281033 0.180143
0 0.281446 0.21521
1 0.277818 0.231978
2 0.277873 0.278781
2 0.2797 0.307869
2 0.280322 0.340006
2 0.279758 0.36138
2 0.282027 0.399354
2 0.280794 0.40867
2 0.278514 0.43113
2 0.27715 0.47434
2 0.280754 0.488624
2 0.276998 0.513929
2 0.279126 0.558225
2 0.281504 0.571314
1 0.279598 0.58446
2 0.281687 0.594398
2 0.279089 0.621235
1 0.279027 0.646394
2 0.279219 0.659929
2 0.278916 0.68014
2 0.281757 0.692873
2 0.280421 0.715737
2 0.278807 0.728414
2 0.281649 0.796442
1 0.279529 0.806566
2 0.277582 0.826782
0 0.281175 0.870396
2 0.284865 0.100758
2 0.28416 0.164234
2 0.286923 0.223391
2 0.284806 0.259113
2 0.283665 0.288259
1 0.283328 0.350814
2 0.284385 0.374325
2 0.283328 0.388342
2 0.286206 0.420676
2 0.287146 0.436486
2 0.282428 0.444257
2 0.283698 0.454638
1 0.284829 0.463309
2 0.285031 0.502474
2 0.287868 0.524886
2 0.282432 0.540626
2 0.286212 0.552243
2 0.288342 0.601838
2 0.287062 0.627535
2 0.284614 0.638771
2 0.287139 0.649897
1 0.284899 0.701729
2 0.284939 0.748501
2 0.285045 0.760515
2 0.284702 0.779111
2 0.282259 0.849101
1 0.282777 0.935212
1 0.29287 0.0414629
2 0.289631 0.187238
2 0.290611 0.208808
1 0.292365 0.240977
1 0.290182 0.27446
2 0.293819 0.311861
1 0.28925 0.322512
2 0.290655 0.330781
2 0.290881 0.343424
2 0.290214 0.363735
2 0.291804 0.39215
0 0.29256 0.40059
2 0.293142 0.413964
2 0.293389 0.426751
2 0.292362 0.450793
2 0.294324 0.474515
1 0.288704 0.489705
2 0.293615 0.504661
2 0.293511 0.516464
2 0.292111 0.532489
2 0.290547 0.54426
1 0.292021 0.56405
2 0.290332 0.578833
2 0.289223 0.587908
2 0.293905 0.635296
2 0.291847 0.665143
0 0.28905 0.684203
1 0.290553 0.726424
1 0.288464 0.788693
2 0.28839 0.816449
0 0.289775 0.826525
1 0.288487 0.885888
1 0.290825 0.916252
2 0.28865 0.956215
0 0.290365 0.992024
1 0.297631 0.0668318
0 0.298985 0.120953
1 0.295562 0.146868
1 0.300495 0.177654
1 0.299765 0.222554
1 0.294951 0.257872
2 0.300247 0.269398
2 0.296006 0.290353
1 0.294689 0.301136
2 0.300233 0.320503
2 0.299881 0.337704
2 0.296889 0.352592
2 0.297585 0.371776
1 0.298995 0.419336
1 0.299544 0.441169
2 0.295915 0.486921
2 0.296432 0.553705
2 0.29716 0.57126
2 0.300401 0.579642
2 0.300506 0.60414
2 0.29531 0.615891
2 0.298726 0.649237
2 0.295219 0.677103
2 0.295762 0.693521
2 0.296629 0.710482
2 0.29596 0.746173
1 0.298223 0.762727
2 0.29915 0.776718
2 0.299888 0.802315
2 0.296296 0.834459
1 0.294819 0.845266
1 0.301243 0.0195569
0 0.305702 0.162557
1 0.301145 0.196662
0 0.306606 0.24007
2 0.304128 0.249595
2 0.303425 0.298186
2 0.30598 0.347794
1 0.301644 0.360015
1 0.304968 0.387175
2 0.30256 0.396476
2 0.301355 0.409043
2 0.302216 0.432816
2 0.304593 0.463054
1 0.306202 0.475569
2 0.302564 0.492876
0 0.301345 0.501237
2 0.301312 0.510621
2 0.303375 0.521817
1 0.304164 0.532561
2 0.304599 0.546393
2 0.305702 0.55895
2 0.30141 0.589263
2 0.305858 0.597286
2 0.306538 0.611121
2 0.304176 0.63552
1 0.302348 0.658631
2 0.303792 0.671183
2 0.302358 0.701158
0 0.30285 0.735619
2 0.304643 0.754159
2 0.306173 0.787022
2 0.301391 0.820904
2 0.306183 0.848874
1 0.306579 0.884027
0 0.305073 0.902047
1 0.306219 0.951329
1 0.301549 0.972633
2 0.3091 0.187168
2 0.307349 0.212285
2 0.312609 0.223051
1 0.31223 0.257035
0 0.30722 0.278065
1 0.311857 0.292829
2 0.311139 0.307051
1 0.30974 0.32989
2 0.308459 0.37749
2 0.312656 0.39803
2 0.310061 0.406703
2 0.306914 0.41579
2 0.30951 0.427888
2 0.307379 0.453022
2 0.312159 0.487537
2 0.310278 0.503056
2 0.310691 0.538014
2 0.311306 0.566481
2 0.309904 0.576215
2 0.312843 0.589251
0 0.308102 0.624235
2 0.312185 0.686193
1 0.311596 0.704637
2 0.310472 0.717848
2 0.312533 0.729073
2 0.307723 0.767489
1 0.312186 0.81179
1 0.310722 0.837511
1 0.310274 0.866662
1 0.310676 0.934874
0 0.316282 0.0483519
1 0.318663 0.130456
1 0.318121 0.151212
1 0.317217 0.177878
2 0.314656 0.24415
2 0.313106 0.26926
2 0.317289 0.285392
2 0.316099 0.317038
2 0.317479 0.334468
0 0.315518 0.34582
2 0.31594 0.358609
2 0.317351 0.370094
2 0.315623 0.38324
2 0.3146 0.438837
0 0.316204 0.46162
2 0.31768 0.478967
2 0.31567 0.51154
2 0.31562 0.526575
2 0.314583 0.546265
2 0.318426 0.560131
2 0.318858 0.573775
1 0.316017 0.581327
2 0.313495 0.603205
2 0.313694 0.617472
2 0.313335 0.652291
2 0.313747 0.661236
2 0.317275 0.676718
2 0.313202 0.695932
2 0.315044 0.739675
2 0.316149 0.752028
2 0.316474 0.777963
2 0.317745 0.802917
2 0.317342 0.829168
1 0.317012 0.965712
1 0.313828 0.991802
2 0.321298 0.0918769
1 0.322275 0.10994
2 0.319256 0.16542
0 0.322062 0.19367
1 0.324068 0.225674
2 0.321894 0.260529
2 0.321344 0.295829
2 0.32436 0.346104
2 0.320561 0.393214
2 0.319617 0.404156
2 0.32413 0.413969
1 0.321123 0.421566
1 0.320193 0.446541
2 0.322728 0.471214
2 0.323813 0.484766
1 0.324619 0.498455
2 0.319577 0.504405
2 0.322222 0.518355
2 0.323798 0.537514
1 0.320242 0.552093
2 0.324011 0.583272
2 0.321747 0.600838
2 0.322544 0.609366
2 0.322709 0.619409
2 0.320928 0.64329
2 0.322172 0.655778
1 0.323376 0.682717
2 0.321966 0.692184
2 0.323779 0.710362
1 0.325115 0.724085
1 0.319586 0.768879
0 0.324725 0.795302
1 0.320352 0.906123
2 0.329804 0.153617
2 0.329304 0.175414
1 0.327353 0.207828
2 0.329656 0.237484
1 0.326932 0.247352
1 0.327775 0.268087
2 0.327133 0.282983
2 0.326762 0.309769
2 0.331129 0.335685
2 0.325453 0.35697
2 0.327405 0.382746
2 0.330459 0.391943
1 0.329161 0.402508
2 0.330639 0.428108
2 0.326901 0.437319
2 0.330052 0.450572
2 0.326062 0.463432
1 0.329999 0.470837
2 0.32758 0.50943
2 0.32591 0.527306
2 0.330666 0.543535
2 0.327171 0.568576
2 0.331245 0.611847
2 0.330421 0.625712
2 0.326228 0.674464
2 0.331199 0.730401
2 0.33121 0.741818
1 0.328484 0.752782
2 0.325223 0.816018
2 0.32876 0.848314
0 0.329665 0.859687
1 0.331253 0.889988
1 0.326684 0.942063
1 0.334183 0.0231255
1 0.333132 0.0775553
2 0.332395 0.19347
2 0.336022 0.219591
2 0.334139 0.275792
1 0.335321 0.300764
2 0.336905 0.317561
1 0.333553 0.325795
2 0.335119 0.356494
1 0.3338 0.372986
2 0.334354 0.463715
2 0.336787 0.473356
2 0.331445 0.479726
2 0.334043 0.489001
2 0.332404 0.49944
2 0.334218 0.517366
0 0.334644 0.526299
2 0.331514 0.561428
2 0.334781 0.586822
2 0.337037 0.602072
2 0.333194 0.63994
2 0.334206 0.662245
2 0.335047 0.691543
0 0.332531 0.700369
2 0.336744 0.714251
2 0.336761 0.785002
2 0.333574 0.797537
1 0.331976 0.916784
0 0.337053 0.949662
1 0.331311 0.977941
0 0.333801 0.992339
2 0.34075 0.129521
1 0.341651 0.152063
1 0.337577 0.184193
1 0.343491 0.210601
2 0.337516 0.257653
2 0.34011 0.286897
2 0.343225 0.29808
2 0.340787 0.33139
2 0.342139 0.342987
2 0.33825 0.365084
2 0.342751 0.39092
2 0.338198 0.409461
0 0.340224 0.423542
2 0.34118 0.43237
2 0.340145 0.440508
1 0.337524 0.453678
2 0.342341 0.49125
1 0.342519 0.500388
2 0.339583 0.50737
2 0.342894 0.517723
2 0.338405 0.541096
2 0.338002 0.568546
1 0.342132 0.578196
2 0.33844 0.618684
2 0.340544 0.627639
2 0.338048 0.649852
2 0.339962 0.669143
2 0.337999 0.678362
2 0.342122 0.740588
2 0.342136 0.751462
1 0.338319 0.772997
1 0.339153 0.811027
2 0.34034 0.821226
1 0.337695 0.834233
0 0.34158 0.904243
1 0.342297 0.937858
0 0.346556 0.106234
2 0.346085 0.164803
2 0.344437 0.195972
0 0.343957 0.235891
2 0.34493 0.24761
2 0.348342 0.257263
2 0.347908 0.273804
2 0.347465 0.317611
1 0.345848 0.353713
2 0.345566 0.380617
2 0.344995 0.402825
2 0.347446 0.415084
2 0.348403 0.446998
2 0.34508 0.465819
0 0.344754 0.480799
2 0.349124 0.512064
2 0.349685 0.531163
2 0.348658 0.548008
1 0.346134 0.554749
2 0.345095 0.563547
2 0.344506 0.590469
2 0.349434 0.597007
2 0.34369 0.608495
2 0.347295 0.6386
1 0.348172 0.646466
2 0.345305 0.657595
2 0.344982 0.685652
2 0.345752 0.705719
1 0.346415 0.720279
2 0.345394 0.767314
2 0.345093 0.801792
1 0.343891 0.853025
1 0.348876 0.893148
1 0.345739 0.968774
1 0.348751 0.992908
2 0.35519 0.152268
0 0.355494 0.174718
2 0.354192 0.204198
2 0.354686 0.224865
2 0.355578 0.236164
2 0.355211 0.290764
2 0.3525 0.300047
2 0.35054 0.326777
2 0.351484 0.339337
2 0.354336 0.356258
2 0.35071 0.366812
2 0.351158 0.388196
2 0.353686 0.398607
2 0.353362 0.423167
2 0.349838 0.431533
2 0.350843 0.473584
2 0.352338 0.489404
2 0.352005 0.502775
2 0.352016 0.522339
2 0.35356 0.559031
2 0.35139 0.571581
2 0.35445 0.582899
1 0.351402 0.615907
2 0.350768 0.673358
1 0.351525 0.697127
2 0.354507 0.726767
2 0.355723 0.736524
0 0.355199 0.74682
2 0.352617 0.776865
1 0.350357 0.787299
2 0.350323 0.813017
2 0.353491 0.842157
2 0.354973 0.858399
1 0.349797 0.872924
1 0.36126 0.0205285
1 0.358878 0.0516225
1 0.361869 0.0928764
2 0.357274 0.19159
2 0.361083 0.255498
2 0.359112 0.26636
2 0.357417 0.311794
2 0.359001 0.320889
2 0.359309 0.345779
1 0.35773 0.378717
2 0.357195 0.409585
2 0.361524 0.419213
1 0.358559 0.433548
2 0.360782 0.44082
2 0.357375 0.453327
1 0.361104 0.465065
2 0.358512 0.484352
1 0.358967 0.508021
2 0.359164 0.517617
2 0.356489 0.535058
2 0.36 0.542986
1 0.359855 0.593809
2 0.359263 0.603402
2 0.360486 0.622611
2 0.35866 0.636306
2 0.356578 0.645838
2 0.35785 0.654737
2 0.360309 0.666739
2 0.356093 0.682146
2 0.360206 0.701518
2 0.356381 0.765924
2 0.358609 0.792515
2 0.355873 0.828568
1 0.359585 0.916118
1 0.360033 0.943927
1 0.361403 0.973311
1 0.365637 0.0710071
1 0.367832 0.137879
2 0.367323 0.166838
1 0.367938 0.189308
2 0.364742 0.209861
1 0.365842 0.219422
1 0.363963 0.239697
0 0.366332 0.272937
1 0.364425 0.288544
0 0.365602 0.310493
1 0.363024 0.329929
2 0.364709 0.33846
2 0.367872 0.35113
2 0.362225 0.359548
2 0.367812 0.389329
2 0.364007 0.398711
2 0.36737 0.408562
2 0.363491 0.495092
2 0.364365 0.503246
2 0.36416 0.532781
2 0.364463 0.54967
2 0.363732 0.558028
2 0.362292 0.575422
2 0.367355 0.595837
2 0.367858 0.615557
2 0.367696 0.644196
2 0.366709 0.653703
2 0.365134 0.678889
1 0.363988 0.715061
2 0.362814 0.805737
0 0.362792 0.815628
1 0.364632 0.833141
1 0.366735 0.852036
2 0.363218 0.882386
1 0.365152 0.894764
2 0.370924 0.122962
2 0.372021 0.244135
1 0.371308 0.257153
2 0.372877 0.266757
2 0.37178 0.297792
2 0.37092 0.326956
2 0.373677 0.344952
1 0.371548 0.366791
2 0.373039 0.375571
1 0.374102 0.405032
2 0.372569 0.417691
2 0.368845 0.432502
2 0.369701 0.445159
2 0.369962 0.456296
2 0.368257 0.468369
1 0.370279 0.480182
2 0.368112 0.487641
2 0.373108 0.493752
2 0.370767 0.513771
2 0.371717 0.524641
2 0.371397 0.537873
2 0.370125 0.575461
2 0.369558 0.586119
2 0.368153 0.604374
1 0.371608 0.630689
1 0.369249 0.660878
2 0.37264 0.691532
2 0.372493 0.703403
2 0.368666 0.732628
2 0.370423 0.743663
1 0.369163 0.755202
1 0.371918 0.782405
2 0.371637 0.795083
2 0.372774 0.820788
1 0.368645 0.870318
0 0.370266 0.918565
1 0.373451 0.929799
0 0.369917 0.962562
1 0.368243 0.999227
2 0.378274 0.0382676
2 0.378382 0.142892
1 0.379461 0.172648
1 0.374592 0.204676
2 0.374828 0.214681
2 0.38005 0.226679
2 0.374697 0.28162
2 0.379618 0.302724
2 0.376893 0.315354
2 0.374624 0.359066
2 0.377344 0.386823
2 0.379187 0.395991
2 0.379992 0.422667
0 0.375822 0.432781
2 0.376956 0.463836
2 0.38022 0.47433
2 0.379758 0.503916
2 0.378801 0.514488
2 0.377292 0.530621
1 0.379633 0.540001
2 0.376582 0.546748
2 0.37519 0.55492
1 0.377098 0.568089
2 0.380014 0.58053
2 0.37842 0.5956
2 0.379897 0.622517
2 0.37923 0.637994
2 0.379001 0.648029
2 0.377676 0.67021
2 0.374835 0.724305
2 0.380204 0.733059
2 0.375498 0.765124
2 0.374287 0.805926
2 0.378728 0.835381
2 0.377646 0.864408
0 0.378915 0.887122
1 0.374371 0.950263
1 0.378543 0.985196
1 0.381403 0.0862102
1 0.381994 0.111278
2 0.384273 0.163819
2 0.381866 0.239058
2 0.382652 0.256752
2 0.384 0.274068
1 0.385334 0.288632
1 0.384908 0.316587
1 0.382632 0.350739
2 0.382953 0.362957
2 0.386396 0.373368
2 0.383915 0.381853
2 0.385041 0.390163
2 0.380774 0.439831
1 0.381135 0.447546
2 0.38504 0.45305
2 0.385835 0.465415
2 0.381067 0.485567
2 0.383615 0.496548
0 0.385661 0.507458
2 0.384816 0.530555
2 0.386306 0.590563
2 0.382182 0.602684
0 0.381278 0.614941
2 0.386101 0.629116
2 0.386441 0.642142
0 0.384634 0.65271
2 0.38371 0.663148
2 0.383328 0.680815
2 0.383104 0.692956
2 0.382157 0.703826
2 0.382749 0.713851
2 0.380376 0.75017
2 0.38553 0.784889
2 0.385336 0.80869
2 0.385166 0.824604
2 0.382955 0.847988
2 0.385714 0.901811
1 0.383473 0.915921
1 0.386221 0.961677
1 0.38981 0.0498048
0 0.387989 0.0722795
2 0.388309 0.186868
2 0.390992 0.199128
2 0.386576 0.214117
1 0.390041 0.230928
1 0.391128 0.260146
2 0.389513 0.297006
2 0.390113 0.309409
2 0.388729 0.335267
2 0.389319 0.354507
2 0.391871 0.379212
1 0.39215 0.387091
2 0.386605 0.399523
2 0.387774 0.407217
2 0.387273 0.417945
2 0.387434 0.427099
2 0.387956 0.442472
2 0.392345 0.457735
1 0.389022 0.479835
2 0.389077 0.489241
2 0.39007 0.514947
2 0.387873 0.523661
2 0.388894 0.542431
2 0.386876 0.54988
2 0.389376 0.561447
2 0.390812 0.570664
2 0.387753 0.61159
2 0.391821 0.619106
1 0.3898 0.699788
2 0.391786 0.707442
1 0.389705 0.739481
2 0.389307 0.755853
1 0.38806 0.776134
1 0.391021 0.800666
2 0.391615 0.838257
2 0.390797 0.858442
2 0.388537 0.878171
1 0.392588 0.946591
1 0.394242 0.030396
2 0.395516 0.0974873
2 0.392892 0.137697
1 0.396953 0.154807
2 0.394923 0.176688
2 0.397018 0.208602
2 0.396996 0.236309
2 0.394681 0.249206
2 0.396011 0.272856
2 0.394876 0.283877
2 0.393673 0.318333
2 0.392759 0.327535
2 0.393536 0.346551
0 0.395405 0.364761
2 0.394033 0.396611
2 0.39625 0.405379
2 0.398115 0.417052
1 0.396216 0.431842
2 0.398609 0.448646
2 0.393911 0.465125
2 0.394166 0.474254
2 0.396869 0.487243
2 0.393601 0.500323
2 0.393067 0.50827
2 0.395011 0.532776
2 0.394908 0.54847
1 0.394716 0.555354
2 0.393372 0.578185
2 0.398148 0.588929
2 0.393415 0.595284
2 0.3965 0.603172
2 0.394578 0.635421
2 0.397767 0.657461
2 0.392999 0.68368
2 0.395724 0.746058
1 0.397167 0.89324
0 0.397553 0.979122
1 0.396926 0.995766
1 0.403261 0.0668215
1 0.402022 0.086929
2 0.399174 0.112476
2 0.403728 0.166342
1 0.400417 0.196735
2 0.40283 0.21957
0 0.404097 0.249537
2 0.40171 0.258904
1 0.404157 0.276346
0 0.400458 0.295052
2 0.404504 0.305401
1 0.401662 0.344243
2 0.404286 0.354399
2 0.399574 0.38953
2 0.403861 0.397794
2 0.402789 0.427463
2 0.402838 0.439808
2 0.399655 0.458239
1 0.40173 0.466153
2 0.401771 0.474482
2 0.402694 0.503275
2 0.398935 0.514748
2 0.400485 0.523646
2 0.402486 0.538964
2 0.400316 0.561369
1 0.403225 0.573038
1 0.402599 0.607012
2 0.400391 0.616561
2 0.402485 0.625047
2 0.399562 0.644296
2 0.399265 0.667969
1 0.400481 0.681215
2 0.399963 0.691196
1 0.40017 0.722136
2 0.400895 0.738105
2 0.400159 0.762604
2 0.399674 0.787213
2 0.400978 0.815367
0 0.40114 0.826742
1 0.398848 0.846469
1 0.403934 0.862942
2 0.404231 0.902874
0 0.402317 0.939275
0 0.410001 0.0209815
1 0.408044 0.0437281
1 0.406072 0.134929
2 0.407844 0.150999
2 0.40977 0.178235
2 0.405574 0.287541
1 0.409864 0.320043
2 0.410648 0.332787
1 0.406082 0.376779
2 0.40542 0.383743
1 0.405647 0.405188
2 0.406887 0.445913
1 0.406879 0.484294
2 0.405589 0.494819
2 0.406704 0.509924
2 0.407534 0.519067
2 0.410931 0.525389
2 0.40683 0.547535
2 0.410856 0.559902
2 0.405175 0.593931
2 0.405406 0.650233
2 0.406608 0.671767
2 0.410289 0.679818
2 0.409957 0.695041
2 0.405925 0.705463
2 0.409282 0.716028
2 0.407534 0.73116
2 0.411021 0.740355
2 0.407404 0.752047
0 0.409436 0.777868
2 0.408993 0.844038
2 0.404931 0.876765
1 0.405641 0.922285
2 0.414857 0.0998867
2 0.411488 0.122002
2 0.413441 0.19619
0 0.415347 0.212266
2 0.411622 0.233486
2 0.414794 0.246605
2 0.411838 0.258734
2 0.412218 0.269125
2 0.415532 0.28965
1 0.41621 0.300532
2 0.413147 0.30757
2 0.415175 0.325285
2 0.411073 0.341079
2 0.414677 0.356955
2 0.412987 0.375117
2 0.414058 0.384292
2 0.41283 0.397671
2 0.411682 0.415638
1 0.41454 0.423639
2 0.411725 0.438075
1 0.41364 0.448817
2 0.412038 0.468215
2 0.415882 0.493087
2 0.412729 0.504569
1 0.415785 0.51121
1 0.414184 0.531651
2 0.411217 0.539368
2 0.411448 0.568723
2 0.413443 0.577285
0 0.41131 0.590481
2 0.414781 0.601873
2 0.413086 0.611635
2 0.411857 0.626485
1 0.411711 0.63362
2 0.414427 0.645563
2 0.412136 0.655303
1 0.411908 0.666753
0 0.414914 0.687371
2 0.416712 0.74798
2 0.413208 0.770032
2 0.411083 0.792217
2 0.411621 0.805577
2 0.412629 0.81908
2 0.413581 0.832629
2 0.415599 0.856297
2 0.413418 0.890567
1 0.415352 0.907513
1 0.41342 0.950628
1 0.414283 0.970022
1 0.419014 0.112414
2 0.41956 0.135943
2 0.419846 0.160397
1 0.418393 0.185202
2 0.42092 0.219655
1 0.420274 0.261464
2 0.421025 0.279201
2 0.418046 0.316962
1 0.419442 0.34981
2 0.422967 0.361427
2 0.419028 0.369959
2 0.423309 0.37783
1 0.421811 0.400642
2 0.422096 0.415038
2 0.417986 0.431488
2 0.418564 0.462891
2 0.418643 0.472616
2 0.418876 0.481633
2 0.420489 0.520038
2 0.418264 0.544965
2 0.419938 0.555524
2 0.41988 0.566087
2 0.423233 0.580763
2 0.419931 0.593243
2 0.417447 0.618361
2 0.420026 0.627202
2 0.418393 0.635315
1 0.421021 0.651397
2 0.42041 0.666822
2 0.419792 0.681899
1 0.420963 0.701937
0 0.418605 0.734898
1 0.421852 0.756757
2 0.423029 0.767715
2 0.417706 0.77997
2 0.423184 0.801812
2 0.420748 0.841757
2 0.417755 0.872698
1 0.424783 0.0340081
1 0.424801 0.0592225
2 0.426712 0.0764563
1 0.429403 0.0947605
2 0.428196 0.123871
2 0.426935 0.207847
2 0.425018 0.229984
1 0.429089 0.241278
2 0.427169 0.254
2 0.428503 0.268556
2 0.428618 0.303906
2 0.42619 0.314046
1 0.427057 0.326023
2 0.428184 0.333862
2 0.4241 0.341019
2 0.427097 0.353487
2 0.429082 0.372528
2 0.426022 0.391656
2 0.425744 0.431693
2 0.423357 0.440949
2 0.424622 0.450904
0 0.428829 0.4655
2 0.429153 0.473324
2 0.428163 0.490434
2 0.428494 0.497935
2 0.423965 0.503315
2 0.425436 0.513789
2 0.423836 0.52786
2 0.428177 0.542797
2 0.428566 0.561347
1 0.425482 0.572192
2 0.425075 0.608847
2 0.428907 0.617722
2 0.426681 0.637173
2 0.428497 0.650854
2 0.428659 0.675691
2 0.428222 0.687125
2 0.426624 0.710457
2 0.427972 0.728031
2 0.428418 0.751138
1 0.423959 0.792002
1 0.424785 0.824526
1 0.42938 0.851807
2 0.428472 0.905312
1 0.424887 0.935586
1 0.427956 0.987441
1 0.433396 0.00770894
1 0.431321 0.150047
0 0.431205 0.171539
2 0.429619 0.192966
2 0.433134 0.219137
1 0.434419 0.285369
2 0.435413 0.29411
2 0.432326 0.341127
0 0.431696 0.360805
2 0.432796 0.395825
2 0.432512 0.404439
2 0.43148 0.424719
2 0.431609 0.436916
1 0.43042 0.445123
1 0.433673 0.484023
2 0.434869 0.504605
2 0.433585 0.511611
2 0.431177 0.519765
2 0.429496 0.534113
1 0.434879 0.553477
2 0.431548 0.568048
2 0.430065 0.587293
1 0.430984 0.600336
2 0.429508 0.627012
2 0.429591 0.659585
2 0.434939 0.699665
1 0.430525 0.717668
2 0.431714 0.740721
2 0.43188 0.775637
2 0.434891 0.789771
2 0.43064 0.810787
2 0.435445 0.844037
2 0.430946 0.867671
0 0.433284 0.879085
2 0.432623 0.89011
0 0.430201 0.920198
1 0.430317 0.953157
2 0.440421 0.14267
2 0.438776 0.182404
2 0.437011 0.232603
2 0.436886 0.251927
2 0.44107 0.279787
0 0.438794 0.303186
2 0.437084 0.31514
2 0.439787 0.332372
2 0.439929 0.35522
2 0.437189 0.365073
0 0.441205 0.406208
2 0.437804 0.419056
1 0.439997 0.428879
2 0.439402 0.438206
2 0.43732 0.446109
2 0.440586 0.454214
2 0.436714 0.460664
2 0.437855 0.478492
2 0.438112 0.493518
2 0.441682 0.512534
2 0.441112 0.520831
2 0.435764 0.525691
0 0.439458 0.534403
2 0.440911 0.550273
2 0.438939 0.578476
2 0.441703 0.586186
2 0.437632 0.607862
1 0.436577 0.618933
2 0.438292 0.630779
2 0.436219 0.643669
2 0.439289 0.659225
2 0.437988 0.672708
1 0.438539 0.686123
2 0.441144 0.726849
2 0.43748 0.759348
2 0.43646 0.827729
2 0.440092 0.858129
2 0.438878 0.932327
1 0.447471 0.0434538
1 0.446548 0.0853736
2 0.447512 0.103625
0 0.4469 0.118476
2 0.446606 0.160776
2 0.441971 0.198457
2 0.443104 0.214291
1 0.447014 0.228998
2 0.442698 0.242965
0 0.442711 0.258699
2 0.44364 0.289036
2 0.446568 0.308986
2 0.446387 0.320389
2 0.442574 0.344241
2 0.445208 0.378247
1 0.442549 0.388092
2 0.442813 0.396323
2 0.445399 0.433124
2 0.446913 0.449167
1 0.447414 0.459757
2 0.44398 0.475128
2 0.443253 0.486459
2 0.442631 0.504808
2 0.443857 0.528943
2 0.442718 0.542854
2 0.446444 0.554758
2 0.442275 0.560882
2 0.442984 0.594571
2 0.447701 0.605403
2 0.446727 0.616665
2 0.446157 0.626461
0 0.44629 0.64051
2 0.444037 0.648621
1 0.445027 0.669048
2 0.442747 0.703576
2 0.446963 0.712041
2 0.442546 0.736432
1 0.442278 0.745249
2 0.442068 0.775013
2 0.443777 0.803392
2 0.444654 0.815329
1 0.44382 0.890568
1 0.447307 0.942473
0 0.449869 0.0621413
1 0.452606 0.150691
1 0.44888 0.191254
1 0.450898 0.209613
2 0.449456 0.253646
2 0.453386 0.283423
2 0.450001 0.30099
1 0.448744 0.330477
2 0.450743 0.353867
2 0.44895 0.364706
2 0.451976 0.384427
2 0.450591 0.397572
2 0.448806 0.406735
2 0.452044 0.41819
2 0.453873 0.437804
2 0.453036 0.455314
2 0.449332 0.470102
2 0.451815 0.489118
2 0.448807 0.49622
1 0.448763 0.511422
2 0.448896 0.522196
2 0.450257 0.535147
2 0.449978 0.564323
1 0.451387 0.578798
2 0.452119 0.586341
1 0.449693 0.597743
2 0.453424 0.621809
2 0.453029 0.654797
2 0.452156 0.675991
2 0.448127 0.684914
2 0.452938 0.701255
2 0.453383 0.721235
2 0.452773 0.739308
2 0.449104 0.764634
2 0.453502 0.780189
1 0.453901 0.811332
2 0.45377 0.82371
0 0.44788 0.836517
1 0.451231 0.856432
2 0.453008 0.868457
2 0.449089 0.908876
1 0.448029 0.920259
0 0.449461 0.976787
1 0.458153 0.00185936
2 0.454531 0.133017
2 0.459382 0.161415
2 0.45515 0.173391
2 0.459009 0.21706
2 0.458554 0.2318
2 0.456706 0.242797
2 0.459364 0.254382
1 0.456988 0.308293
2 0.45467 0.316274
2 0.459536 0.325223
2 0.454912 0.338729
1 0.455477 0.348141
2 0.459378 0.35948
1 0.457706 0.367388
2 0.455212 0.377111
2 0.458129 0.393669
2 0.457537 0.408375
1 0.456635 0.431679
2 0.4543 0.464082
1 0.45559 0.480909
2 0.454755 0.505999
2 0.459504 0.513276
2 0.458705 0.522106
2 0.455225 0.52912
2 0.457682 0.537718
2 0.456469 0.552592
2 0.456475 0.559607
2 0.456835 0.568205
1 0.455903 0.629572
2 0.457177 0.642251
2 0.458457 0.661546
1 0.455478 0.683676
2 0.458117 0.694661
2 0.459969 0.70758
2 0.456428 0.729986
2 0.456604 0.750246
1 0.456741 0.788944
2 0.454801 0.799133
2 0.454509 0.886248
2 0.456023 0.956522
1 0.461287 0.0295956
2 0.463919 0.0852925
2 0.465244 0.108236
2 0.462727 0.195607
2 0.46529 0.206764
1 0.466105 0.223272
1 0.463525 0.264214
2 0.461011 0.27265
2 0.460151 0.290741
2 0.463249 0.371879
1 0.461002 0.385393
1 0.460888 0.402629
2 0.464237 0.422455
2 0.465838 0.429699
2 0.466212 0.444293
2 0.464365 0.45189
2 0.462692 0.460559
2 0.460999 0.4702
2 0.461302 0.483805
2 0.464079 0.492984
2 0.462397 0.50705
1 0.464611 0.545802
2 0.462936 0.574437
2 0.464839 0.58139
2 0.462069 0.592371
2 0.461708 0.603254
2 0.462166 0.631906
2 0.462139 0.669813
2 0.465562 0.679576
2 0.464423 0.723665
2 0.461714 0.742447
2 0.460161 0.770034
2 0.464413 0.813435
2 0.463983 0.832772
2 0.463803 0.845139
2 0.465226 0.859676
2 0.466246 0.875058
1 0.463414 0.911206
2 0.464825 0.925053
1 0.466263 0.127449
2 0.466472 0.148851
1 0.466918 0.172357
2 0.468077 0.182826
2 0.471822 0.232432
1 0.46772 0.241982
1 0.470807 0.284126
2 0.467615 0.295543
2 0.467705 0.306557
2 0.471849 0.327168
2 0.467271 0.336061
2 0.467298 0.347758
2 0.468134 0.364878
2 0.467179 0.380157
2 0.468162 0.390349
2 0.468683 0.415387
1 0.469744 0.459515
2 0.467293 0.473265
2 0.46984 0.487907
1 0.469091 0.501959
2 0.469076 0.514612
1 0.472365 0.524973
2 0.466293 0.521573
2 0.467513 0.532425
2 0.469378 0.539451
2 0.472246 0.556208
2 0.468393 0.561982
2 0.471054 0.571311
2 0.472285 0.583586
0 0.467254 0.599389
2 0.469735 0.610126
2 0.466764 0.62137
2 0.469371 0.641842
1 0.467064 0.65213
2 0.47126 0.66666
2 0.471779 0.685452
2 0.467735 0.693064
2 0.469026 0.70416
2 0.46959 0.731291
1 0.468798 0.759353
2 0.469632 0.768793
2 0.470186 0.802924
1 0.471265 0.823316
1 0.469029 0.93812
1 0.46871 0.983099
1 0.474061 0.04518
1 0.472685 0.0725596
2 0.474897 0.161462
1 0.475801 0.192103
2 0.476994 0.222688
2 0.478427 0.256703
2 0.475773 0.274083
2 0.476689 0.295878
2 0.472416 0.314555
1 0.474631 0.351128
2 0.473553 0.371362
2 0.47638 0.391466
2 0.476018 0.402858
2 0.474227 0.410273
2 0.473589 0.422841
1 0.474323 0.429204
2 0.475815 0.443566
2 0.472476 0.451466
2 0.475462 0.465967
0 0.474544 0.481872
2 0.474131 0.508803
2 0.474945 0.534671
2 0.474558 0.544311
2 0.477041 0.550953
2 0.477749 0.567107
1 0.477198 0.620751
2 0.476552 0.631278
2 0.475475 0.6547
0 0.472684 0.675928
2 0.474685 0.697951
2 0.474924 0.713977
0 0.47381 0.74327
2 0.477226 0.779662
2 0.474865 0.790586
1 0.476543 0.856476
0 0.475888 0.886087
2 0.474803 0.896717
1 0.477821 0.96248
0 0.483255 0.0131205
2 0.48018 0.0981222
2 0.483987 0.123085
2 0.480505 0.136273
2 0.480013 0.177267
0 0.483808 0.216615
2 0.479123 0.243624
0 0.484338 0.273921
2 0.483915 0.282078
0 0.48297 0.319643
2 0.482459 0.327663
2 0.479975 0.337511
2 0.480959 0.364298
2 0.479132 0.376896
2 0.482835 0.384217
2 0.479591 0.4151
2 0.484321 0.422452
2 0.479602 0.437516
2 0.480375 0.452699
2 0.482543 0.462069
2 0.481894 0.470949
2 0.483594 0.483914
2 0.480568 0.489843
2 0.480125 0.503095
2 0.481787 0.518626
2 0.481032 0.542376
2 0.479463 0.559995
1 0.483469 0.578249
2 0.483831 0.585023
2 0.479358 0.598636
1 0.483386 0.604166
2 0.48365 0.611527
0 0.479728 0.637595
2 0.481545 0.674812
1 0.479537 0.705644
1 0.47978 0.723556
2 0.483627 0.730247
2 0.481988 0.73984
2 0.479901 0.753124
2 0.484619 0.767298
2 0.484661 0.787998
1 0.47908 0.804999
2 0.478685 0.815729
2 0.479203 0.836607
2 0.482579 0.86914
0 0.481284 0.934215
1 0.490361 0.034075
1 0.487772 0.0869103
0 0.486886 0.157667
2 0.485025 0.205358
2 0.484929 0.228752
1 0.490184 0.239649
1 0.489138 0.29059
2 0.486982 0.299839
2 0.486715 0.312866
2 0.490783 0.325836
2 0.489339 0.33678
2 0.484971 0.349123
2 0.487792 0.358157
2 0.48993 0.368444
2 0.489501 0.377179
0 0.488083 0.389579
2 0.484814 0.404581
1 0.486353 0.416004
2 0.485361 0.431677
0 0.485595 0.442791
2 0.490349 0.458303
2 0.488466 0.46878
2 0.488112 0.488957
1 0.487908 0.498431
2 0.490708 0.511608
2 0.486922 0.527247
2 0.484911 0.551795
2 0.484843 0.56825
2 0.487073 0.591593
2 0.49072 0.615135
2 0.487719 0.652865
2 0.486007 0.660971
1 0.490603 0.678782
2 0.485077 0.691572
2 0.488588 0.710663
2 0.4871 0.719305
2 0.490337 0.815906
1 0.489506 0.901249
1 0.485635 0.97773
1 0.485555 0.995058
0 0.491003 0.0655205
0 0.493752 0.105357
1 0.495297 0.125598
2 0.493476 0.14767
2 0.492741 0.18694
2 0.495811 0.217307
2 0.49538 0.233095
1 0.491635 0.259545
2 0.496646 0.311183
2 0.494369 0.34555
2 0.495281 0.355328
2 0.493226 0.397286
2 0.493772 0.408473
2 0.49591 0.415921
2 0.495396 0.432672
2 0.493193 0.440853
2 0.496386 0.452801
2 0.495669 0.468882
2 0.49286 0.47863
2 0.495104 0.485328
2 0.49459 0.495234
2 0.496592 0.504366
2 0.49122 0.519271
0 0.491254 0.538832
2 0.49109 0.546248
2 0.496728 0.554538
2 0.492166 0.567345
2 0.496085 0.574093
2 0.494479 0.587336
2 0.49629 0.6049
2 0.491221 0.623988
2 0.492438 0.632085
1 0.494091 0.643481
2 0.495035 0.656244
2 0.492823 0.671934
2 0.492018 0.69959
2 0.493439 0.729956
2 0.490899 0.746792
1 0.496396 0.754096
0 0.496644 0.774265
1 0.493664 0.791278
0 0.493137 0.825441
2 0.491671 0.841662
2 0.492285 0.883649
1 0.490866 0.919193
1 0.491345 0.949689
2 0.502321 0.0945149
2 0.502728 0.134863
2 0.499397 0.165288
1 0.502741 0.188529
2 0.497911 0.205976
2 0.502153 0.244573
2 0.500837 0.25593
2 0.497519 0.272975
2 0.497208 0.298039
1 0.503035 0.334062
2 0.4991 0.368084
2 0.498713 0.376353
1 0.498998 0.403919
2 0.501958 0.420352
2 0.501871 0.440896
2 0.502997 0.46047
1 0.499879 0.474801
2 0.503011 0.50079
2 0.499687 0.518234
2 0.497965 0.533049
2 0.499454 0.540895
1 0.497048 0.561055
1 0.500952 0.586372
2 0.499935 0.595857
2 0.498094 0.617865
2 0.498536 0.626169
2 0.498973 0.637222
2 0.499308 0.647993
2 0.501668 0.667181
2 0.498533 0.68171
2 0.502974 0.693585
0 0.502661 0.709235
2 0.500474 0.718124
2 0.497169 0.739754
2 0.501891 0.76214
2 0.500455 0.783015
2 0.497855 0.799923
2 0.502537 0.827561
2 0.498258 0.855157
1 0.502616 0.86554
2 0.498913 0.908939
2 0.500975 0.928672
1 0.506922 0.0205283
2 0.50445 0.118251
2 0.506966 0.175822
1 0.506709 0.208976
2 0.505341 0.265403
2 0.503216 0.284093
1 0.506822 0.298185
2 0.506589 0.307256
2 0.503516 0.317021
2 0.506823 0.32604
2 0.506682 0.346604
1 0.50458 0.354956
2 0.507489 0.37657
1 0.505622 0.385965
2 0.503589 0.394293
2 0.506281 0.407574
2 0.504686 0.428373
2 0.505199 0.480429
2 0.507718 0.487415
2 0.508826 0.504627
1 0.50578 0.513691
2 0.506761 0.529053
2 0.503873 0.555658
2 0.508988 0.564183
2 0.503199 0.567974
2 0.504475 0.576709
2 0.507101 0.597691
1 0.504514 0.615044
2 0.506431 0.625607
2 0.50406 0.656361
2 0.504651 0.728711
2 0.506946 0.740388
2 0.505391 0.75214
2 0.508807 0.811982
2 0.508321 0.845974
2 0.503716 0.876067
0 0.508702 0.902965
1 0.509044 0.919705
1 0.50615 0.959197
1 0.504458 0.975822
1 0.51003 0.048092
2 0.511432 0.150459
2 0.512528 0.191578
2 0.513147 0.202415
2 0.512037 0.23069
1 0.514434 0.255183
2 0.515186 0.268388
1 0.51003 0.277518
2 0.513929 0.289715
2 0.513214 0.318851
2 0.514835 0.330633
2 0.511274 0.352952
2 0.510709 0.362917
2 0.512318 0.389702
2 0.512429 0.397591
2 0.513882 0.404804
2 0.51428 0.412515
2 0.509451 0.420126
2 0.511901 0.431772
1 0.511521 0.4405
2 0.512357 0.450151
1 0.513204 0.463725
2 0.51135 0.476721
2 0.515206 0.489849
2 0.514044 0.500053
2 0.512531 0.523142
2 0.510836 0.534415
2 0.514284 0.548955
2 0.513368 0.558307
2 0.514944 0.576455
2 0.513839 0.586025
2 0.514264 0.603284
2 0.511902 0.612211
0 0.511495 0.640287
2 0.513609 0.652149
2 0.510556 0.666174
2 0.511805 0.677883
1 0.510505 0.688361
2 0.510601 0.710813
2 0.513908 0.719759
1 0.512513 0.734851
2 0.511119 0.766175
2 0.513576 0.790072
2 0.514937 0.824963
2 0.515172 0.857084
2 0.511848 0.891692
2 0.510812 0.991063
1 0.517065 0.0825934
2 0.518865 0.102675
2 0.520178 0.164606
2 0.520147 0.178932
2 0.515972 0.245588
2 0.517423 0.299777
2 0.521271 0.320767
2 0.517193 0.344621
2 0.519243 0.356788
2 0.515872 0.372534
2 0.518241 0.383845
2 0.519019 0.419873
2 0.518052 0.427008
2 0.520132 0.438194
2 0.52031 0.451605
2 0.517066 0.458431
2 0.518049 0.47817
2 0.521076 0.503503
2 0.517595 0.509368
2 0.519989 0.540933
1 0.521294 0.547519
2 0.520366 0.560807
1 0.51614 0.570195
1 0.518793 0.594361
2 0.519966 0.610765
2 0.515819 0.627361
2 0.519291 0.643474
1 0.520725 0.661341
2 0.516841 0.691689
2 0.520477 0.727268
2 0.517351 0.741443
1 0.515993 0.757585
1 0.516539 0.781931
2 0.517581 0.838275
1 0.519651 0.880056
0 0.516011 0.938387
1 0.523381 0.0339003
2 0.526556 0.122609
2 0.526991 0.137113
2 0.527595 0.151037
2 0.525549 0.200211
2 0.522893 0.222499
2 0.524466 0.26663
2 0.521579 0.278
2 0.527149 0.296786
2 0.522765 0.306559
1 0.526492 0.350536
2 0.522938 0.364392
1 0.522854 0.37208
2 0.525634 0.385501
2 0.525552 0.399123
0 0.521972 0.408929
1 0.524431 0.426368
1 0.527306 0.447056
2 0.521787 0.470644
0 0.526029 0.496072
2 0.525384 0.511249
2 0.523388 0.521764
2 0.522116 0.528527
2 0.522934 0.569957
2 0.522471 0.58524
2 0.527511 0.604139
2 0.52222 0.617989
2 0.526056 0.63681
2 0.527007 0.655175
2 0.522756 0.670006
0 0.527357 0.678583
1 0.524595 0.702493
2 0.521878 0.710047
2 0.525952 0.7361
2 0.523786 0.755244
2 0.524893 0.775249
2 0.523623 0.793615
2 0.525529 0.804844
1 0.523041 0.815602
1 0.526524 0.845242
2 0.523148 0.904915
0 0.531844 0.0587481
1 0.532412 0.110064
2 0.529689 0.186109
2 0.529024 0.212011
2 0.530552 0.229425
0 0.527998 0.24113
2 0.532133 0.250331
2 0.533243 0.259654
2 0.533426 0.273325
1 0.532514 0.282459
1 0.527812 0.312417
2 0.531517 0.319892
2 0.529039 0.33425
2 0.533481 0.355427
2 0.530836 0.364813
2 0.533156 0.375641
1 0.528383 0.392096
2 0.533202 0.408301
2 0.531855 0.430583
2 0.52914 0.437418
2 0.529054 0.455773
2 0.530529 0.464722
2 0.531907 0.471994
2 0.528278 0.481326
2 0.531661 0.492204
2 0.527665 0.502687
1 0.528284 0.529137
2 0.530817 0.535671
2 0.527636 0.543834
2 0.53031 0.550868
2 0.527914 0.558099
2 0.528935 0.566479
2 0.533508 0.572794
2 0.531396 0.584162
2 0.530679 0.595906
1 0.530362 0.621096
2 0.530944 0.63111
2 0.528061 0.646438
2 0.528625 0.662975
2 0.530975 0.690484
2 0.531483 0.699538
2 0.533079 0.728307
2 0.52836 0.765293
2 0.530652 0.786612
2 0.528668 0.823916
2 0.5334 0.87536
2 0.529939 0.923421
1 0.529507 0.944425
1 0.529923 0.979971
1 0.534366 0.00628025
1 0.534594 0.194506
2 0.539846 0.290965
2 0.538538 0.308196
2 0.539832 0.388246
2 0.534748 0.420539
2 0.539764 0.438572
2 0.537503 0.449058
1 0.536941 0.460278
1 0.53624 0.476853
2 0.539692 0.482653
2 0.537622 0.502546
2 0.536818 0.512807
2 0.536589 0.558074
2 0.538006 0.56707
1 0.53889 0.594109
2 0.538733 0.610019
2 0.537414 0.619378
1 0.538986 0.634831
2 0.53573 0.674052
1 0.534112 0.717261
1 0.538033 0.735564
2 0.534405 0.74529
1 0.536926 0.756089
2 0.539092 0.771024
0 0.538179 0.800188
2 0.534283 0.810665
2 0.536444 0.850054
1 0.536124 0.863518
1 0.534491 0.911216
1 0.538301 0.959789
1 0.540651 0.0257162
1 0.540176 0.0775889
2 0.542278 0.091617
2 0.545529 0.137688
1 0.543674 0.1499
2 0.541751 0.165133
2 0.542671 0.187548
2 0.540395 0.20551
2 0.542411 0.220475
1 0.543454 0.230222
2 0.543846 0.253051
1 0.543753 0.266205
2 0.545915 0.273918
2 0.545053 0.320496
2 0.543397 0.334732
2 0.54163 0.348816
2 0.541558 0.357129
2 0.541631 0.365351
0 0.540116 0.378529
2 0.540309 0.398238
2 0.545775 0.406117
1 0.540692 0.411054
2 0.540828 0.424644
1 0.544231 0.443918
2 0.543422 0.464736
2 0.544659 0.476268
1 0.542203 0.493575
2 0.544761 0.501717
2 0.5401 0.521393
2 0.541396 0.530176
1 0.544918 0.535836
2 0.541193 0.543328
1 0.545293 0.559473
2 0.540272 0.575385
2 0.545274 0.586923
2 0.543819 0.604624
2 0.545469 0.627382
2 0.540326 0.650719
2 0.5417 0.658656
2 0.540711 0.667629
1 0.544667 0.68262
1 0.541484 0.699869
2 0.540252 0.70867
2 0.542266 0.722751
2 0.544742 0.782176
2 0.53995 0.835572
2 0.540653 0.893557
1 0.545986 0.933883
2 0.552019 0.245491
2 0.551891 0.262698
1 0.548977 0.29521
2 0.548425 0.312216
2 0.550655 0.349271
2 0.550574 0.373311
2 0.549369 0.388424
2 0.548225 0.417542
2 0.548248 0.435101
2 0.552136 0.459772
1 0.550739 0.469289
2 0.550748 0.484403
1 0.547138 0.513469
2 0.550806 0.521524
2 0.55124 0.528743
2 0.54952 0.544876
2 0.551796 0.557434
2 0.549631 0.569211
2 0.551028 0.598823
1 0.546372 0.615287
2 0.546977 0.642637
1 0.547923 0.655756
2 0.551125 0.668898
2 0.547369 0.695369
2 0.549012 0.710442
2 0.551578 0.731617
2 0.548927 0.743706
2 0.551563 0.768618
2 0.548558 0.827936
0 0.549021 0.847074
2 0.546508 0.858703
1 0.551695 0.887732
1 0.551154 0.907328
2 0.549988 0.944545
0 0.550197 0.96799
1 0.550414 0.981784
1 0.552283 0.00705509
1 0.556597 0.0376865
1 0.556852 0.0653262
0 0.554319 0.106091
2 0.552962 0.120974
2 0.552786 0.160473
2 0.553926 0.173642
2 0.556895 0.192661
2 0.553553 0.207332
2 0.553305 0.218616
2 0.558002 0.229313
2 0.558195 0.287867
2 0.555332 0.30431
1 0.552916 0.318949
0 0.555929 0.336306
1 0.552686 0.360083
1 0.555701 0.384899
2 0.553825 0.396207
2 0.555642 0.412965
2 0.558267 0.423742
2 0.556235 0.440089
2 0.556502 0.44867
2 0.557348 0.487423
2 0.557546 0.500096
2 0.554857 0.513913
2 0.557454 0.538997
2 0.555129 0.550455
2 0.557881 0.563292
0 0.557845 0.574096
2 0.553104 0.581308
2 0.556813 0.593001
2 0.552355 0.610991
0 0.557843 0.624604
2 0.555347 0.637729
2 0.557948 0.649243
2 0.55393 0.660071
2 0.552827 0.677048
2 0.556237 0.688003
1 0.554484 0.716548
2 0.557573 0.73851
2 0.557536 0.748273
1 0.557902 0.758815
1 0.554032 0.781172
2 0.553892 0.800957
1 0.553039 0.816245
2 0.556456 0.837346
2 0.552346 0.873778
2 0.563919 0.0973054
2 0.562612 0.145646
1 0.56329 0.212107
2 0.561477 0.239543
2 0.564368 0.249451
2 0.562643 0.273363
2 0.564207 0.303574
2 0.560363 0.317186
2 0.559923 0.328689
2 0.559531 0.344548
2 0.562434 0.361275
2 0.558301 0.36867
2 0.563955 0.377082
2 0.563345 0.391156
1 0.562401 0.409825
2 0.558482 0.432978
2 0.564363 0.440384
2 0.56241 0.462597
2 0.561709 0.494579
2 0.562218 0.506441
2 0.563608 0.513275
2 0.559142 0.520814
2 0.5596 0.529537
2 0.56286 0.548729
2 0.56351 0.568164
2 0.561507 0.601656
2 0.558552 0.616026
2 0.561754 0.632266
2 0.563225 0.654986
2 0.560086 0.665389
1 0.562635 0.678626
0 0.55954 0.700094
2 0.56256 0.712455
2 0.561059 0.72284
2 0.561922 0.784922
1 0.564316 0.799017
2 0.563417 0.808262
2 0.563054 0.881844
1 0.565335 0.0212594
2 0.56714 0.162765
2 0.565123 0.176847
2 0.567933 0.191715
2 0.570373 0.20302
2 0.569449 0.221635
1 0.565458 0.260883
2 0.565704 0.293082
2 0.564965 0.338013
2 0.568192 0.346371
2 0.567177 0.368564
2 0.568039 0.397898
2 0.570087 0.420118
0 0.567701 0.427577
2 0.565471 0.474128
1 0.566598 0.482847
1 0.566915 0.501974
0 0.568801 0.517066
1 0.565677 0.53743
2 0.569882 0.552634
2 0.565212 0.558091
2 0.567141 0.584148
2 0.566458 0.592881
1 0.569208 0.602111
2 0.565932 0.62176
1 0.565636 0.639068
2 0.567358 0.698857
2 0.565125 0.731662
0 0.565543 0.743916
2 0.56803 0.773934
2 0.569171 0.828717
2 0.567786 0.848
2 0.569301 0.865586
1 0.569426 0.896464
2 0.565987 0.910984
0 0.56931 0.936013
1 0.565477 0.956026
1 0.569041 0.989887
1 0.574932 0.0475252
1 0.570903 0.0825086
2 0.574723 0.232869
2 0.5762 0.277963
2 0.571117 0.285861
2 0.57526 0.298799
2 0.573822 0.307931
2 0.574347 0.332167
2 0.574763 0.341114
2 0.576408 0.35319
1 0.571951 0.36278
2 0.572893 0.375788
2 0.575925 0.384623
1 0.572857 0.391229
2 0.575488 0.400018
2 0.570625 0.411147
2 0.57616 0.425832
2 0.570629 0.435332
2 0.574789 0.446841
0 0.572902 0.459088
2 0.572567 0.471651
2 0.572049 0.479248
2 0.575982 0.486761
2 0.573862 0.494183
2 0.574381 0.512216
2 0.571162 0.527041
2 0.572155 0.535492
2 0.572914 0.542732
1 0.573661 0.558855
2 0.571998 0.571137
1 0.575222 0.578045
2 0.57429 0.606346
2 0.571373 0.616439
2 0.574902 0.624467
2 0.575035 0.633804
1 0.572586 0.654698
2 0.570765 0.662397
2 0.57458 0.669602
2 0.570957 0.677947
2 0.575146 0.689947
1 0.574112 0.706856
1 0.572591 0.729699
2 0.572682 0.762545
2 0.575166 0.783602
1 0.575478 0.873835
1 0.5709 0.921987
2 0.57957 0.0704503
2 0.579907 0.101599
1 0.579751 0.117518
2 0.578699 0.131547
0 0.581543 0.175012
2 0.582613 0.202891
2 0.581543 0.240517
2 0.577288 0.254407
2 0.580762 0.26425
2 0.582585 0.284542
2 0.58188 0.312769
1 0.578888 0.32012
2 0.581103 0.362455
2 0.579708 0.370718
2 0.581415 0.417812
2 0.578793 0.435663
1 0.58281 0.442169
2 0.580296 0.459785
2 0.577519 0.505196
2 0.581371 0.517116
1 0.582556 0.532706
2 0.580626 0.542284
2 0.577492 0.551353
2 0.580943 0.557892
2 0.576983 0.565295
2 0.578 0.588737
2 0.580129 0.61355
2 0.580208 0.645764
2 0.579249 0.65793
2 0.581107 0.683241
2 0.57959 0.718997
2 0.582438 0.728537
2 0.578481 0.738791
2 0.577755 0.754391
2 0.577697 0.805
2 0.577259 0.837409
1 0.582286 0.846976
1 0.583815 0.00966285
0 0.585668 0.0349767
2 0.586799 0.153383
2 0.584336 0.191136
1 0.584872 0.226694
2 0.585979 0.250176
2 0.584875 0.29552
2 0.583642 0.332432
1 0.582825 0.345942
2 0.58384 0.379148
2 0.585343 0.397374
2 0.585869 0.423984
2 0.586846 0.435585
2 0.587671 0.455889
2 0.583525 0.469136
2 0.58419 0.484716
1 0.584168 0.507524
2 0.585054 0.525871
2 0.587165 0.551189
2 0.588092 0.559116
2 0.58664 0.570051
2 0.583982 0.578018
0 0.585095 0.605608
2 0.587877 0.614862
1 0.585796 0.625754
2 0.586221 0.651135
0 0.587294 0.658931
1 0.584222 0.675345
1 0.588445 0.69663
2 0.586134 0.704863
2 0.584572 0.745712
2 0.586138 0.772076
1 0.58484 0.789023
1 0.587076 0.819631
2 0.582971 0.884337
2 0.58401 0.906509
2 0.586382 0.934288
2 0.593659 0.113692
2 0.591911 0.177507
2 0.589761 0.213331
2 0.591608 0.241987
2 0.589699 0.269223
2 0.593537 0.283922
2 0.593697 0.303617
2 0.591752 0.328308
2 0.593795 0.3471
2 0.594087 0.365053
2 0.593522 0.378489
2 0.591748 0.390218
1 0.592243 0.405421
2 0.589061 0.414214
2 0.594667 0.436967
2 0.593872 0.447595
2 0.590237 0.46533
1 0.590706 0.47341
1 0.594673 0.489239
2 0.591154 0.509535
2 0.593578 0.518262
2 0.592453 0.526783
0 0.593539 0.544674
1 0.59345 0.566074
2 0.590182 0.585705
1 0.593831 0.592786
2 0.592988 0.599549
2 0.593156 0.62204
2 0.590847 0.635394
1 0.5931 0.642247
2 0.591684 0.665847
2 0.590012 0.680575
1 0.589817 0.725007
2 0.590428 0.737625
1 0.594388 0.75601
2 0.593608 0.780495
2 0.593066 0.805795
2 0.591741 0.830722
2 0.592318 0.851252
2 0.594793 0.870985
1 0.589739 0.961534
0 0.58959 0.979706
2 0.595651 0.0881326
2 0.598735 0.191466
1 0.596168 0.201899
2 0.598417 0.230504
2 0.598496 0.253565
2 0.599206 0.263799
2 0.599018 0.275743
2 0.596512 0.314695
2 0.59896 0.354427
2 0.60016 0.387114
2 0.599257 0.396043
2 0.595732 0.419137
2 0.596311 0.429053
0 0.601008 0.439299
1 0.596867 0.457868
2 0.60011 0.469179
2 0.596698 0.477277
2 0.595295 0.502863
2 0.597389 0.533281
2 0.600306 0.541869
2 0.596291 0.557473
2 0.600181 0.569913
2 0.597874 0.583477
2 0.596281 0.612773
2 0.600338 0.629917
2 0.599527 0.646898
2 0.599628 0.663937
2 0.59654 0.67374
2 0.596326 0.695097
2 0.596904 0.710249
2 0.595222 0.719363
2 0.600271 0.747675
2 0.59623 0.767726
1 0.600118 0.882533
1 0.595929 0.915089
1 0.60045 0.934521
1 0.605913 0.0444648
1 0.603047 0.0653162
2 0.601981 0.128915
1 0.6041 0.148833
2 0.603287 0.170405
2 0.601824 0.212352
1 0.607001 0.221866
2 0.604093 0.244206
1 0.606184 0.258086
0 0.605613 0.280922
2 0.601833 0.2891
2 0.605819 0.298227
1 0.60209 0.305793
2 0.60597 0.315425
2 0.601708 0.323508
2 0.602332 0.337212
0 0.602889 0.365365
2 0.604796 0.378938
2 0.605189 0.403571
2 0.601769 0.413126
1 0.603025 0.421487
2 0.60689 0.46543
2 0.604464 0.489426
2 0.602448 0.498955
2 0.602652 0.508237
2 0.604768 0.518993
2 0.605285 0.55907
2 0.60233 0.606444
2 0.605152 0.618319
2 0.60232 0.639488
2 0.601414 0.655684
2 0.604979 0.673958
1 0.60306 0.683936
2 0.605135 0.700217
2 0.605531 0.720078
1 0.605643 0.740674
2 0.603307 0.777285
1 0.604975 0.786108
2 0.601718 0.795196
2 0.602807 0.813669
0 0.606814 0.837188
1 0.60408 0.857668
2 0.606159 0.949498
2 0.612777 0.161219
2 0.608073 0.184397
2 0.613121 0.197174
2 0.609233 0.327965
2 0.613264 0.338439
2 0.607546 0.348079
2 0.612392 0.372064
1 0.612308 0.387043
2 0.613258 0.397268
2 0.610795 0.418623
2 0.611199 0.427201
2 0.610107 0.438252
2 0.609762 0.453054
2 0.611535 0.47154
2 0.608429 0.478652
1 0.612119 0.492753
0 0.610955 0.507461
1 0.61195 0.525621
2 0.608854 0.532438
2 0.611804 0.551929
1 0.612969 0.560025
2 0.612796 0.568922
2 0.607992 0.579795
2 0.607657 0.591737
2 0.613332 0.599539
2 0.609487 0.610679
2 0.607577 0.647728
1 0.611465 0.662183
2 0.612493 0.680612
2 0.610859 0.707543
2 0.610044 0.728173
2 0.607826 0.761775
2 0.613204 0.795191
2 0.608029 0.824665
2 0.611453 0.84835
2 0.610083 0.876692
1 0.610967 0.899484
1 0.607655 0.985017
1 0.617522 0.021117
1 0.617003 0.102564
2 0.618718 0.133883
1 0.616874 0.172834
2 0.618351 0.223401
2 0.618439 0.236901
2 0.618165 0.264812
2 0.619568 0.275192
2 0.616818 0.284442
2 0.614944 0.299494
2 0.616672 0.358708
2 0.619546 0.386811
2 0.616299 0.412011
1 0.615516 0.434343
2 0.618495 0.441483
1 0.619124 0.478813
2 0.619345 0.48691
2 0.618467 0.500818
2 0.618074 0.511913
2 0.613842 0.518302
2 0.616498 0.53697
1 0.618269 0.587388
1 0.615604 0.620906
2 0.614075 0.631696
2 0.618209 0.649599
2 0.619557 0.704196
0 0.616375 0.721389
2 0.618905 0.731885
2 0.615744 0.755259
2 0.619218 0.816859
2 0.617244 0.924564
2 0.625568 0.158356
2 0.621741 0.247389
1 0.625011 0.300588
2 0.620826 0.31031
2 0.620633 0.321386
2 0.622941 0.336647
2 0.622359 0.346003
2 0.621842 0.372276
2 0.62055 0.422392
2 0.620962 0.453646
1 0.620839 0.461142
2 0.623291 0.493697
2 0.622694 0.522868
1 0.6221 0.543297
2 0.62496 0.559358
2 0.620322 0.569674
2 0.625005 0.576204
2 0.622599 0.592596
0 0.620802 0.604652
1 0.624084 0.639743
2 0.619734 0.665529
2 0.623323 0.678493
2 0.620178 0.687948
2 0.620129 0.745551
2 0.623676 0.763765
0 0.620091 0.772801
2 0.622192 0.786284
1 0.623947 0.802693
1 0.624278 0.835721
1 0.621725 0.86604
2 0.625356 0.884484
2 0.625573 0.904958
1 0.624401 0.948429
1 0.624342 0.971232
1 0.625663 0.997828
2 0.626971 0.0730835
2 0.627119 0.111927
2 0.629475 0.175161
2 0.628544 0.199325
2 0.629513 0.212309
1 0.628399 0.236267
2 0.630763 0.289254
2 0.630248 0.313837
0 0.629019 0.325253
2 0.63132 0.333203
2 0.626635 0.35661
2 0.631805 0.37885
1 0.625945 0.399767
2 0.628603 0.407737
2 0.631118 0.416743
2 0.62887 0.43421
2 0.629335 0.449343
2 0.628181 0.463242
2 0.628258 0.474654
2 0.626812 0.504042
2 0.62702 0.536113
2 0.626247 0.550551
2 0.630678 0.582376
2 0.630999 0.602405
2 0.626763 0.613017
2 0.627435 0.630443
2 0.631094 0.657807
2 0.630001 0.68458
1 0.628975 0.692661
2 0.629182 0.726761
1 0.626278 0.735473
1 0.631548 0.75748
2 0.629747 0.858708
1 0.633227 0.0579213
2 0.633288 0.127642
0 0.637319 0.157005
2 0.635665 0.187952
2 0.635054 0.24406
2 0.63228 0.255108
1 0.634179 0.264983
2 0.634234 0.274852
2 0.635764 0.300145
1 0.636803 0.358938
2 0.632573 0.393024
1 0.637563 0.411236
0 0.631919 0.427975
2 0.634613 0.439701
2 0.632903 0.456608
2 0.635816 0.471378
2 0.633552 0.484953
2 0.635298 0.493781
1 0.633508 0.500962
2 0.637296 0.512168
2 0.633493 0.52143
1 0.633643 0.531548
2 0.633524 0.547267
1 0.635323 0.555456
2 0.633554 0.571254
2 0.636562 0.589084
1 0.633631 0.61574
2 0.632823 0.641932
1 0.633794 0.665258
2 0.638014 0.678096
2 0.636097 0.70532
1 0.6366 0.714082
2 0.637012 0.737254
2 0.634742 0.772382
2 0.633456 0.788563
2 0.63208 0.809777
2 0.638 0.825066
2 0.63424 0.837926
0 0.637128 0.87694
0 0.632664 0.928528
1 0.641181 0.0210024
0 0.641014 0.0990995
2 0.643945 0.145581
2 0.64292 0.204713
2 0.643652 0.222896
2 0.639283 0.283755
2 0.64153 0.316929
2 0.638958 0.346626
2 0.643585 0.354357
0 0.642932 0.377707
2 0.63843 0.384206
2 0.638044 0.403356
2 0.639787 0.428679
1 0.643318 0.435736
2 0.63895 0.446195
0 0.641689 0.459316
1 0.641316 0.479569
2 0.64291 0.498371
2 0.640931 0.529926
2 0.641583 0.549387
2 0.641577 0.569387
2 0.64112 0.596352
2 0.639663 0.61165
2 0.640037 0.622091
2 0.640492 0.632366
2 0.638546 0.648666
2 0.642083 0.667759
2 0.63985 0.724678
2 0.643977 0.761327
2 0.642462 0.890575
0 0.642421 0.980255
1 0.648757 0.0414691
2 0.644458 0.113047
2 0.647408 0.163444
2 0.644266 0.235253
2 0.644194 0.252526
2 0.646938 0.262352
1 0.64924 0.281731
2 0.648432 0.323455
2 0.649531 0.332921
2 0.644212 0.367372
2 0.649104 0.38649
2 0.647553 0.409003
2 0.649622 0.42485
2 0.65028 0.46318
2 0.645412 0.471957
2 0.649825 0.482651
2 0.645607 0.507476
2 0.645942 0.516875
2 0.646488 0.538332
2 0.647597 0.561551
2 0.648963 0.574282
1 0.65003 0.583283
2 0.648771 0.612737
1 0.644562 0.641005
2 0.648146 0.647838
2 0.648446 0.659032
2 0.644191 0.68973
2 0.645608 0.709914
2 0.648536 0.719896
2 0.647279 0.735513
2 0.645461 0.745563
2 0.64647 0.778674
1 0.645265 0.799785
2 0.648805 0.818264
2 0.648145 0.830793
2 0.645998 0.858192
2 0.650082 0.873053
1 0.647093 0.905117
1 0.646958 0.934207
1 0.654729 0.0663022
1 0.655887 0.177901
2 0.653207 0.188667
0 0.653532 0.203247
1 0.65218 0.228464
2 0.656269 0.238774
2 0.652995 0.298957
2 0.653114 0.312465
2 0.652955 0.345722
2 0.65216 0.356901
2 0.654061 0.377536
2 0.651697 0.39789
0 0.654569 0.407306
2 0.651504 0.417069
2 0.653245 0.434214
2 0.651399 0.449692
2 0.652255 0.491021
2 0.654556 0.504175
1 0.653272 0.521852
2 0.652364 0.528683
2 0.655904 0.541142
0 0.653649 0.55099
2 0.650686 0.591264
2 0.651033 0.599572
2 0.653765 0.624084
2 0.651891 0.636376
2 0.652566 0.668402
2 0.652595 0.678592
2 0.654399 0.703784
2 0.65512 0.741699
2 0.653509 0.757258
2 0.650838 0.768953
2 0.653128 0.789336
2 0.652642 0.806221
1 0.654467 0.841112
1 0.652592 0.884361
1 0.65469 0.99665
1 0.658221 0.0894991
2 0.657086 0.125681
1 0.658078 0.137656
2 0.659858 0.221469
2 0.660377 0.254655
2 0.656923 0.265581
2 0.658654 0.281043
2 0.66244 0.292043
2 0.65917 0.322105
2 0.661471 0.332479
2 0.66148 0.355789
2 0.657754 0.368774
1 0.661042 0.385153
2 0.659461 0.395207
2 0.662566 0.412972
1 0.661703 0.42146
2 0.657675 0.442084
2 0.659969 0.472339
1 0.656897 0.481913
2 0.66212 0.486678
2 0.656791 0.515256
1 0.661839 0.535788
2 0.662118 0.553105
2 0.658137 0.565167
2 0.658771 0.589947
2 0.660471 0.602805
2 0.658085 0.615902
2 0.662235 0.639713
2 0.659903 0.648048
0 0.658374 0.661188
2 0.661341 0.680905
2 0.660198 0.693961
2 0.65793 0.716596
2 0.658803 0.72881
0 0.659443 0.820667
2 0.661682 0.848824
2 0.659379 0.899669
1 0.659223 0.95071
2 0.668422 0.1471
2 0.663792 0.165435
2 0.66857 0.195316
2 0.6674 0.208916
2 0.667992 0.229311
1 0.662816 0.306768
1 0.663799 0.341024
1 0.666767 0.36695
2 0.663714 0.377555
2 0.665451 0.403329
2 0.664606 0.433005
1 0.664927 0.44111
2 0.667493 0.448566
1 0.666015 0.455677
2 0.668683 0.480924
2 0.663613 0.494717
0 0.665899 0.507726
2 0.66617 0.524163
2 0.665395 0.544233
2 0.665171 0.576415
2 0.667568 0.58588
2 0.666457 0.616545
1 0.66315 0.625198
2 0.668595 0.631375
2 0.667885 0.651681
2 0.665773 0.707521
2 0.666716 0.738753
1 0.666167 0.749456
1 0.66398 0.776034
1 0.665597 0.865891
2 0.667003 0.881412
1 0.663646 0.923191
0 0.670063 0.0377395
2 0.67003 0.103696
1 0.669205 0.121096
2 0.673339 0.132647
2 0.669132 0.182011
1 0.673476 0.220498
2 0.67267 0.240195
1 0.674003 0.279672
2 0.671489 0.301244
2 0.674533 0.312249
2 0.671294 0.347394
2 0.671308 0.383349
2 0.66884 0.39161
1 0.673193 0.397975
2 0.673027 0.407168
2 0.671449 0.420167
2 0.672233 0.428921
2 0.674319 0.440912
2 0.67234 0.468989
2 0.670665 0.489016
2 0.673845 0.497112
2 0.669524 0.514793
2 0.671805 0.561302
1 0.674204 0.568875
2 0.674678 0.577696
0 0.670545 0.600198
2 0.673196 0.667636
2 0.669672 0.716656
2 0.67414 0.763959
2 0.669623 0.788696
2 0.669218 0.802855
2 0.670414 0.818215
2 0.668756 0.835697
0 0.673821 0.938482
1 0.676291 0.00786686
1 0.679463 0.0681029
1 0.678947 0.199098
2 0.677321 0.252176
2 0.675261 0.268865
2 0.679716 0.287052
2 0.67914 0.322312
2 0.676038 0.337697
2 0.679645 0.351247
2 0.677443 0.364928
2 0.679741 0.393492
1 0.679105 0.415774
2 0.680722 0.452714
2 0.67823 0.461485
2 0.676275 0.477225
2 0.680173 0.503544
2 0.680465 0.512135
1 0.676081 0.519106
2 0.676978 0.530382
1 0.676935 0.543383
2 0.678413 0.550941
2 0.679198 0.591078
2 0.678796 0.606837
2 0.674935 0.621533
2 0.678421 0.646668
2 0.67521 0.658584
2 0.676355 0.684862
2 0.676855 0.698547
0 0.680077 0.720078
2 0.677675 0.731072
2 0.679207 0.74165
2 0.678949 0.778808
1 0.680144 0.824588
2 0.67769 0.853409
0 0.677025 0.889581
1 0.680243 0.908877
1 0.676868 0.970784
1 0.684943 0.049349
1 0.685906 0.100495
2 0.686741 0.115359
1 0.685363 0.151889
1 0.684735 0.171474
2 0.687009 0.189387
2 0.683561 0.234516
1 0.683726 0.244399
2 0.686348 0.258993
2 0.684251 0.277558
2 0.681663 0.297822
2 0.685173 0.310513
0 0.686761 0.363952
2 0.686302 0.376489
1 0.686908 0.388581
2 0.683591 0.421717
2 0.683268 0.437482
2 0.685822 0.469631
2 0.681034 0.483887
2 0.685095 0.522146
2 0.681969 0.565104
2 0.684705 0.575768
1 0.683732 0.614232
2 0.683387 0.62421
2 0.68127 0.636711
2 0.684721 0.660932
1 0.685709 0.669268
2 0.687037 0.685801
2 0.684259 0.71016
2 0.682923 0.757984
2 0.685214 0.800929
2 0.683508 0.813177
2 0.686274 0.838461
2 0.681026 0.868357
1 0.68392 0.948902
1 0.691672 0.0251955
0 0.688349 0.127107
2 0.692471 0.201703
2 0.687157 0.214103
2 0.688324 0.330975
2 0.689589 0.347788
2 0.691406 0.401487
2 0.687829 0.410169
1 0.689634 0.427851
1 0.689409 0.44297
1 0.687426 0.458868
0 0.687783 0.477798
2 0.691133 0.485578
1 0.687812 0.492347
2 0.687527 0.546906
0 0.691334 0.557711
2 0.691137 0.568198
2 0.689653 0.585412
2 0.687213 0.593757
2 0.688325 0.631269
1 0.68971 0.646966
1 0.689525 0.699627
2 0.688853 0.722938
2 0.689447 0.733382
2 0.690352 0.746634
1 0.693229 0.76925
2 0.689739 0.787944
1 0.688103 0.849588
1 0.687561 0.931071
1 0.688791 0.985622
1 0.695898 0.0836789
2 0.69856 0.141416
2 0.698456 0.222124
0 0.6978 0.233486
2 0.698049 0.258236
1 0.693321 0.266467
2 0.698909 0.274222
2 0.697691 0.289514
0 0.694702 0.312741
2 0.697782 0.355873
2 0.697246 0.392826
2 0.699191 0.409435
2 0.693877 0.418569
2 0.698122 0.431995
2 0.694201 0.455701
2 0.693878 0.471038
2 0.694474 0.496707
2 0.693808 0.506766
2 0.693804 0.516716
2 0.694946 0.526634
1 0.693698 0.535535
2 0.695718 0.543494
2 0.697112 0.576573
2 0.69937 0.587836
1 0.695739 0.59641
2 0.698842 0.640035
2 0.697 0.668756
2 0.698534 0.681015
2 0.695175 0.691328
2 0.694651 0.759178
2 0.69923 0.778072
2 0.696345 0.806898
2 0.696653 0.825428
2 0.694746 0.860924
1 0.694716 0.896901
1 0.696064 0.966626
2 0.698427 0.997318
1 0.701579 0.06184
1 0.702913 0.111351
1 0.705215 0.1595
2 0.701944 0.170067
1 0.702874 0.213022
2 0.701874 0.318866
2 0.700798 0.334503
2 0.700182 0.34517
2 0.701551 0.364357
2 0.699435 0.376073
2 0.702317 0.401261
2 0.704133 0.446909
1 0.702557 0.46705
2 0.703519 0.47664
2 0.69996 0.489683
0 0.704863 0.515343
2 0.705165 0.524637
2 0.699754 0.552718
2 0.700923 0.568795
2 0.70469 0.596617
2 0.703374 0.610711
2 0.702317 0.621538
2 0.700752 0.631089
2 0.7001 0.708876
2 0.69979 0.729354
2 0.703919 0.746895
0 0.703911 0.798308
2 0.7008 0.840983
1 0.701477 0.876128
1 0.704941 0.982194
1 0.711453 0.0159127
1 0.707963 0.134729
1 0.709622 0.185476
2 0.706513 0.1957
2 0.706433 0.249443
2 0.707708 0.283522
2 0.709501 0.307636
2 0.711315 0.3338
1 0.709404 0.356084
2 0.707151 0.383711
1 0.706304 0.39211
2 0.706056 0.41989
2 0.710025 0.428783
1 0.705755 0.43516
2 0.708039 0.46135
2 0.709694 0.488206
1 0.710097 0.501643
2 0.707355 0.53887
1 0.709458 0.554078
2 0.710044 0.562967
1 0.711424 0.579881
2 0.706819 0.647662
1 0.711084 0.661749
2 0.707966 0.673963
2 0.709627 0.700862
2 0.710295 0.726699
1 0.707463 0.736389
2 0.706777 0.759752
2 0.708292 0.785988
2 0.70813 0.812014
1 0.707782 0.849297
1 0.709928 0.913375
1 0.705952 0.930248
0 0.70592 0.955216
1 0.714661 0.0878893
2 0.717111 0.156057
2 0.714556 0.209731
2 0.71236 0.225735
2 0.715622 0.261318
2 0.716428 0.273581
1 0.717434 0.28583
2 0.71425 0.344493
2 0.715154 0.374894
2 0.715676 0.400572
0 0.712534 0.415691
2 0.713737 0.444735
2 0.712627 0.453737
2 0.715115 0.468325
1 0.717631 0.477054
2 0.713523 0.5309
2 0.717506 0.55045
2 0.711743 0.606678
1 0.712921 0.629034
2 0.71639 0.653585
2 0.716066 0.681244
1 0.714038 0.691441
1 0.712428 0.82255
0 0.716745 0.893657
1 0.714228 0.968259
1 0.722828 0.0414394
1 0.722465 0.111021
2 0.720576 0.174752
2 0.721251 0.189348
1 0.720702 0.247392
2 0.719393 0.298273
2 0.71864 0.313338
1 0.718394 0.324142
2 0.718596 0.358356
1 0.723374 0.393735
2 0.718262 0.432687
1 0.719705 0.450693
2 0.718287 0.497041
2 0.720236 0.510306
2 0.721445 0.523127
2 0.719425 0.54077
2 0.723435 0.557395
2 0.717995 0.56937
2 0.723109 0.576397
2 0.718678 0.591655
0 0.723209 0.602355
2 0.721785 0.621348
2 0.718277 0.639033
2 0.721141 0.663521
2 0.720754 0.707882
2 0.722985 0.71968
2 0.719195 0.73775
2 0.720526 0.755444
1 0.718343 0.766025
2 0.723883 0.775061
2 0.722283 0.810486
2 0.718989 0.832448
1 0.72239 0.938839
0 0.725807 0.144762
2 0.729687 0.215962
1 0.724648 0.266286
2 0.728126 0.309844
2 0.727309 0.324199
2 0.723947 0.34753
1 0.725763 0.3697
2 0.729549 0.381676
2 0.725636 0.413944
1 0.725511 0.426725
2 0.728071 0.437448
2 0.727963 0.447411
2 0.726938 0.460866
2 0.729929 0.473412
2 0.729601 0.484352
1 0.729617 0.508607
1 0.727195 0.533153
2 0.728049 0.611555
2 0.727644 0.631484
2 0.726492 0.653796
2 0.726106 0.677449
2 0.726983 0.688992
2 0.728922 0.700478
2 0.728485 0.744212
1 0.72412 0.788714
1 0.727678 0.858264
1 0.729676 0.901233
1 0.727712 0.956211
1 0.726841 0.99593
0 0.732568 0.0716977
1 0.73186 0.169619
0 0.732093 0.201706
2 0.730879 0.22861
2 0.734027 0.262839
2 0.733024 0.278151
2 0.731332 0.298143
2 0.730421 0.339521
0 0.732058 0.352084
2 0.731526 0.360679
2 0.733307 0.393109
2 0.735686 0.410397
2 0.734668 0.429517
1 0.734047 0.466636
2 0.733433 0.499165
2 0.730977 0.519193
2 0.735788 0.539272
2 0.734083 0.552082
1 0.730426 0.563986
2 0.732669 0.575901
2 0.730334 0.587609
2 0.735999 0.597694
2 0.734372 0.643874
2 0.733401 0.713953
2 0.730934 0.73299
2 0.735446 0.758511
1 0.734548 0.803354
1 0.73229 0.83495
1 0.731848 0.882894
1 0.73529 0.922934
0 0.732359 0.97569
1 0.738987 0.0967844
0 0.740001 0.234865
2 0.737585 0.288435
1 0.740918 0.319668
2 0.741926 0.329621
2 0.741465 0.377325
1 0.739371 0.385881
1 0.741412 0.425378
2 0.738454 0.444765
2 0.739369 0.455897
2 0.740005 0.483988
1 0.738309 0.491876
2 0.74037 0.517061
2 0.74035 0.559214
2 0.737565 0.614216
2 0.741693 0.629859
2 0.737795 0.65497
1 0.738445 0.664433
2 0.739012 0.680344
1 0.741156 0.729516
0 0.738689 0.748742
1 0.739012 0.768656
2 0.739552 0.793925
2 0.738399 0.813134
1 0.741367 0.869126
0 0.743268 0.0199314
1 0.743553 0.0370246
1 0.746759 0.0615958
1 0.743594 0.129137
1 0.742628 0.145671
2 0.746958 0.181217
2 0.747466 0.220357
2 0.742876 0.249262
1 0.742772 0.297763
2 0.74624 0.306798
2 0.747815 0.341027
2 0.746594 0.352858
1 0.743412 0.366877
2 0.747961 0.387144
2 0.747986 0.397605
1 0.744539 0.404893
2 0.747218 0.416703
0 0.744543 0.439214
2 0.747946 0.452379
0 0.747544 0.472178
2 0.746714 0.493965
2 0.743461 0.503316
2 0.74571 0.529877
1 0.745814 0.537969
2 0.742943 0.548435
2 0.746812 0.5811
1 0.744608 0.591626
2 0.742732 0.605508
1 0.746609 0.637432
2 0.74576 0.646723
2 0.745941 0.670377
0 0.743097 0.692068
2 0.746291 0.708156
2 0.742863 0.718983
2 0.745554 0.776459
1 0.746771 0.849348
1 0.746223 0.889073
1 0.747069 0.945214
1 0.747313 0.960653
1 0.753546 0.0794963
2 0.753574 0.199857
2 0.751541 0.258454
1 0.748817 0.273941
2 0.752256 0.318746
2 0.752715 0.375096
2 0.750472 0.429755
2 0.750356 0.463893
2 0.754546 0.50884
2 0.750388 0.519036
2 0.749343 0.566616
2 0.750201 0.612325
2 0.751316 0.628998
2 0.752869 0.656684
2 0.751605 0.682517
2 0.748561 0.752485
0 0.749811 0.799306
2 0.751232 0.827546
1 0.750983 0.910488
1 0.758876 0.00720294
1 0.760139 0.0284223
1 0.756673 0.102322
1 0.76015 0.129946
0 0.755544 0.16134
1 0.756242 0.234727
0 0.759196 0.287619
2 0.755227 0.329365
1 0.757624 0.34451
2 0.755475 0.358573
1 0.760694 0.382244
2 0.756265 0.404276
2 0.757996 0.420036
2 0.757495 0.443652
2 0.760062 0.465074
2 0.755753 0.487063
1 0.755251 0.497934
2 0.757822 0.552038
2 0.758855 0.561973
0 0.760608 0.574457
2 0.757468 0.586451
2 0.754814 0.64033
2 0.759482 0.672271
2 0.757352 0.69728
1 0.760385 0.711815
2 0.76033 0.724249
2 0.756346 0.736583
2 0.758776 0.760463
1 0.755596 0.777418
1 0.759317 0.815973
0 0.755156 0.866979
1 0.75534 0.929232
0 0.759551 0.95358
1 0.757847 0.988092
0 0.764032 0.114504
1 0.761422 0.146534
2 0.766349 0.239129
1 0.761752 0.259417
2 0.763004 0.277007
2 0.766344 0.306347
1 0.765607 0.320443
2 0.766171 0.330885
2 0.766253 0.359554
2 0.762649 0.372041
2 0.766529 0.397362
1 0.762937 0.412441
2 0.766868 0.428203
1 0.761259 0.436404
2 0.762092 0.455458
2 0.762571 0.475405
2 0.766702 0.514073
0 0.762275 0.521236
2 0.761034 0.535519
2 0.762021 0.596443
2 0.762422 0.610434
2 0.76131 0.620256
2 0.763875 0.630986
2 0.760875 0.650282
2 0.76312 0.660446
1 0.766614 0.690771
2 0.764598 0.74791
2 0.761602 0.786447
1 0.771643 0.0408027
1 0.770402 0.0742256
1 0.771134 0.177474
0 0.770516 0.193382
2 0.768004 0.210234
2 0.771089 0.263724
2 0.772065 0.379945
1 0.772077 0.453155
2 0.766909 0.489599
2 0.768132 0.502109
2 0.768786 0.526974
2 0.768834 0.552324
2 0.770488 0.562607
2 0.768635 0.585096
1 0.771328 0.595837
1 0.768551 0.843022
1 0.767714 0.868141
1 0.768298 0.889819
1 0.76746 0.905125
1 0.771116 0.94264
0 0.772099 0.997744
1 0.77852 0.0217918
1 0.775213 0.0582666
1 0.774791 0.0956456
1 0.777943 0.116438
1 0.776848 0.133687
1 0.774633 0.15744
0 0.774342 0.246703
1 0.774742 0.274485
2 0.773289 0.28491
1 0.775371 0.294523
2 0.774388 0.339872
1 0.773678 0.36709
2 0.775157 0.410353
1 0.775859 0.427349
2 0.775617 0.439848
2 0.775051 0.47719
1 0.775911 0.509971
1 0.774132 0.538056
2 0.776787 0.573414
2 0.778964 0.583211
2 0.778785 0.607055
2 0.77725 0.619482
2 0.77559 0.645731
1 0.778599 0.655519
2 0.77762 0.672856
2 0.776364 0.701285
1 0.776193 0.74436
2 0.775665 0.766557
2 0.778267 0.785574
2 0.776802 0.802928
1 0.776892 0.817533
2 0.777101 0.929583
1 0.77646 0.965217
2 0.783759 0.182417
1 0.781499 0.203733
1 0.783585 0.229672
2 0.783239 0.241053
2 0.779675 0.30472
2 0.780673 0.321396
0 0.779913 0.351385
2 0.784733 0.36923
2 0.779576 0.388645
2 0.784318 0.419582
2 0.783717 0.431552
2 0.784022 0.448522
2 0.779427 0.459114
2 0.783872 0.470331
1 0.780685 0.491908
2 0.783576 0.505423
2 0.77952 0.528035
2 0.781009 0.544423
2 0.784215 0.561621
2 0.783578 0.595979
2 0.783439 0.635991
2 0.78449 0.687537
2 0.780061 0.715549
1 0.780789 0.725396
0 0.781976 0.84053
1 0.780455 0.878005
1 0.78654 0.00359471
2 0.787425 0.0738707
1 0.787509 0.167955
2 0.790165 0.260174
2 0.78929 0.285206
2 0.791203 0.300483
2 0.786301 0.333678
0 0.785525 0.406808
1 0.791024 0.463337
2 0.787698 0.486659
2 0.791003 0.534303
1 0.78971 0.572272
2 0.790414 0.625453
1 0.790364 0.696264
1 0.78714 0.775674
0 0.786643 0.8897
1 0.789751 0.904536
1 0.790234 0.978285
1 0.795792 0.0178193
1 0.797018 0.0939182
1 0.797052 0.112162
1 0.795011 0.145478
2 0.794196 0.221911
1 0.795258 0.318952
2 0.793856 0.343679
1 0.79565 0.360627
1 0.792099 0.384161
2 0.794241 0.433403
0 0.7955 0.444947
2 0.791695 0.476975
2 0.79526 0.498378
1 0.794941 0.515214
2 0.794585 0.561458
2 0.793226 0.602435
2 0.796514 0.616368
2 0.79512 0.64367
2 0.794647 0.660741
2 0.796982 0.675093
2 0.793996 0.713234
2 0.795504 0.728103
0 0.794366 0.74722
2 0.792037 0.76045
1 0.794354 0.799082
2 0.794111 0.825352
1 0.792026 0.864952
1 0.79203 0.951733
0 0.802156 0.0386868
1 0.799957 0.0550037
1 0.803545 0.0785314
1 0.79966 0.192054
2 0.803229 0.244482
1 0.79941 0.265955
2 0.803487 0.29901
2 0.80313 0.355681
2 0.800276 0.371236
2 0.798658 0.406873
1 0.798268 0.424298
2 0.799929 0.454158
2 0.802554 0.488245
2 0.799679 0.539963
2 0.799033 0.552219
2 0.802576 0.56891
2 0.799348 0.5843
2 0.801814 0.627238
1 0.803318 0.651982
2 0.801947 0.773674
2 0.802632 0.850599
1 0.800111 0.921956
0 0.805238 0.134638
0 0.80445 0.172687
0 0.80744 0.207491
1 0.806765 0.233708
2 0.809612 0.274333
1 0.809034 0.384842
2 0.808303 0.395607
2 0.809564 0.415132
2 0.804787 0.444525
1 0.807084 0.470781
2 0.807293 0.498382
2 0.805074 0.525501
2 0.809528 0.550131
0 0.807061 0.615355
2 0.807101 0.642448
2 0.809663 0.667527
2 0.806971 0.695782
2 0.807409 0.709253
2 0.809526 0.722478
1 0.806544 0.733032
2 0.805502 0.754035
2 0.809388 0.811871
1 0.805483 0.875443
1 0.803823 0.893565
1 0.80559 0.939994
0 0.80963 0.971318
1 0.805587 0.99829
0 0.812624 0.100206
1 0.813891 0.163808
1 0.813932 0.250502
0 0.813094 0.306763
2 0.810272 0.318426
2 0.810537 0.336788
1 0.813164 0.351066
0 0.815927 0.371736
1 0.813408 0.405296
2 0.814249 0.430955
1 0.813802 0.450253
2 0.811186 0.459635
2 0.810326 0.510827
2 0.813678 0.560376
2 0.812893 0.582176
2 0.809972 0.597856
2 0.814706 0.628445
2 0.810334 0.683009
1 0.811324 0.764968
0 0.811278 0.787287
1 0.810945 0.800516
1 0.811809 0.835775
1 0.812864 0.858355
1 0.816435 0.0138008
1 0.816443 0.0300635
1 0.816388 0.194294
1 0.819442 0.279755
2 0.821318 0.363916
2 0.820957 0.443623
2 0.82059 0.475765
0 0.816044 0.488496
2 0.821938 0.509189
2 0.816016 0.534961
0 0.819276 0.550568
2 0.820136 0.653796
0 0.817591 0.701097
0 0.816236 0.900821
1 0.818479 0.929233
1 0.827841 0.0566438
1 0.823818 0.0765056
1 0.824016 0.117519
1 0.823323 0.145204
1 0.823153 0.223083
2 0.826097 0.291129
2 0.823619 0.31152
1 0.822236 0.322113
2 0.822888 0.384262
1 0.824685 0.419223
2 0.827763 0.452518
1 0.827065 0.466387
2 0.825168 0.496017
1 0.823966 0.51853
1 0.823479 0.576695
2 0.822532 0.594857
2 0.827977 0.608907
2 0.825958 0.63739
2 0.823972 0.675758
2 0.825425 0.691598
2 0.823895 0.731466
2 0.822293 0.765103
1 0.826064 0.783879
2 0.826531 0.803299
1 0.823471 0.814759
1 0.824049 0.868834
1 0.826647 0.88631
1 0.8256 0.968091
1 0.829601 0.0964023
1 0.830807 0.167365
0 0.830597 0.232341
2 0.828901 0.251667
1 0.828367 0.343197
1 0.832401 0.375189
2 0.832134 0.403356
2 0.830483 0.432277
2 0.832262 0.486042
2 0.831958 0.52596
2 0.828983 0.540013
2 0.828652 0.567102
2 0.833747 0.58961
2 0.829965 0.712758
1 0.828235 0.748842
1 0.82876 0.838749
0 0.828675 0.853517
1 0.829522 0.904786
1 0.828656 0.947585
1 0.830309 0.990557
0 0.837382 0.0402571
1 0.838824 0.130882
0 0.837473 0.147609
2 0.839514 0.202571
2 0.840071 0.273828
2 0.836696 0.30256
2 0.835023 0.325493
1 0.840484 0.359865
2 0.83522 0.416595
1 0.836848 0.439505
2 0.839563 0.450216
2 0.835842 0.46233
1 0.837664 0.501656
2 0.837147 0.513762
2 0.839963 0.558076
1 0.839611 0.609506
2 0.837068 0.622489
2 0.834855 0.648084
2 0.837197 0.662811
1 0.837476 0.674509
1 0.837695 0.726581
2 0.840466 0.745573
1 0.834495 0.765089
2 0.837556 0.786175
0 0.840061 0.814815
1 0.842351 0.0124686
0 0.845704 0.179238
1 0.844299 0.218215
1 0.846127 0.286723
1 0.845382 0.319671
2 0.841468 0.344209
2 0.845266 0.374921
1 0.840644 0.39006
2 0.844635 0.407512
1 0.845817 0.425593
1 0.841963 0.543536
2 0.841537 0.573822
2 0.843587 0.598772
1 0.840753 0.700632
1 0.845684 0.835963
1 0.843391 0.864576
1 0.843445 0.888966
1 0.846571 0.947848
1 0.846359 0.973759
1 0.85215 0.037466
1 0.848061 0.0539049
1 0.847911 0.0712178
1 0.84685 0.164081
1 0.852617 0.252667
0 0.847184 0.263664
0 0.849434 0.301199
2 0.852509 0.332186
2 0.850404 0.439114
0 0.849873 0.46694
2 0.847978 0.480394
2 0.850558 0.506786
2 0.84841 0.522758
2 0.851876 0.628653
1 0.847546 0.644304
2 0.851465 0.65905
2 0.848575 0.687858
2 0.848997 0.709641
1 0.850513 0.738512
1 0.852256 0.75671
0 0.846738 0.771127
1 0.851136 0.803195
1 0.850378 0.849944
0 0.851602 0.878639
0 0.850341 0.920896
1 0.854874 0.105137
1 0.853693 0.140677
1 0.858441 0.203554
2 0.854168 0.229541
2 0.856366 0.278907
2 0.857211 0.347255
1 0.85358 0.402926
1 0.856428 0.451528
1 0.855157 0.487587
2 0.857464 0.536701
2 0.856326 0.552826
1 0.853903 0.581286
2 0.855956 0.615618
1 0.854064 0.784627
1 0.857656 0.819238
1 0.858032 0.865795
1 0.857948 0.907702
1 0.856711 0.99855
1 0.862824 0.0219537
0 0.859188 0.088864
1 0.860074 0.121471
1 0.864929 0.267594
1 0.863044 0.337475
0 0.859904 0.364851
2 0.861729 0.396622
2 0.8628 0.414892
0 0.861829 0.425952
2 0.859548 0.470892
2 0.864759 0.521954
2 0.862545 0.565207
2 0.864282 0.583368
2 0.860989 0.601486
2 0.859124 0.673582
1 0.860114 0.690637
0 0.859064 0.705287
2 0.859297 0.730096
1 0.861302 0.891731
1 0.861197 0.933158
1 0.867149 0.18677
1 0.868064 0.225858
2 0.867009 0.314007
1 0.868112 0.386203
2 0.867198 0.443041
2 0.865391 0.503621
1 0.866972 0.555469
2 0.865639 0.648842
1 0.866288 0.715367
0 0.867114 0.828942
1 0.866703 0.853054
1 0.866629 0.96181
0 0.875982 0.00117162
1 0.875764 0.0456678
1 0.875735 0.0668172
1 0.872375 0.109371
0 0.872782 0.137373
1 0.871608 0.157298
2 0.871314 0.294324
0 0.876938 0.327236
1 0.872601 0.406201
1 0.877086 0.450932
2 0.874129 0.464106
2 0.874254 0.488585
0 0.871399 0.531578
2 0.873374 0.541688
2 0.87428 0.574186
0 0.871366 0.618521
2 0.871392 0.630343
0 0.876134 0.672907
2 0.872373 0.701753
1 0.871737 0.74222
0 0.876032 0.754573
1 0.874061 0.766897
1 0.872674 0.815905
1 0.87413 0.866691
1 0.877144 0.907723
1 0.873357 0.983025
1 0.880224 0.0883722
1 0.882851 0.176592
0 0.882416 0.228091
1 0.88072 0.248364
0 0.879905 0.263886
1 0.879494 0.277713
2 0.881404 0.373034
2 0.88117 0.400017
1 0.877711 0.423238
1 0.881915 0.473833
2 0.882758 0.504146
1 0.882503 0.515285
1 0.879317 0.589408
2 0.879981 0.601427
1 0.877554 0.655159
2 0.877817 0.685004
1 0.878638 0.725737
0 0.877716 0.795338
1 0.881633 0.828732
1 0.878424 0.891415
0 0.883211 0.925218
1 0.885548 0.0257081
1 0.887902 0.126018
1 0.88699 0.14542
1 0.885915 0.202404
2 0.887366 0.30995
2 0.883611 0.342264
1 0.886524 0.359871
0 0.888267 0.384701
2 0.884829 0.433297
2 0.889287 0.484159
2 0.884213 0.526292
2 0.884013 0.553307
1 0.888749 0.563136
2 0.887136 0.615718
2 0.888473 0.736175
1 0.887311 0.747952
1 0.889307 0.769845
0 0.886689 0.857113
1 0.89445 0.0433186
1 0.8929 0.289202
2 0.891859 0.540173
1 0.894303 0.626915
2 0.893001 0.664857
1 0.891282 0.678564
1 0.892943 0.698815
1 0.891821 0.716295
1 0.894508 0.842665
1 0.891634 0.950607
1 0.898877 0.00899178
0 0.898132 0.0672139
1 0.896721 0.0892937
1 0.895946 0.10659
1 0.901787 0.137445
1 0.900034 0.18243
1 0.899972 0.22427
1 0.897227 0.324346
0 0.90131 0.350343
1 0.901529 0.385377
1 0.896542 0.406726
2 0.900852 0.417324
2 0.899716 0.444815
1 0.897325 0.499361
2 0.901504 0.513101
2 0.899555 0.567829
0 0.896128 0.579473
2 0.897061 0.604268
1 0.899457 0.785408
1 0.897609 0.81439
1 0.899473 0.866798
2 0.898786 0.894237
1 0.896644 0.910553
1 0.898595 0.971743
1 0.907454 0.118251
1 0.903879 0.166361
1 0.90484 0.268385
0 0.907215 0.290585
1 0.90343 0.434141
1 0.902688 0.464239
0 0.905461 0.484903
1 0.902297 0.533499
2 0.907015 0.621122
2 0.902796 0.646682
1 0.904365 0.725436
1 0.901932 0.74109
1 0.9022 0.757167
1 0.905488 0.852155
1 0.906599 0.931129
2 0.909548 0.0247167
1 0.913825 0.0474484
1 0.912508 0.198498
1 0.91241 0.239196
2 0.911433 0.327428
2 0.908987 0.36827
2 0.908291 0.397819
2 0.912848 0.53846
1 0.909566 0.550457
1 0.912614 0.608005
1 0.912668 0.63404
1 0.908351 0.709016
0 0.913383 0.780601
1 0.909163 0.798565
0 0.91253 0.832854
1 0.914049 0.879047
1 0.916027 0.066275
0 0.919861 0.099188
1 0.919864 0.165598
1 0.918684 0.214605
1 0.915302 0.308744
2 0.919855 0.34857
2 0.918529 0.469673
2 0.918487 0.521896
2 0.914128 0.583381
0 0.914893 0.657441
1 0.914211 0.676976
0 0.919326 0.701488
1 0.917621 0.757492
1 0.915459 0.815623
2 0.924853 0.135416
1 0.921651 0.148933
0 0.924304 0.189536
0 0.922428 0.251234
1 0.92174 0.285118
1 0.923847 0.396044
1 0.921809 0.41673
1 0.920925 0.453006
2 0.924223 0.503727
2 0.926344 0.638401
1 0.924224 0.713094
1 0.920269 0.734212
0 0.92066 0.944516
1 0.92429 0.990734
1 0.932006 0.298146
1 0.930295 0.320731
1 0.92797 0.360832
0 0.927479 0.378022
1 0.931776 0.430237
2 0.927362 0.442852
1 0.932487 0.472244
1 0.927408 0.544002
2 0.928053 0.567148
1 0.928435 0.59412
0 0.930779 0.754264
1 0.9303 0.789553
1 0.932151 0.822596
1 0.927376 0.852344
1 0.931352 0.907519
1 0.931948 0.96832
1 0.934006 0.024765
1 0.937136 0.0505624
1 0.933661 0.0722567
1 0.934142 0.091182
1 0.93269 0.122171
1 0.935564 0.212559
1 0.938608 0.240253
1 0.938487 0.521422
1 0.935177 0.666503
2 0.938291 0.684953
1 0.937817 0.702875
1 0.93494 0.773937
1 0.935588 0.879894
1 0.934995 0.93349
1 0.943637 0.105423
1 0.94169 0.158273
1 0.941459 0.175409
1 0.943342 0.195032
1 0.942412 0.271016
1 0.942762 0.349898
1 0.943285 0.380411
1 0.942576 0.399529
0 0.943133 0.413455
1 0.941123 0.447972
1 0.938682 0.489349
1 0.942198 0.558875
2 0.940884 0.616602
1 0.939462 0.633002
1 0.942326 0.743534
1 0.944009 0.806915
1 0.94275 0.840371
1 0.939639 0.863012
0 0.943304 0.997544
1 0.950514 0.225631
1 0.946991 0.317123
0 0.945092 0.331549
2 0.944827 0.464978
0 0.946497 0.583129
1 0.946575 0.60225
0 0.948682 0.724167
0 0.948335 0.781408
1 0.94683 0.897457
1 0.946842 0.950172
1 0.95153 0.0689717
1 0.954196 0.135371
1 0.953394 0.254487
0 0.953931 0.294689
1 0.95109 0.430961
1 0.956993 0.489179
2 0.955869 0.506109
0 0.956139 0.540822
1 0.954339 0.672832
1 0.955297 0.764128
1 0.956178 0.794968
1 0.954815 0.826956
0 0.953965 0.85136
0 0.955046 0.884199
1 0.956369 0.969211
0 0.958422 0.0378734
0 0.958696 0.097522
1 0.958604 0.11541
0 0.959953 0.212278
1 0.96233 0.328496
1 0.959503 0.354972
1 0.961867 0.458534
0 0.961561 0.474004
1 0.957126 0.645639
1 0.959686 0.698217
1 0.959646 0.74138
1 0.96272 0.812327
1 0.96161 0.865345
0 0.959195 0.925865
1 0.959706 0.99836
1 0.963295 0.156408
1 0.963966 0.176271
1 0.968158 0.195212
1 0.968825 0.228772
1 0.965722 0.307925
1 0.968503 0.382813
2 0.967819 0.412497
2 0.963615 0.442797
1 0.964438 0.562367
1 0.964044 0.611566
1 0.964697 0.900148
1 0.971378 0.0195623
1 0.971207 0.0607985
1 0.969478 0.0866873
0 0.974861 0.136391
1 0.970667 0.248641
1 0.975371 0.275301
1 0.974532 0.399665
1 0.9719 0.508437
1 0.971621 0.630802
0 0.97225 0.656841
1 0.971761 0.781132
1 0.975039 0.837362
1 0.975292 0.877632
1 0.96994 0.938158
0 0.974321 0.96213
1 0.975069 0.987662
1 0.980012 0.0431766
1 0.975791 0.293941
1 0.978773 0.319817
1 0.978252 0.343126
0 0.979061 0.368325
1 0.980406 0.434467
1 0.976119 0.48512
1 0.980102 0.53416
1 0.976497 0.590501
1 0.975467 0.72199
1 0.976093 0.753207
1 0.980144 0.856312
1 0.977901 0.919245
1 0.982182 0.110342
1 0.987381 0.145219
1 0.986428 0.166848
1 0.985727 0.207278
2 0.984838 0.238439
1 0.986812 0.413862
1 0.982333 0.456158
2 0.98289 0.556521
1 0.986971 0.573732
2 0.982528 0.791569
1 0.982413 0.812787
1 0.983993 0.94967
1 0.988968 0.080818
1 0.992728 0.187979
1 0.992176 0.256219
0 0.989935 0.284795
0 0.992556 0.331239
1 0.990498 0.384121
1 0.989659 0.501192
1 0.98967 0.605399
1 0.991604 0.658317
0 0.991179 0.75924
1 0.990777 0.869433
1 0.989371 0.891956
1 0.99316 0.932497
0 0.990847 0.998529
1 0.999264 0.0141572
0 0.994551 0.0963361
1 0.998848 0.126936
1 0.997994 0.300611
1 0.994832 0.682719
1 0.995038 0.801207
0 0.996554 0.825454
1 0.996443 0.978378
