1 0.00405597 0.0276272
0 0.00319438 0.0493323
1 0.0012528 0.204806
1 0.00487926 0.325897
1 0.00382064 0.501567
0 0.0049927 0.549862
0 0.00349909 0.590595
1 0.00360942 0.633574
1 0.00315795 0.718666
1 0.00124398 0.816936
1 0.0057761 0.907146
1 0.0120339 0.12514
2 0.0104474 0.285823
0 0.0067484 0.384702
1 0.010128 0.438979
1 0.00653771 0.656623
0 0.00885333 0.801928
1 0.0111024 0.849353
1 0.0117985 0.970518
1 0.0123572 0.0690335
1 0.013579 0.0924974
1 0.0137876 0.174824
1 0.0153486 0.251689
1 0.0130967 0.303708
1 0.0157715 0.35855
1 0.0183798 0.403805
0 0.016656 0.461868
1 0.0143443 0.568679
1 0.0159659 0.608688
1 0.0126256 0.68655
1 0.0149388 0.769556
1 0.0130761 0.926394
1 0.0150953 0.947738
0 0.0217511 0.0198612
1 0.0240081 0.0357158
1 0.0198048 0.146376
1 0.0226773 0.226071
1 0.0219135 0.492101
1 0.0229229 0.525518
1 0.0245027 0.624829
1 0.0211648 0.706498
1 0.0237928 0.72871
1 0.0242378 0.748452
1 0.0194088 0.826656
1 0.0185531 0.868261
1 0.019696 0.987809
0 0.0302796 0.11421
0 0.0299837 0.195903
1 0.0291646 0.269153
1 0.0287874 0.291723
1 0.025888 0.32486
1 0.0289568 0.549989
1 0.0305463 0.576528
1 0.0246236 0.593772
1 0.0287569 0.660325
1 0.0300915 0.89016
1 0.0293441 0.93242
1 0.0357946 0.363447
1 0.0358839 0.387601
1 0.0307335 0.431634
1 0.034886 0.510996
0 0.032821 0.642472
0 0.0330069 0.691787
1 0.0339093 0.770298
1 0.0328259 0.788423
1 0.0319294 0.80691
2 0.0347886 0.867457
1 0.0357633 0.914453
0 0.0334078 0.958666
1 0.0399688 0.0186358
1 0.039491 0.0704967
1 0.0397121 0.172173
0 0.0428437 0.339965
1 0.0417609 0.465228
0 0.0372228 0.526891
1 0.0369529 0.610649
1 0.0405349 0.716353
1 0.0409903 0.979272
1 0.0373436 0.999764
1 0.044764 0.0525695
1 0.0437562 0.141108
0 0.0464266 0.245588
1 0.0465686 0.309891
1 0.0482803 0.442056
1 0.0461247 0.560373
1 0.0438725 0.592765
1 0.0454554 0.63005
0 0.047041 0.742669
1 0.0435624 0.82363
1 0.0475475 0.852408
1 0.0461134 0.945816
1 0.0509064 0.0357145
1 0.0500996 0.107757
1 0.0497601 0.216033
1 0.0536921 0.279788
1 0.0538226 0.401759
0 0.0522137 0.484528
1 0.0503406 0.763859
0 0.0491346 0.781901
1 0.0531865 0.905101
1 0.0583074 0.00875108
1 0.0572187 0.357518
0 0.0591963 0.38115
2 0.060114 0.502555
1 0.0570182 0.519666
1 0.0583127 0.601146
1 0.0584752 0.6473
1 0.0557832 0.687252
1 0.0588092 0.804691
1 0.0570213 0.886734
1 0.0609822 0.924136
2 0.0666584 0.0371501
1 0.0630857 0.0815551
1 0.0631316 0.126573
2 0.0633004 0.155556
1 0.0640945 0.256284
1 0.062824 0.335156
1 0.0664442 0.538862
1 0.0645413 0.570521
1 0.0619957 0.618192
1 0.0652584 0.668603
1 0.0629044 0.707128
1 0.0631497 0.752388
1 0.0669912 0.779724
0 0.0628646 0.82036
1 0.0672757 0.842224
1 0.0665813 0.866429
1 0.0666061 0.947125
1 0.0614766 0.970322
1 0.0676186 0.0510742
1 0.0715332 0.102366
1 0.0722768 0.197351
1 0.0710032 0.231356
0 0.0732848 0.278413
0 0.0682212 0.433876
1 0.06983 0.469965
2 0.0721487 0.523495
2 0.0695494 0.556876
0 0.0727151 0.58257
1 0.0726923 0.727792
0 0.0727407 0.897988
0 0.0761623 0.00469918
1 0.0762311 0.0209827
1 0.0791872 0.0644368
1 0.0778304 0.300384
1 0.0789256 0.410661
2 0.0786543 0.493946
1 0.0741298 0.508276
1 0.0790681 0.612156
0 0.0749125 0.626036
2 0.0778692 0.763918
1 0.0766875 0.799138
1 0.0849519 0.0811412
1 0.0851962 0.129669
1 0.0847029 0.36791
2 0.0829421 0.475383
2 0.0808175 0.541317
2 0.0857078 0.681571
1 0.0826117 0.695598
1 0.0856805 0.873278
1 0.0814693 0.961613
1 0.0910257 0.0156152
1 0.0887593 0.0388093
1 0.0916851 0.0983865
1 0.0859977 0.152472
1 0.089044 0.258671
2 0.0918005 0.353377
2 0.0861444 0.397527
2 0.0883668 0.426218
2 0.0890686 0.453679
2 0.0864425 0.560807
1 0.0898484 0.576222
1 0.0885821 0.593999
0 0.086885 0.660762
2 0.0890238 0.729038
1 0.0901259 0.74629
1 0.0876771 0.822588
1 0.086936 0.915039
0 0.0861638 0.935554
1 0.0950233 0.000610803
1 0.0937567 0.0543325
1 0.0934319 0.177832
1 0.0967749 0.38989
1 0.0964457 0.501276
0 0.093076 0.543327
1 0.0972784 0.64636
1 0.0934164 0.781166
0 0.0939179 0.798452
0 0.0934361 0.852209
1 0.102701 0.0274812
0 0.104103 0.065388
1 0.102207 0.114554
1 0.100189 0.232871
1 0.100359 0.287189
0 0.103112 0.338634
1 0.103793 0.433812
1 0.101863 0.458142
1 0.100896 0.480382
2 0.0984211 0.513254
1 0.0983116 0.526211
2 0.101726 0.579854
2 0.0998627 0.60713
2 0.103385 0.628694
1 0.101153 0.670232
1 0.109409 0.0831648
2 0.109374 0.385771
1 0.109055 0.55708
1 0.105276 0.729989
0 0.104484 0.753177
1 0.108959 0.842598
1 0.108701 0.862473
1 0.110285 0.891512
1 0.106879 0.940714
0 0.115372 0.0044101
1 0.115468 0.151188
1 0.110897 0.198369
1 0.112961 0.264446
1 0.113948 0.312768
2 0.111696 0.355959
1 0.11055 0.371351
2 0.111352 0.411625
2 0.1135 0.461758
2 0.11174 0.48678
2 0.112908 0.519339
2 0.114877 0.537919
1 0.116404 0.591518
2 0.112825 0.655776
1 0.112455 0.700221
1 0.113495 0.775225
1 0.112207 0.798296
1 0.112984 0.817547
1 0.110971 0.979629
1 0.119428 0.0418794
1 0.118891 0.0640453
0 0.117899 0.129841
2 0.118977 0.281077
2 0.118533 0.332829
2 0.120881 0.400064
0 0.121117 0.507923
2 0.117852 0.573961
2 0.122021 0.604931
1 0.122636 0.638275
1 0.121984 0.921307
1 0.126809 0.027854
1 0.123513 0.0953897
1 0.123499 0.113378
0 0.12331 0.244067
2 0.124034 0.375139
1 0.12861 0.38883
2 0.124846 0.420654
0 0.123062 0.440298
2 0.123714 0.477727
2 0.12853 0.516504
2 0.123872 0.62255
0 0.128597 0.684829
1 0.127013 0.737589
1 0.128198 0.874949
2 0.125322 0.949962
1 0.131681 0.00424727
1 0.134109 0.14099
0 0.130267 0.18048
1 0.134142 0.228875
2 0.133734 0.301233
2 0.13116 0.320437
2 0.132224 0.357446
2 0.132808 0.447699
2 0.12995 0.497146
1 0.133847 0.534927
2 0.132754 0.545631
1 0.130458 0.558199
2 0.133055 0.587987
1 0.131483 0.613631
1 0.129607 0.663286
1 0.134699 0.710307
1 0.131239 0.793317
0 0.131006 0.80881
1 0.13012 0.837482
1 0.140784 0.0463834
1 0.140679 0.0652532
1 0.135935 0.339718
2 0.137908 0.408832
2 0.137703 0.429393
2 0.138285 0.46299
1 0.136045 0.479968
2 0.141051 0.506111
0 0.137886 0.576907
2 0.135867 0.601766
2 0.140225 0.630561
2 0.136628 0.647894
0 0.136343 0.895723
1 0.14203 0.0191646
1 0.14299 0.160943
1 0.143976 0.202167
2 0.144057 0.286062
2 0.144061 0.37192
2 0.143083 0.394951
1 0.147204 0.455225
2 0.14199 0.490765
2 0.142997 0.520237
2 0.144688 0.673128
2 0.144977 0.69541
1 0.144925 0.753791
1 0.146251 0.814652
1 0.144176 0.957338
1 0.148986 0.0824973
1 0.150132 0.111701
2 0.152731 0.217378
1 0.149617 0.25681
2 0.149542 0.303567
2 0.151609 0.321456
2 0.148745 0.348928
2 0.151983 0.385476
2 0.150595 0.41925
2 0.15274 0.441326
1 0.151933 0.496377
2 0.15191 0.53926
2 0.148513 0.556563
2 0.150256 0.586975
2 0.149224 0.609733
2 0.151545 0.652164
2 0.147537 0.849246
1 0.15066 0.921648
1 0.149 0.99408
1 0.157576 0.0377561
1 0.15877 0.0664114
1 0.155711 0.179729
2 0.156862 0.245761
2 0.154971 0.26956
1 0.158343 0.284241
1 0.154203 0.359699
2 0.159225 0.370212
1 0.155139 0.397266
1 0.153851 0.430784
2 0.159156 0.461953
0 0.157107 0.479605
2 0.155233 0.515617
1 0.158759 0.550269
2 0.1567 0.566866
2 0.154059 0.625891
0 0.158592 0.640504
1 0.158333 0.669693
1 0.159298 0.779307
1 0.158823 0.895826
1 0.160727 0.00547471
0 0.164393 0.0232463
0 0.163558 0.135464
1 0.162122 0.233201
0 0.163124 0.314228
2 0.164406 0.388206
2 0.162574 0.406489
0 0.163084 0.523658
2 0.164536 0.534482
1 0.161373 0.580602
2 0.162997 0.70359
1 0.161322 0.801084
1 0.163232 0.974228
1 0.167786 0.0818127
0 0.170354 0.0992752
1 0.171592 0.158288
1 0.167694 0.198067
2 0.171545 0.263012
2 0.166681 0.296016
2 0.16933 0.328013
2 0.17052 0.346915
2 0.169536 0.361668
2 0.168037 0.431466
2 0.166886 0.446059
2 0.16832 0.479078
2 0.165793 0.500124
2 0.171495 0.517406
2 0.171329 0.574631
2 0.166816 0.59891
2 0.168745 0.617213
2 0.170622 0.637826
2 0.166699 0.651231
2 0.16771 0.680996
1 0.168303 0.728223
1 0.168517 0.828061
1 0.171021 0.848479
1 0.168327 0.875406
1 0.17312 0.0494413
1 0.173441 0.121253
0 0.173539 0.383464
2 0.177901 0.392798
1 0.175507 0.410358
2 0.172537 0.462838
1 0.176577 0.485758
2 0.176702 0.495712
2 0.176642 0.535047
2 0.172695 0.557661
2 0.176408 0.608202
2 0.174105 0.664748
2 0.175959 0.692792
0 0.176384 0.705627
2 0.173174 0.74314
1 0.1727 0.940761
1 0.181745 0.00788724
1 0.181412 0.14154
1 0.183812 0.18637
1 0.178216 0.221011
1 0.181722 0.252304
2 0.182718 0.276112
2 0.182401 0.309525
2 0.182949 0.339375
2 0.181363 0.419453
0 0.178138 0.441971
1 0.181462 0.460416
2 0.181199 0.472958
2 0.181629 0.506245
1 0.182796 0.517073
1 0.180689 0.547584
2 0.183039 0.566787
0 0.182122 0.57721
2 0.178863 0.590748
1 0.181888 0.616825
2 0.183101 0.727996
0 0.179694 0.784929
1 0.182253 0.813313
0 0.184035 0.836182
0 0.182742 0.970188
2 0.185143 0.0594566
0 0.189958 0.159443
0 0.188978 0.202587
2 0.188538 0.241993
1 0.185121 0.29143
2 0.186249 0.359383
2 0.184721 0.372085
2 0.18914 0.406728
2 0.185886 0.435157
2 0.185341 0.447955
2 0.184968 0.600517
1 0.184221 0.643844
2 0.184109 0.656382
2 0.185383 0.67265
2 0.190026 0.712915
1 0.186674 0.751029
1 0.188858 0.856219
0 0.186004 0.910138
1 0.193444 0.0395023
1 0.191183 0.0910667
1 0.191181 0.109364
1 0.194291 0.12686
1 0.19186 0.332689
2 0.192043 0.387423
2 0.195808 0.425997
2 0.190613 0.458286
2 0.195128 0.468179
2 0.191838 0.478527
2 0.194985 0.511288
2 0.19214 0.525537
2 0.191902 0.541687
2 0.193805 0.554493
2 0.19201 0.585101
2 0.190928 0.610991
2 0.191424 0.631184
2 0.190262 0.686403
2 0.191977 0.699532
1 0.193454 0.94003
1 0.190416 0.98844
0 0.197164 0.0133361
1 0.198507 0.223244
0 0.198355 0.260424
2 0.197236 0.280432
2 0.196681 0.296896
2 0.198977 0.312273
2 0.200178 0.344681
1 0.199247 0.360336
2 0.202162 0.381151
1 0.200196 0.400876
2 0.201263 0.41152
2 0.200188 0.441764
2 0.200231 0.45259
2 0.200483 0.48577
1 0.19848 0.495257
2 0.200834 0.570408
1 0.201032 0.591603
2 0.199941 0.618523
2 0.200022 0.640343
2 0.197641 0.655428
1 0.200143 0.69142
1 0.197704 0.729444
2 0.201808 0.744869
2 0.19915 0.75909
1 0.202237 0.839063
0 0.19694 0.872498
1 0.199799 0.88769
1 0.201407 0.965656
1 0.204804 0.0565127
2 0.207558 0.175791
1 0.203797 0.203217
1 0.206108 0.241914
2 0.206515 0.323721
2 0.202711 0.369828
2 0.20375 0.462253
0 0.203212 0.473735
2 0.20384 0.528905
2 0.207768 0.53913
2 0.204964 0.556788
2 0.205417 0.602909
2 0.206867 0.629209
1 0.204385 0.663553
2 0.206757 0.673588
2 0.20653 0.705207
2 0.206725 0.722614
1 0.206847 0.7709
1 0.203208 0.796156
1 0.206444 0.816138
1 0.204313 0.907679
1 0.208591 0.0265978
1 0.213138 0.15185
1 0.213478 0.186766
2 0.214378 0.221176
1 0.211245 0.289797
2 0.212405 0.310321
2 0.212905 0.351978
0 0.213996 0.424672
2 0.210614 0.43759
1 0.210966 0.447231
2 0.209659 0.480309
2 0.211633 0.490889
2 0.209169 0.506859
2 0.210871 0.518427
1 0.213167 0.527049
1 0.214154 0.570548
2 0.210679 0.581787
2 0.210576 0.614391
2 0.211776 0.650446
2 0.21092 0.68453
1 0.214518 0.712036
1 0.21459 0.986704
1 0.216117 0.00855632
0 0.218432 0.0814988
1 0.217683 0.10714
1 0.21619 0.127158
2 0.220088 0.202744
2 0.216942 0.260696
1 0.216702 0.332975
1 0.216465 0.383984
2 0.219256 0.453238
2 0.219617 0.470513
1 0.219338 0.479007
2 0.220428 0.50495
2 0.220359 0.515653
2 0.219216 0.551549
2 0.21585 0.600653
0 0.218243 0.63856
2 0.214958 0.664325
1 0.220825 0.68517
2 0.219234 0.695844
2 0.217728 0.734182
0 0.219802 0.757465
1 0.219293 0.857275
1 0.218785 0.924341
1 0.220336 0.954677
2 0.225469 0.158985
2 0.221815 0.247581
2 0.221123 0.277292
2 0.223441 0.292168
2 0.22282 0.3172
2 0.221558 0.342797
2 0.224852 0.356225
2 0.226002 0.373921
2 0.222914 0.400632
2 0.223594 0.415813
2 0.222849 0.432488
2 0.222371 0.488451
2 0.220878 0.533399
2 0.22232 0.565813
2 0.22107 0.586886
2 0.226817 0.595912
1 0.221734 0.613869
2 0.223048 0.649039
2 0.225476 0.675551
2 0.224997 0.712407
0 0.222323 0.797807
1 0.224482 0.836774
1 0.226322 0.874167
1 0.224986 0.895743
1 0.229436 0.0585796
0 0.22937 0.132547
2 0.228761 0.184237
0 0.227825 0.212566
1 0.231885 0.230108
1 0.22723 0.2676
2 0.232072 0.282526
1 0.228844 0.303923
2 0.228383 0.330705
2 0.232506 0.364269
1 0.232408 0.412829
2 0.232799 0.423982
2 0.230662 0.441011
1 0.22759 0.458222
2 0.22959 0.48153
1 0.232006 0.511587
2 0.231341 0.524859
2 0.229088 0.539388
2 0.229189 0.607801
2 0.228531 0.627798
2 0.230607 0.638737
2 0.229875 0.728834
2 0.22705 0.742987
2 0.232331 0.761783
1 0.231539 0.776801
0 0.228508 0.974587
1 0.237508 0.0349623
1 0.234385 0.0928174
1 0.234645 0.147569
1 0.233471 0.169092
1 0.237025 0.1988
2 0.23765 0.264027
2 0.239152 0.29951
2 0.237757 0.323016
2 0.236885 0.376265
2 0.234343 0.389065
2 0.236142 0.400068
1 0.23714 0.432937
2 0.234582 0.469517
2 0.234067 0.49418
2 0.236966 0.503117
2 0.237909 0.534328
1 0.237323 0.542953
2 0.234698 0.558278
2 0.235237 0.57173
2 0.234937 0.589317
2 0.234829 0.66204
2 0.235083 0.692959
1 0.23809 0.739181
2 0.234916 0.794405
1 0.234729 0.810265
0 0.235483 0.920281
1 0.241092 0.121945
2 0.244427 0.226864
2 0.240611 0.247211
2 0.244136 0.28764
2 0.242915 0.310819
0 0.241743 0.337449
2 0.240732 0.34696
1 0.240219 0.357101
0 0.243862 0.382058
2 0.242006 0.413779
2 0.243902 0.437966
2 0.240731 0.45118
0 0.245177 0.462624
2 0.242367 0.477928
2 0.241242 0.487949
2 0.242128 0.521501
2 0.244947 0.55118
1 0.244237 0.564626
1 0.24191 0.600222
2 0.241713 0.613743
2 0.243804 0.626638
1 0.241565 0.642432
2 0.242151 0.680411
2 0.243897 0.705771
1 0.244306 0.716636
2 0.242611 0.750987
1 0.242175 0.904269
1 0.242037 0.944645
1 0.23976 0.996513
0 0.248182 0.0516234
2 0.247014 0.163046
0 0.250121 0.174313
2 0.24902 0.186202
2 0.246975 0.206185
2 0.249716 0.268282
2 0.250004 0.328918
2 0.248724 0.364761
2 0.248264 0.40035
2 0.247063 0.42253
2 0.248106 0.496995
2 0.247823 0.507593
2 0.250656 0.543504
2 0.250647 0.558657
2 0.247902 0.572816
2 0.248258 0.587834
2 0.249405 0.657549
1 0.246432 0.690102
2 0.246349 0.732903
2 0.248543 0.773396
1 0.246365 0.8371
0 0.248211 0.878283
1 0.251852 0.0796468
1 0.25182 0.106026
1 0.254748 0.197573
1 0.251909 0.242018
2 0.252682 0.253299
1 0.253411 0.286968
2 0.252661 0.304522
2 0.255448 0.348018
2 0.256444 0.375621
2 0.253041 0.384967
2 0.256783 0.414749
2 0.253219 0.440828
2 0.255081 0.452682
2 0.253866 0.466391
2 0.25306 0.489218
2 0.251656 0.529637
2 0.25668 0.593533
2 0.252657 0.612293
2 0.255443 0.637028
0 0.254189 0.66826
2 0.253259 0.696886
2 0.256143 0.739916
2 0.254808 0.754751
1 0.25684 0.766989
2 0.25205 0.79643
2 0.254093 0.82711
1 0.255263 0.855797
1 0.256207 0.916141
1 0.252775 0.966571
1 0.25922 0.0186199
1 0.260737 0.130464
1 0.26188 0.148088
2 0.261173 0.21234
2 0.259817 0.235775
1 0.258879 0.262961
2 0.262502 0.279278
1 0.258891 0.322746
2 0.258795 0.33706
1 0.259756 0.362676
1 0.26307 0.387107
2 0.261395 0.404542
0 0.257786 0.423045
2 0.263429 0.464193
1 0.259587 0.473271
2 0.262486 0.4876
2 0.259377 0.496745
1 0.259583 0.504775
2 0.260851 0.516371
0 0.259899 0.538587
2 0.263268 0.556863
2 0.257951 0.564874
2 0.259657 0.583384
2 0.258924 0.626557
2 0.258071 0.676628
2 0.262663 0.689486
2 0.260783 0.715491
0 0.260708 0.726454
2 0.259589 0.783203
1 0.25894 0.936923
1 0.263682 0.985337
0 0.266371 0.0916572
2 0.267154 0.164868
2 0.264846 0.182977
2 0.267639 0.199273
0 0.269649 0.219354
2 0.265054 0.251705
2 0.268563 0.306411
2 0.268707 0.354134
2 0.266135 0.395482
2 0.266822 0.412868
2 0.268694 0.426981
2 0.266771 0.442773
1 0.267643 0.4557
2 0.267391 0.472626
2 0.266603 0.524368
2 0.269583 0.581424
2 0.266193 0.605808
1 0.267906 0.61631
2 0.268938 0.631557
1 0.264057 0.642693
2 0.268009 0.650581
2 0.264861 0.666273
2 0.269206 0.677076
2 0.264098 0.70519
2 0.267391 0.74183
2 0.266411 0.760133
1 0.264502 0.805959
2 0.268307 0.817147
0 0.268479 0.829221
1 0.265158 0.8834
1 0.26974 0.955741
1 0.272151 0.06079
0 0.275564 0.142156
1 0.275964 0.234551
2 0.270655 0.269106
2 0.270169 0.289817
2 0.271684 0.324406
2 0.270907 0.337677
2 0.272983 0.371689
2 0.271556 0.403286
2 0.274953 0.436146
2 0.275433 0.462076
0 0.274685 0.482599
2 0.272655 0.493243
2 0.270741 0.503679
2 0.270461 0.514194
2 0.272183 0.547992
2 0.272954 0.558208
0 0.274638 0.59295
2 0.275481 0.601896
2 0.273815 0.691721
1 0.27348 0.704776
2 0.272864 0.770656
2 0.275122 0.797049
1 0.273401 0.867196
1 0.277028 0.0341425
1 0.280767 0.121252
1 0.281388 0.164045
1 0.277632 0.19084
2 0.278527 0.253436
0 0.280519 0.267579
2 0.277255 0.278895
2 0.279431 0.300317
1 0.278854 0.318084
0 0.279532 0.345072
2 0.280904 0.355227
1 0.279277 0.364798
2 0.2774 0.389036
2 0.281285 0.403192
1 0.279035 0.41807
2 0.278529 0.449931
2 0.281378 0.477186
1 0.278338 0.510049
2 0.276379 0.528336
1 0.282004 0.536403
1 0.276183 0.568602
2 0.277502 0.611396
2 0.277783 0.627945
2 0.277804 0.64067
2 0.277267 0.654105
2 0.281757 0.66551
2 0.279772 0.677416
2 0.277358 0.713793
1 0.278109 0.737747
1 0.276378 0.756742
1 0.27942 0.849807
0 0.276514 0.908139
1 0.278813 0.931394
2 0.288273 0.191602
2 0.283761 0.206755
2 0.287801 0.232868
2 0.282236 0.289532
2 0.285359 0.334379
2 0.283286 0.373998
2 0.285566 0.394303
2 0.287343 0.417072
2 0.283988 0.439604
1 0.287943 0.468663
2 0.282872 0.49296
2 0.288212 0.509338
2 0.288108 0.52348
2 0.284481 0.550468
2 0.284541 0.563192
2 0.286733 0.582487
1 0.288179 0.652638
2 0.28785 0.713727
2 0.282744 0.729543
2 0.28502 0.746431
2 0.285096 0.763237
1 0.28248 0.786334
2 0.283365 0.814418
2 0.283676 0.835913
1 0.287752 0.887827
1 0.287221 0.956869
1 0.290122 0.0840092
2 0.289803 0.106631
1 0.288922 0.145963
2 0.292447 0.159467
2 0.293525 0.175951
1 0.289778 0.2188
1 0.289951 0.252439
2 0.290575 0.267597
1 0.292981 0.278397
2 0.28953 0.305812
2 0.290031 0.343555
2 0.288567 0.364915
2 0.294354 0.374913
1 0.293373 0.405332
2 0.288964 0.426158
2 0.29064 0.481221
2 0.292935 0.533452
2 0.28997 0.541621
2 0.291592 0.556571
2 0.293944 0.588924
2 0.291975 0.60274
2 0.292657 0.61156
2 0.293017 0.624301
2 0.288661 0.632775
1 0.288491 0.684978
2 0.292622 0.694243
2 0.29282 0.726059
2 0.289356 0.79451
1 0.294105 0.917941
2 0.292976 0.938851
0 0.29217 0.974206
1 0.291078 0.999586
1 0.297348 0.0558823
2 0.300349 0.143231
1 0.2964 0.202307
2 0.300354 0.219224
1 0.299308 0.303834
2 0.295974 0.326656
1 0.297141 0.350069
1 0.296014 0.382773
2 0.298946 0.41712
0 0.294628 0.436322
2 0.29559 0.453593
1 0.300371 0.480741
2 0.296889 0.500779
1 0.29789 0.510851
2 0.297733 0.550756
2 0.294533 0.568757
2 0.297677 0.578153
2 0.296415 0.639631
2 0.297659 0.651354
2 0.295203 0.661348
2 0.295903 0.677308
1 0.29538 0.705207
0 0.295351 0.734864
1 0.295497 0.758736
2 0.297139 0.773156
1 0.30018 0.808319
1 0.298239 0.839071
1 0.298805 0.859423
0 0.296664 0.875073
0 0.306205 0.0200189
0 0.3035 0.165467
2 0.305896 0.206174
2 0.302512 0.231318
2 0.302183 0.247374
2 0.306017 0.323832
2 0.30107 0.339694
2 0.305137 0.358381
2 0.303875 0.373689
2 0.304042 0.383103
2 0.302346 0.394217
2 0.303274 0.424779
2 0.303011 0.434181
2 0.301395 0.445356
2 0.304839 0.453729
2 0.302015 0.472019
2 0.305391 0.488313
2 0.301561 0.517593
2 0.303274 0.530738
0 0.304672 0.541366
2 0.303192 0.586455
2 0.305114 0.645776
2 0.306291 0.673976
2 0.302743 0.711435
2 0.304998 0.729773
2 0.30248 0.750314
2 0.300888 0.792279
1 0.301345 0.902784
2 0.306988 0.185442
1 0.312748 0.254372
2 0.310439 0.271059
2 0.310701 0.28164
2 0.308302 0.293262
2 0.307558 0.307608
2 0.311218 0.3325
0 0.312692 0.365142
2 0.309773 0.401565
2 0.311214 0.411775
2 0.310449 0.441196
1 0.312701 0.453333
2 0.308469 0.461481
2 0.311401 0.476495
2 0.307325 0.504088
2 0.307038 0.554779
1 0.306759 0.563932
2 0.308012 0.57183
2 0.310913 0.600471
2 0.307912 0.608616
2 0.309835 0.617213
1 0.308139 0.626846
2 0.311258 0.663569
0 0.309867 0.684701
2 0.308556 0.698194
2 0.308659 0.773543
1 0.308535 0.783832
2 0.307253 0.824264
1 0.30826 0.874107
1 0.308616 0.9287
1 0.307372 0.966138
1 0.314991 0.00176264
0 0.31888 0.121119
1 0.315742 0.139593
2 0.31405 0.163107
1 0.316797 0.194061
2 0.316736 0.213944
0 0.317923 0.223668
2 0.315846 0.243462
2 0.317206 0.30616
1 0.315529 0.31462
2 0.316411 0.324161
2 0.314475 0.343508
2 0.314391 0.353878
2 0.312987 0.376023
1 0.315986 0.38516
2 0.31633 0.393304
2 0.312922 0.421351
2 0.31888 0.448433
2 0.317316 0.459298
2 0.318543 0.480689
1 0.317104 0.495537
2 0.315552 0.512667
2 0.313417 0.522925
2 0.314414 0.540941
2 0.3145 0.559713
1 0.315627 0.5874
2 0.316591 0.61065
2 0.318948 0.627791
2 0.316107 0.678094
2 0.317546 0.701544
2 0.313396 0.712493
2 0.313185 0.722556
1 0.318816 0.739413
2 0.313504 0.749778
1 0.314892 0.764701
1 0.318999 0.797283
2 0.317416 0.809411
1 0.31519 0.830754
1 0.314042 0.849449
1 0.314265 0.891435
1 0.31473 0.947048
0 0.322746 0.0681699
2 0.322916 0.177275
2 0.324757 0.233878
1 0.319963 0.280765
0 0.321402 0.298231
2 0.324109 0.348404
2 0.323034 0.361139
2 0.323317 0.379816
2 0.319999 0.402814
0 0.324843 0.410698
2 0.321758 0.420541
1 0.319281 0.429501
1 0.320191 0.46987
2 0.322772 0.50403
2 0.322688 0.517941
2 0.323226 0.526076
1 0.324711 0.533772
2 0.322837 0.556777
2 0.319034 0.572447
2 0.32478 0.60028
2 0.320411 0.639186
2 0.321335 0.650231
1 0.320593 0.660996
2 0.325131 0.670027
2 0.324306 0.68231
2 0.324021 0.7515
2 0.322622 0.775472
1 0.323874 0.864292
1 0.320864 0.912882
1 0.321136 0.981599
1 0.325649 0.101293
2 0.328873 0.209643
2 0.327711 0.259848
2 0.32851 0.306305
2 0.328656 0.316385
1 0.325615 0.330155
2 0.325469 0.338276
2 0.327064 0.369497
2 0.325753 0.390577
2 0.328221 0.39894
2 0.328151 0.429659
2 0.325684 0.442609
2 0.325815 0.453158
2 0.325222 0.487711
2 0.330895 0.512189
2 0.325536 0.545988
2 0.331265 0.552772
2 0.325762 0.567378
2 0.327023 0.578142
2 0.325965 0.587444
2 0.326733 0.61109
2 0.328815 0.629144
2 0.3278 0.693255
1 0.328322 0.702241
2 0.328528 0.712456
2 0.328052 0.741246
0 0.330378 0.77072
2 0.326613 0.791338
2 0.329845 0.81355
2 0.330201 0.839256
0 0.329788 0.849593
0 0.330202 0.922895
1 0.325515 0.934275
1 0.327011 0.966122
1 0.333436 0.036965
2 0.331657 0.115201
1 0.336145 0.129925
2 0.336157 0.15061
1 0.335357 0.163473
1 0.333206 0.19781
1 0.331405 0.251724
1 0.333087 0.268589
2 0.332343 0.286796
2 0.33596 0.386796
2 0.334782 0.410718
2 0.332646 0.421694
2 0.33654 0.440242
0 0.335852 0.448965
2 0.332151 0.468314
1 0.334697 0.487631
2 0.336915 0.496794
2 0.336043 0.534394
2 0.335832 0.543298
2 0.334396 0.567418
2 0.335595 0.579823
2 0.33539 0.589923
2 0.33432 0.606971
2 0.331795 0.618458
0 0.335972 0.637493
2 0.331374 0.661922
2 0.333842 0.680105
0 0.333879 0.724777
2 0.337229 0.734182
1 0.335849 0.751588
1 0.336345 0.806644
1 0.334628 0.823473
1 0.33321 0.949388
1 0.334552 0.996813
2 0.342922 0.0963953
0 0.342209 0.181739
1 0.338715 0.21555
1 0.337959 0.230992
2 0.34045 0.244737
2 0.338318 0.258639
2 0.337641 0.278186
2 0.34293 0.319538
2 0.339171 0.330259
2 0.338125 0.339379
1 0.337946 0.355103
2 0.340145 0.373925
1 0.341101 0.393317
2 0.338682 0.402373
1 0.342268 0.418256
2 0.339106 0.456514
2 0.341095 0.464598
2 0.342754 0.473123
2 0.339458 0.480817
2 0.343099 0.502657
2 0.338661 0.510138
2 0.341292 0.561786
2 0.339481 0.597063
2 0.339958 0.613526
2 0.33809 0.626486
2 0.342418 0.646305
2 0.339814 0.655347
2 0.341174 0.666954
1 0.343217 0.67727
2 0.339861 0.692987
2 0.342762 0.719205
2 0.341567 0.759528
2 0.341239 0.783601
1 0.342254 0.860615
1 0.337525 0.889236
1 0.339755 0.906534
1 0.342242 0.931993
0 0.346539 0.0038283
2 0.349521 0.130367
2 0.347916 0.163576
2 0.348085 0.191482
2 0.346404 0.20444
2 0.349093 0.226554
0 0.346368 0.25104
2 0.349102 0.259533
2 0.343712 0.290523
2 0.344538 0.301565
1 0.348385 0.309606
2 0.348883 0.331521
2 0.344243 0.345807
2 0.348699 0.355205
2 0.347931 0.365458
2 0.349589 0.391302
2 0.347356 0.409272
2 0.343995 0.428016
2 0.346937 0.437926
2 0.345068 0.450464
2 0.344715 0.487643
2 0.344454 0.524458
2 0.34814 0.53231
2 0.346859 0.548522
2 0.345444 0.572846
1 0.344085 0.586292
2 0.347936 0.617479
2 0.347432 0.631302
2 0.345895 0.706203
2 0.34933 0.746199
2 0.348348 0.770692
2 0.34417 0.818446
1 0.347755 0.842227
1 0.349191 0.877549
1 0.345834 0.959962
1 0.349131 0.988697
1 0.350839 0.0648884
2 0.354437 0.17994
2 0.355132 0.213076
2 0.352072 0.243948
1 0.351598 0.272424
1 0.35447 0.291721
2 0.355475 0.319627
2 0.3537 0.340352
0 0.353478 0.382399
2 0.352297 0.415844
2 0.35505 0.450223
2 0.353361 0.459494
1 0.350839 0.472771
2 0.353232 0.50445
1 0.350922 0.516148
1 0.351074 0.538839
2 0.355245 0.545196
0 0.353943 0.559962
2 0.354648 0.572704
2 0.354608 0.586447
2 0.35238 0.605573
2 0.352617 0.649772
2 0.355627 0.659796
2 0.353213 0.668229
2 0.35025 0.686026
1 0.351264 0.699414
2 0.353041 0.714998
2 0.354632 0.726378
1 0.352246 0.734548
1 0.354491 0.753747
2 0.349786 0.804993
2 0.355074 0.832443
2 0.350054 0.852665
1 0.354682 0.941383
0 0.351572 0.972884
1 0.360236 0.0432124
2 0.359818 0.079258
0 0.359506 0.100526
1 0.35733 0.154553
0 0.359409 0.221843
2 0.361883 0.28288
2 0.357928 0.31088
1 0.357313 0.331224
2 0.359299 0.356598
2 0.357558 0.3686
2 0.360034 0.388178
2 0.358023 0.427933
1 0.358464 0.43637
2 0.356194 0.483744
0 0.3602 0.492882
2 0.357971 0.531967
2 0.361711 0.558918
2 0.361202 0.579734
2 0.35862 0.598012
1 0.358451 0.618131
2 0.360017 0.680332
2 0.36196 0.708207
2 0.356055 0.762064
1 0.356606 0.778907
2 0.356412 0.796299
1 0.361333 0.817079
1 0.359998 0.86011
1 0.361485 0.91474
2 0.36611 0.115427
2 0.363782 0.16506
2 0.364389 0.187875
1 0.363291 0.207637
2 0.363277 0.24521
2 0.365215 0.256345
2 0.364616 0.266678
2 0.365232 0.323989
2 0.362967 0.346139
1 0.365878 0.368822
2 0.362271 0.401806
2 0.366893 0.408716
2 0.364438 0.416969
2 0.367168 0.444813
2 0.363811 0.466241
2 0.364621 0.478043
2 0.363784 0.498822
2 0.362099 0.510552
2 0.365318 0.527592
2 0.36488 0.571805
2 0.367393 0.594081
2 0.36272 0.609889
2 0.364077 0.635468
1 0.362204 0.645741
2 0.364211 0.653117
2 0.365502 0.665055
2 0.365001 0.694792
2 0.366548 0.718655
2 0.364013 0.729119
2 0.36742 0.799113
2 0.36728 0.82495
1 0.367187 0.886957
0 0.362337 0.901694
1 0.364686 0.964997
1 0.367147 0.998459
1 0.372437 0.0278622
1 0.373857 0.0819581
1 0.371209 0.126495
2 0.371383 0.14253
1 0.369542 0.178209
2 0.368687 0.200071
2 0.368365 0.224701
1 0.368152 0.236074
1 0.370679 0.27633
0 0.373341 0.294151
2 0.368131 0.303022
2 0.372417 0.31532
2 0.370849 0.336677
2 0.370899 0.353344
2 0.371691 0.37792
2 0.369605 0.385868
2 0.372305 0.394568
1 0.372658 0.413178
2 0.369993 0.42638
2 0.368181 0.436723
1 0.369037 0.458947
2 0.369398 0.487777
2 0.374056 0.497187
1 0.369981 0.50804
2 0.374135 0.520773
2 0.369098 0.546884
2 0.368917 0.555637
2 0.373584 0.5767
2 0.37013 0.58587
2 0.369815 0.604542
2 0.368479 0.619871
2 0.371031 0.629126
2 0.373268 0.645014
2 0.37253 0.654144
2 0.369891 0.681408
2 0.371019 0.708728
2 0.373312 0.725851
2 0.368833 0.740987
2 0.36811 0.755412
2 0.369843 0.770317
0 0.373716 0.782674
2 0.369445 0.811762
2 0.370391 0.838342
2 0.368918 0.851206
0 0.373544 0.867742
0 0.375089 0.0495705
2 0.377567 0.0958169
0 0.375343 0.159859
2 0.376658 0.188455
1 0.378613 0.197957
2 0.375743 0.209118
2 0.378507 0.244051
1 0.376028 0.253775
2 0.380181 0.278442
1 0.377402 0.322391
2 0.379383 0.332868
0 0.377716 0.34275
2 0.379701 0.350722
2 0.377106 0.362907
2 0.378252 0.384414
2 0.379285 0.400936
2 0.377875 0.426277
1 0.378827 0.433961
2 0.379688 0.449509
2 0.376564 0.4659
2 0.374522 0.479948
2 0.379557 0.503107
2 0.377778 0.513977
2 0.379005 0.531278
1 0.376863 0.54214
2 0.376338 0.553045
2 0.380278 0.562055
1 0.375525 0.569838
2 0.380169 0.589472
1 0.37492 0.596708
2 0.376625 0.665145
1 0.377129 0.67416
2 0.374885 0.689679
1 0.376815 0.701917
0 0.375854 0.736603
2 0.379459 0.744088
1 0.376095 0.762267
1 0.375458 0.803953
1 0.379494 0.834676
1 0.377559 0.946281
1 0.378337 0.98179
1 0.382284 0.10817
1 0.384513 0.227157
2 0.381673 0.263566
2 0.382111 0.305044
2 0.385267 0.373901
1 0.383067 0.393886
2 0.3863 0.412667
2 0.382504 0.41979
2 0.383766 0.481254
2 0.381532 0.491725
2 0.385031 0.537153
2 0.383538 0.548316
2 0.382761 0.581485
2 0.382346 0.61008
2 0.381448 0.619845
2 0.382603 0.63017
2 0.38064 0.639762
2 0.381705 0.712825
2 0.385119 0.765214
2 0.38274 0.784403
2 0.38486 0.79925
2 0.38081 0.825127
1 0.383077 0.853324
1 0.381539 0.930615
1 0.38849 0.0682002
2 0.388234 0.169872
2 0.387636 0.211707
2 0.389949 0.250283
2 0.391554 0.270457
1 0.390694 0.285939
2 0.390024 0.296499
2 0.391998 0.313463
2 0.387129 0.325729
2 0.387991 0.347174
1 0.39193 0.36826
2 0.390693 0.379807
1 0.39061 0.42135
2 0.387433 0.430601
2 0.389588 0.44468
2 0.38753 0.45492
0 0.387104 0.467816
2 0.392493 0.474176
1 0.388202 0.490862
2 0.387037 0.501817
2 0.390554 0.513082
2 0.389884 0.524195
2 0.391111 0.544746
2 0.388934 0.559463
2 0.390846 0.568724
1 0.389963 0.630674
2 0.388405 0.652443
2 0.390025 0.670445
0 0.392312 0.682253
2 0.387856 0.695041
1 0.387934 0.720627
2 0.386588 0.735555
1 0.392004 0.814172
2 0.390115 0.860814
2 0.389152 0.876275
2 0.387857 0.892148
1 0.389837 0.908447
1 0.392433 0.992762
1 0.392941 0.0258604
1 0.397937 0.0487958
2 0.393824 0.0853218
2 0.394705 0.117345
2 0.394449 0.136022
1 0.396469 0.149949
2 0.395127 0.189083
0 0.394163 0.203978
2 0.394093 0.232126
2 0.396889 0.257896
1 0.393327 0.337409
2 0.39658 0.345496
2 0.394262 0.354677
2 0.398499 0.363724
2 0.398639 0.376954
2 0.392715 0.387644
2 0.39424 0.404655
2 0.394926 0.414554
2 0.394535 0.433935
1 0.396922 0.451489
2 0.398692 0.460485
2 0.397629 0.482947
2 0.396031 0.495227
2 0.393522 0.50531
1 0.397262 0.533427
2 0.395837 0.553392
2 0.397889 0.574975
0 0.395594 0.583553
2 0.392921 0.591012
2 0.394815 0.599832
2 0.397811 0.606992
2 0.394722 0.614299
2 0.394307 0.638506
2 0.398065 0.656219
2 0.398102 0.673945
2 0.39537 0.699739
2 0.398303 0.725245
2 0.398028 0.736356
2 0.394013 0.744917
2 0.397563 0.770262
2 0.397959 0.791089
2 0.397325 0.806471
2 0.396137 0.832547
1 0.397514 0.887374
2 0.394811 0.919475
0 0.396832 0.956422
1 0.393655 0.970147
1 0.399921 0.0967543
2 0.401055 0.214283
2 0.402568 0.266645
2 0.402332 0.284761
2 0.399215 0.293744
2 0.398966 0.303374
2 0.400355 0.323744
2 0.401843 0.333775
2 0.40265 0.351424
2 0.404161 0.370703
0 0.400869 0.395047
2 0.402467 0.408768
2 0.400761 0.419853
2 0.40241 0.428405
2 0.40243 0.444812
2 0.399927 0.469473
2 0.403576 0.493943
2 0.403894 0.531754
2 0.400527 0.539895
1 0.400503 0.564834
2 0.401973 0.59627
2 0.40278 0.617646
2 0.400521 0.62505
2 0.403539 0.638965
1 0.400663 0.646869
1 0.401664 0.665019
2 0.400766 0.687701
2 0.403094 0.695971
2 0.398945 0.709002
2 0.3993 0.760548
1 0.399596 0.779736
2 0.400466 0.818265
2 0.398867 0.84437
2 0.404581 0.855894
1 0.399231 0.937333
1 0.407904 0.129975
0 0.4103 0.173135
2 0.407852 0.18986
1 0.405935 0.235216
0 0.405876 0.259103
1 0.409594 0.273896
2 0.410203 0.28952
1 0.406303 0.311542
2 0.409955 0.326146
2 0.407407 0.343278
2 0.406938 0.358534
2 0.409722 0.378202
2 0.406756 0.388099
2 0.405515 0.436669
2 0.409243 0.448231
2 0.407119 0.456109
2 0.407345 0.464901
2 0.407423 0.477738
2 0.409965 0.500464
2 0.406941 0.507056
0 0.408118 0.514095
2 0.407054 0.521715
2 0.409489 0.538455
2 0.405339 0.546586
2 0.406489 0.554796
2 0.408114 0.562351
2 0.406615 0.577513
2 0.407076 0.588076
2 0.410225 0.604561
1 0.407616 0.611642
2 0.409884 0.622931
2 0.409267 0.631208
2 0.411022 0.644789
2 0.410472 0.676589
2 0.405379 0.715498
1 0.408598 0.722857
0 0.405754 0.802593
2 0.411013 0.812969
1 0.406818 0.83758
2 0.408068 0.870106
0 0.405626 0.900056
1 0.409498 0.921698
2 0.410716 0.935072
0 0.415259 0.00468069
1 0.414942 0.0403161
1 0.415143 0.0743647
2 0.412478 0.0948969
2 0.411401 0.157724
1 0.415177 0.202553
2 0.412957 0.223079
2 0.411828 0.249738
2 0.412759 0.264094
2 0.414043 0.280667
2 0.413403 0.301842
2 0.416754 0.319456
1 0.4116 0.334532
2 0.415591 0.35068
0 0.41421 0.359194
2 0.413462 0.367671
2 0.411708 0.397883
1 0.411456 0.408041
2 0.41252 0.422086
2 0.412047 0.431897
1 0.414615 0.453751
2 0.414589 0.464382
2 0.415074 0.471658
2 0.415941 0.479217
1 0.412126 0.487891
2 0.414534 0.509644
2 0.413922 0.524675
2 0.4129 0.549022
1 0.41565 0.57823
2 0.412697 0.657674
2 0.414967 0.665925
2 0.411995 0.686281
1 0.411188 0.696116
2 0.412848 0.706637
2 0.41526 0.730408
0 0.411873 0.752387
2 0.415113 0.771759
2 0.413057 0.788806
2 0.415185 0.800514
2 0.413953 0.827527
0 0.41663 0.861865
1 0.415524 0.888905
1 0.413036 0.985131
0 0.419117 0.109932
2 0.418364 0.142205
2 0.423158 0.1953
2 0.421135 0.211217
2 0.417911 0.239058
2 0.421056 0.274551
0 0.41805 0.291212
2 0.422745 0.303451
2 0.42285 0.312541
2 0.419776 0.332654
2 0.421947 0.344102
2 0.419676 0.37469
1 0.418245 0.389827
2 0.418804 0.401182
2 0.422012 0.415665
2 0.42189 0.426822
0 0.419177 0.437281
2 0.421681 0.44391
2 0.419235 0.458395
2 0.418187 0.491552
2 0.419196 0.503414
2 0.419694 0.519269
2 0.422809 0.52658
1 0.420094 0.539127
2 0.423 0.547282
2 0.417692 0.560356
2 0.423186 0.57623
2 0.421781 0.594287
2 0.419735 0.602396
2 0.417462 0.609833
2 0.418489 0.619242
2 0.418463 0.63314
1 0.417583 0.640546
2 0.421309 0.65245
1 0.418926 0.6721
2 0.419807 0.692639
2 0.421397 0.708357
2 0.420993 0.719708
2 0.417669 0.742958
2 0.423079 0.816494
2 0.417905 0.841198
2 0.423252 0.902677
1 0.42258 0.955209
2 0.417201 0.967658
2 0.423347 0.122405
2 0.427902 0.161931
2 0.427602 0.178921
2 0.423366 0.227549
1 0.426423 0.255388
2 0.428481 0.288933
1 0.429121 0.316945
2 0.42761 0.32764
2 0.428361 0.348898
2 0.429337 0.360375
1 0.426746 0.368067
2 0.428791 0.378912
2 0.425517 0.396236
2 0.425285 0.406422
2 0.428633 0.438976
2 0.427195 0.45235
2 0.426006 0.464163
2 0.427621 0.476261
2 0.423746 0.485202
2 0.423914 0.496146
1 0.426245 0.507241
2 0.427171 0.534798
2 0.426699 0.557787
2 0.42479 0.569221
2 0.427102 0.587492
0 0.42472 0.611179
2 0.42733 0.620445
2 0.426222 0.632311
2 0.424157 0.643171
2 0.425017 0.664168
2 0.425603 0.681957
2 0.426477 0.747644
1 0.423855 0.765657
2 0.426905 0.775038
2 0.423949 0.787534
1 0.424544 0.796838
2 0.428053 0.805674
2 0.426126 0.876393
1 0.428812 0.919979
1 0.431618 0.00527776
1 0.430956 0.0879752
2 0.4335 0.10849
1 0.431135 0.138131
2 0.435146 0.14883
2 0.432287 0.207281
2 0.432163 0.217854
0 0.434249 0.232561
2 0.431689 0.242599
2 0.43464 0.26936
1 0.429784 0.335313
2 0.433057 0.341826
2 0.43235 0.387555
2 0.434269 0.395216
1 0.429477 0.424741
2 0.432081 0.44557
2 0.433144 0.464056
1 0.432332 0.482347
2 0.432845 0.489823
2 0.429727 0.500446
2 0.429636 0.520746
2 0.430574 0.527748
2 0.433429 0.56777
2 0.429891 0.597777
2 0.432371 0.607296
2 0.433704 0.615526
1 0.430383 0.626691
1 0.434236 0.665168
2 0.429884 0.69412
2 0.430494 0.703696
2 0.43123 0.718064
1 0.432627 0.727241
2 0.434475 0.737162
2 0.431867 0.76002
2 0.432121 0.823304
2 0.432492 0.835697
2 0.430708 0.855412
1 0.436178 0.0271213
1 0.438593 0.0465843
0 0.43975 0.0660119
2 0.441389 0.162062
1 0.438861 0.188432
2 0.43939 0.198515
2 0.440426 0.226241
2 0.436491 0.258945
1 0.435866 0.280284
2 0.439609 0.299479
2 0.437789 0.310231
2 0.439597 0.327567
2 0.441332 0.347179
1 0.439113 0.35617
2 0.438846 0.370196
2 0.440318 0.378014
1 0.440755 0.397646
2 0.436878 0.416851
2 0.437442 0.4308
1 0.44153 0.436024
2 0.440848 0.442966
2 0.439108 0.454334
2 0.438611 0.485064
2 0.436472 0.497427
2 0.438242 0.515483
2 0.441564 0.531301
2 0.436654 0.549187
0 0.435861 0.555902
2 0.44055 0.574597
2 0.441686 0.586005
2 0.437384 0.601797
2 0.4409 0.611847
2 0.439528 0.628104
2 0.437409 0.635907
2 0.435881 0.652389
2 0.441466 0.669235
2 0.438685 0.677215
1 0.43632 0.688894
2 0.439727 0.713359
2 0.4414 0.771711
2 0.440859 0.782006
1 0.43783 0.814314
1 0.440685 0.879752
2 0.436524 0.889124
2 0.438673 0.942501
1 0.438614 0.963711
2 0.444624 0.0910285
2 0.442322 0.121274
2 0.442384 0.138051
2 0.444093 0.179123
1 0.442496 0.209166
2 0.442038 0.240623
2 0.443431 0.251952
2 0.444902 0.27915
2 0.44784 0.326366
2 0.443727 0.335427
2 0.446652 0.361437
2 0.446748 0.370428
2 0.446197 0.393196
2 0.445554 0.40222
2 0.445752 0.409601
1 0.445692 0.419413
2 0.44456 0.428177
1 0.44316 0.462473
2 0.443396 0.474055
2 0.444901 0.500766
2 0.442712 0.50965
2 0.443417 0.523723
2 0.447448 0.536512
2 0.443473 0.545033
2 0.447445 0.563316
2 0.44607 0.57977
1 0.442972 0.59634
2 0.445105 0.618708
2 0.445556 0.640487
0 0.44434 0.651184
2 0.447522 0.678004
2 0.44395 0.687905
2 0.442253 0.700834
2 0.441768 0.721821
2 0.446556 0.738433
2 0.445655 0.75012
2 0.442426 0.793355
1 0.446541 0.849214
1 0.443768 0.904009
2 0.443393 0.915811
1 0.443906 0.930337
1 0.443745 0.982322
1 0.452103 0.143072
2 0.451228 0.197226
2 0.45005 0.218612
1 0.450988 0.23581
0 0.450676 0.26577
2 0.448758 0.295511
1 0.449284 0.318744
1 0.449241 0.341393
2 0.451687 0.349882
1 0.452231 0.366143
0 0.448907 0.385146
2 0.449121 0.436319
2 0.449302 0.448147
2 0.452312 0.455002
2 0.451849 0.465452
2 0.453686 0.47454
2 0.450382 0.48422
2 0.451948 0.491911
2 0.452675 0.509658
2 0.447855 0.515979
2 0.451538 0.549899
2 0.451422 0.574328
2 0.451252 0.605683
2 0.449388 0.660224
2 0.450968 0.668517
2 0.450904 0.705587
0 0.450639 0.71361
2 0.451518 0.727635
1 0.452859 0.745212
1 0.453325 0.764939
2 0.452384 0.77376
1 0.44876 0.785936
2 0.449408 0.807465
2 0.448234 0.821989
2 0.451687 0.833308
2 0.44917 0.860766
2 0.451565 0.961529
0 0.453148 0.999099
1 0.455607 0.0812093
1 0.4541 0.108046
2 0.454523 0.165589
1 0.459332 0.219637
2 0.454399 0.249362
1 0.455451 0.28892
2 0.454282 0.308311
2 0.457792 0.32528
2 0.455343 0.335848
2 0.456084 0.357267
2 0.456828 0.372345
2 0.45657 0.392166
2 0.455224 0.403232
2 0.455367 0.415879
2 0.45538 0.427751
1 0.456256 0.447884
0 0.457528 0.483859
2 0.455907 0.499937
2 0.459178 0.507551
2 0.455796 0.522732
1 0.456731 0.529893
2 0.458247 0.538674
2 0.457142 0.560151
2 0.456032 0.56766
2 0.455932 0.579933
0 0.45819 0.58857
2 0.455074 0.595047
2 0.457393 0.618045
2 0.455595 0.626163
2 0.45432 0.636553
2 0.455783 0.645419
1 0.45832 0.659908
2 0.456002 0.677517
2 0.454141 0.693756
2 0.458727 0.70285
2 0.458073 0.716061
2 0.459223 0.733362
2 0.459279 0.751924
2 0.457637 0.783794
2 0.459368 0.81108
2 0.456925 0.850116
1 0.45854 0.914317
1 0.4578 0.938432
1 0.461052 0.0239189
2 0.46115 0.128181
2 0.464573 0.145197
0 0.460864 0.176707
2 0.460336 0.209415
2 0.463729 0.235419
2 0.463344 0.259501
2 0.461908 0.278436
2 0.46345 0.290164
2 0.460567 0.302012
0 0.461465 0.33171
2 0.465706 0.38821
2 0.465182 0.407693
2 0.461186 0.434852
2 0.463415 0.451631
2 0.462366 0.460514
2 0.465642 0.471238
2 0.463808 0.48226
2 0.461079 0.494278
1 0.464408 0.502516
2 0.464204 0.515989
2 0.464998 0.531873
2 0.461769 0.54476
2 0.462939 0.553947
2 0.465174 0.589787
2 0.462859 0.599535
2 0.463513 0.631414
2 0.463901 0.666618
2 0.460302 0.688115
2 0.463731 0.774634
2 0.465273 0.791567
2 0.463546 0.820728
2 0.46241 0.838121
2 0.461608 0.865563
2 0.460782 0.883603
1 0.4625 0.89541
1 0.465605 0.97252
1 0.472205 0.00451193
1 0.466857 0.060733
0 0.470119 0.0959352
2 0.467545 0.185497
1 0.466917 0.200249
2 0.467342 0.223469
2 0.471166 0.245854
2 0.469675 0.270331
1 0.470406 0.27962
2 0.47002 0.304011
2 0.467878 0.313608
2 0.467146 0.323415
2 0.468297 0.341393
2 0.47041 0.356637
1 0.468292 0.365467
2 0.471533 0.376782
1 0.467301 0.395432
1 0.467246 0.414498
2 0.467861 0.422408
2 0.468357 0.430545
2 0.467652 0.442825
2 0.468827 0.458274
2 0.471133 0.464867
2 0.468942 0.488324
2 0.468737 0.508151
2 0.467503 0.539338
1 0.471822 0.555522
2 0.466563 0.567509
2 0.471593 0.572388
2 0.468147 0.580031
2 0.471574 0.602972
1 0.467003 0.609547
2 0.466472 0.620608
2 0.46628 0.640752
2 0.469076 0.653679
2 0.472235 0.678886
1 0.469034 0.711401
2 0.471639 0.727956
2 0.470389 0.74598
2 0.46848 0.757032
2 0.471859 0.781483
0 0.468595 0.809535
2 0.470589 0.918832
0 0.475566 0.0486356
1 0.476103 0.0776974
2 0.477651 0.107571
1 0.476667 0.149072
2 0.474442 0.171895
2 0.475636 0.207743
0 0.474567 0.23081
2 0.472539 0.287648
2 0.476869 0.309053
2 0.476061 0.323837
2 0.477274 0.337373
2 0.473822 0.347374
2 0.477162 0.361896
2 0.473764 0.39007
2 0.474871 0.410123
2 0.476231 0.444505
2 0.475354 0.451781
2 0.477075 0.472306
2 0.474608 0.479003
2 0.475039 0.493055
2 0.476243 0.507742
2 0.474084 0.523389
2 0.472835 0.532215
2 0.476598 0.545211
2 0.478455 0.561757
2 0.478317 0.569245
2 0.475659 0.589218
2 0.475191 0.630172
0 0.476446 0.639777
2 0.473702 0.646961
1 0.472613 0.670971
1 0.477992 0.686631
2 0.4729 0.693199
2 0.476813 0.708395
2 0.47774 0.719577
1 0.47575 0.735644
2 0.473866 0.764794
2 0.476698 0.793887
2 0.477015 0.804665
1 0.47577 0.844157
2 0.473104 0.856503
1 0.478452 0.869774
2 0.47773 0.889864
0 0.478425 0.944844
1 0.481201 0.120498
2 0.481783 0.158978
2 0.480177 0.185456
2 0.483322 0.219697
2 0.48441 0.231356
1 0.480177 0.259986
2 0.480077 0.275222
2 0.484037 0.303801
1 0.483751 0.313874
2 0.484371 0.331038
2 0.481964 0.350755
2 0.484635 0.366704
2 0.480449 0.37419
1 0.479564 0.384061
2 0.482709 0.40052
2 0.482797 0.409707
2 0.478683 0.417082
0 0.478912 0.426659
2 0.478746 0.4345
2 0.484327 0.444667
2 0.482806 0.452536
2 0.480105 0.460811
2 0.48192 0.485306
2 0.48432 0.502496
2 0.482805 0.516906
2 0.480195 0.527632
2 0.480664 0.537025
2 0.483914 0.545417
2 0.479054 0.553639
2 0.478839 0.580666
1 0.481705 0.593349
2 0.483693 0.599937
2 0.478648 0.613884
2 0.484167 0.624772
2 0.483558 0.660025
2 0.484416 0.674846
2 0.482546 0.699413
2 0.481696 0.729401
2 0.483368 0.743752
2 0.484247 0.765405
2 0.482653 0.826424
1 0.480466 0.899818
1 0.480644 0.926867
2 0.479747 0.979012
1 0.488395 0.03077
1 0.487581 0.0617284
2 0.485139 0.136318
2 0.486541 0.199596
1 0.490347 0.210763
2 0.486648 0.243434
2 0.488528 0.266901
0 0.486449 0.284982
2 0.489235 0.294603
2 0.48598 0.322237
1 0.487421 0.355588
2 0.489214 0.378647
2 0.485872 0.38778
2 0.485766 0.423114
2 0.486603 0.431576
2 0.487724 0.469201
2 0.489297 0.480249
1 0.487303 0.490986
2 0.490161 0.498785
1 0.490284 0.511521
2 0.490772 0.523199
2 0.487388 0.52962
2 0.485685 0.555658
2 0.485757 0.563032
2 0.485637 0.573857
2 0.489798 0.579934
2 0.484702 0.607845
2 0.486798 0.615509
2 0.487122 0.633462
2 0.485968 0.645653
2 0.485164 0.690985
2 0.485775 0.708118
1 0.484794 0.752669
0 0.487201 0.774043
2 0.486509 0.797019
1 0.486236 0.814335
2 0.485154 0.86166
2 0.485733 0.878294
1 0.487225 0.959553
1 0.491367 0.0037866
2 0.492305 0.0970637
2 0.493804 0.114761
1 0.494829 0.171392
2 0.492964 0.188226
1 0.495576 0.229806
2 0.495121 0.249953
2 0.496605 0.283051
2 0.493968 0.302061
2 0.493555 0.316093
2 0.493696 0.339082
2 0.49195 0.371387
0 0.494671 0.385639
2 0.496049 0.398641
1 0.492499 0.409584
2 0.4927 0.42168
2 0.495376 0.431986
1 0.492791 0.452461
2 0.491822 0.461992
2 0.494347 0.473795
2 0.492835 0.487832
0 0.492727 0.535229
2 0.49208 0.543704
2 0.492485 0.561187
1 0.496856 0.576003
2 0.491363 0.593857
2 0.496888 0.602348
1 0.49693 0.611014
2 0.496024 0.639248
1 0.491018 0.661234
2 0.496412 0.673466
2 0.494316 0.684551
0 0.492718 0.693631
2 0.492928 0.702798
2 0.492072 0.714028
2 0.492545 0.738886
2 0.496272 0.748793
2 0.492747 0.759273
2 0.491104 0.78461
2 0.496411 0.830278
2 0.495018 0.841626
2 0.494428 0.896042
1 0.495514 0.911566
1 0.49571 0.97783
2 0.501529 0.081346
2 0.500592 0.143721
2 0.497515 0.15603
2 0.497927 0.203398
2 0.500667 0.21659
2 0.502637 0.239408
1 0.500198 0.26922
2 0.501437 0.307532
0 0.499728 0.321191
2 0.497905 0.328279
2 0.498105 0.351452
2 0.497608 0.360142
2 0.501004 0.389758
2 0.50131 0.417033
1 0.502144 0.435182
2 0.4983 0.443524
2 0.498985 0.460406
2 0.501843 0.467538
2 0.49836 0.482344
2 0.499283 0.489764
2 0.49811 0.504666
2 0.497092 0.513229
2 0.497157 0.520819
2 0.499248 0.546598
2 0.502796 0.55369
2 0.499319 0.563156
2 0.501201 0.593734
2 0.498727 0.626111
2 0.503057 0.641805
1 0.497146 0.646283
2 0.498194 0.655905
2 0.502006 0.665222
2 0.50046 0.699541
1 0.499112 0.727454
2 0.502138 0.736204
2 0.499258 0.797705
2 0.500277 0.814882
0 0.502735 0.860194
1 0.496933 0.877836
2 0.501516 0.937589
1 0.507436 0.0136186
1 0.504292 0.125062
2 0.508509 0.16423
2 0.509181 0.175596
2 0.504204 0.187363
2 0.50853 0.207789
2 0.506279 0.295664
2 0.508069 0.330707
2 0.503272 0.339592
2 0.507733 0.34643
2 0.506691 0.360379
2 0.503815 0.372026
2 0.508584 0.378388
2 0.504535 0.409718
2 0.509035 0.416921
2 0.508763 0.427041
2 0.508229 0.444759
2 0.505039 0.454781
1 0.505031 0.481974
1 0.505376 0.501082
2 0.505509 0.513048
2 0.506078 0.520287
2 0.503239 0.532108
2 0.508608 0.537827
2 0.505632 0.571034
2 0.503413 0.585335
2 0.507201 0.601194
2 0.505139 0.608453
2 0.503383 0.619369
1 0.505892 0.630445
2 0.506356 0.656595
1 0.504069 0.682822
2 0.505962 0.691394
1 0.508813 0.708702
1 0.504411 0.754692
2 0.504398 0.76859
2 0.503579 0.780343
1 0.504609 0.825109
2 0.505964 0.850452
2 0.506739 0.869823
2 0.507607 0.887909
2 0.506756 0.91097
1 0.506127 0.926894
1 0.512829 0.0390782
2 0.514923 0.0574877
1 0.515 0.0793408
2 0.509862 0.108143
2 0.513173 0.137746
2 0.51467 0.152365
2 0.511784 0.195466
2 0.510507 0.226408
1 0.511818 0.249181
2 0.510621 0.259672
2 0.510744 0.271806
2 0.515172 0.293788
1 0.512345 0.306311
2 0.510034 0.314515
1 0.511929 0.339741
1 0.514262 0.359313
2 0.509791 0.39892
2 0.512014 0.434448
0 0.513816 0.453484
2 0.513463 0.46716
2 0.514424 0.479056
2 0.510624 0.486292
2 0.512454 0.49381
2 0.51275 0.51462
2 0.514463 0.522199
2 0.510418 0.529049
2 0.513772 0.54704
2 0.513549 0.561786
2 0.511411 0.582586
2 0.510761 0.592458
2 0.514241 0.612681
2 0.510418 0.623438
2 0.512362 0.64313
0 0.515211 0.662772
2 0.509784 0.669906
2 0.51382 0.678288
2 0.513128 0.696364
2 0.511435 0.721511
0 0.511308 0.739221
2 0.513647 0.751704
2 0.513744 0.77195
1 0.514561 0.784978
2 0.510548 0.798593
1 0.513197 0.980453
0 0.511196 0.99634
1 0.51958 0.20229
2 0.520949 0.235581
2 0.518574 0.254286
2 0.51585 0.280473
1 0.520769 0.288042
2 0.518769 0.316822
2 0.519666 0.341054
2 0.518292 0.352156
2 0.518424 0.369908
2 0.518573 0.383959
1 0.516406 0.406438
2 0.51968 0.412436
2 0.51937 0.42353
1 0.519505 0.432148
2 0.516474 0.443117
1 0.520048 0.471647
2 0.52014 0.492105
2 0.519484 0.500282
2 0.519205 0.512572
1 0.516834 0.529773
2 0.521463 0.553678
2 0.518512 0.574073
2 0.519107 0.592827
1 0.51594 0.599404
2 0.515464 0.635448
1 0.517859 0.648259
2 0.520232 0.656835
2 0.518818 0.669108
2 0.521347 0.681719
2 0.517768 0.704206
2 0.517606 0.715135
1 0.519317 0.725707
1 0.520231 0.765009
2 0.51636 0.807489
2 0.519196 0.820482
2 0.516199 0.841219
2 0.518558 0.865476
1 0.517314 0.878535
1 0.516625 0.901266
0 0.519935 0.933541
1 0.515597 0.948954
0 0.520947 0.965778
1 0.52552 0.0126751
2 0.523104 0.127651
2 0.527349 0.155577
2 0.525671 0.167863
2 0.525587 0.184665
2 0.522733 0.217546
1 0.523363 0.268302
2 0.523723 0.300017
2 0.521783 0.327033
2 0.52573 0.366526
2 0.526418 0.379412
2 0.52189 0.390781
2 0.524411 0.398221
2 0.524262 0.4369
2 0.527586 0.44384
2 0.521764 0.452961
2 0.526313 0.462618
2 0.523775 0.480032
1 0.525519 0.506136
2 0.525558 0.521467
2 0.523563 0.5326
2 0.52269 0.542929
2 0.525886 0.561345
2 0.526719 0.577684
2 0.521767 0.584856
2 0.525398 0.597889
2 0.525508 0.606528
1 0.523218 0.616812
0 0.523705 0.631913
2 0.521801 0.642001
2 0.527287 0.647994
1 0.524379 0.689565
2 0.523233 0.696913
2 0.526854 0.739989
2 0.524367 0.775697
2 0.525368 0.850614
1 0.522209 0.917175
1 0.526799 0.993594
1 0.5314 0.0368966
2 0.527883 0.0802941
1 0.532974 0.139317
2 0.531982 0.19866
2 0.532585 0.234262
2 0.528054 0.24745
2 0.531998 0.263905
2 0.533519 0.277161
2 0.531964 0.288065
2 0.527616 0.311664
2 0.532233 0.334716
1 0.529713 0.347949
0 0.533706 0.377702
1 0.531258 0.414709
2 0.532567 0.42864
1 0.529026 0.456328
2 0.53039 0.474491
2 0.530855 0.486571
2 0.527708 0.498461
2 0.533156 0.502817
2 0.528442 0.514431
2 0.533438 0.531509
2 0.530172 0.551954
1 0.532553 0.562803
2 0.532621 0.572374
0 0.529586 0.585751
2 0.532248 0.601152
2 0.52936 0.62721
2 0.533618 0.640542
2 0.528421 0.658105
2 0.528691 0.666755
2 0.530698 0.684002
2 0.528897 0.711031
2 0.528672 0.730378
1 0.531267 0.750346
2 0.531268 0.7662
2 0.532297 0.781226
2 0.530249 0.795777
2 0.528516 0.811829
2 0.533486 0.826815
1 0.531893 0.837472
1 0.529058 0.859978
2 0.528048 0.873886
2 0.528386 0.899413
1 0.533376 0.930554
2 0.528619 0.948248
1 0.538442 0.0583318
0 0.534138 0.0978679
0 0.538716 0.184332
1 0.5371 0.226329
2 0.536651 0.29579
1 0.533945 0.304318
2 0.533766 0.319877
2 0.539121 0.327514
2 0.534463 0.353239
2 0.534668 0.363209
2 0.536324 0.370937
2 0.53535 0.384995
2 0.534911 0.401353
2 0.536306 0.435399
2 0.539051 0.443598
2 0.535742 0.450435
2 0.534764 0.460192
2 0.53586 0.468108
2 0.539308 0.485206
2 0.535042 0.494278
2 0.535279 0.543827
2 0.536791 0.555878
2 0.535696 0.590232
2 0.539534 0.602989
2 0.533978 0.613812
2 0.537555 0.621617
2 0.536729 0.632744
2 0.538253 0.65051
1 0.538028 0.662698
2 0.535072 0.700137
2 0.538122 0.716115
2 0.539278 0.743141
2 0.538802 0.788856
2 0.538655 0.801017
2 0.538884 0.85267
1 0.536632 0.883442
1 0.534665 0.972305
2 0.544065 0.167803
2 0.544819 0.208619
2 0.541869 0.238959
1 0.543087 0.247726
2 0.543643 0.260551
2 0.54281 0.271177
2 0.543185 0.312633
2 0.540842 0.339303
2 0.54255 0.348302
2 0.545862 0.360942
2 0.545061 0.368928
1 0.543545 0.394594
2 0.542347 0.407203
2 0.54461 0.417294
0 0.54186 0.430313
1 0.544137 0.447456
2 0.543382 0.457622
2 0.542639 0.470188
1 0.546003 0.488718
2 0.545305 0.498664
2 0.540402 0.503271
2 0.54376 0.509117
0 0.540034 0.520724
2 0.541675 0.532718
1 0.544614 0.544905
2 0.544257 0.555218
2 0.541481 0.562556
2 0.545576 0.57171
2 0.541485 0.581946
1 0.545633 0.587202
1 0.545493 0.612006
2 0.544405 0.624438
2 0.545001 0.635631
2 0.541019 0.67225
1 0.540913 0.684456
2 0.541559 0.694352
1 0.541616 0.726728
2 0.540258 0.758682
2 0.543247 0.777126
1 0.544048 0.814814
2 0.545442 0.872926
2 0.539889 0.915927
1 0.541413 0.94858
2 0.545676 0.96613
1 0.544742 0.989401
2 0.550482 0.0768905
2 0.547135 0.120817
2 0.546716 0.220676
0 0.546163 0.288487
2 0.548366 0.305678
1 0.546965 0.33037
2 0.551195 0.344357
1 0.54735 0.353905
2 0.547558 0.378032
2 0.549387 0.385599
2 0.548468 0.399113
2 0.551559 0.411952
2 0.547593 0.434118
2 0.55093 0.445236
2 0.550342 0.467225
2 0.551626 0.474115
2 0.551189 0.492672
2 0.547485 0.521065
2 0.548063 0.529468
2 0.548778 0.579358
2 0.548587 0.597348
2 0.550273 0.617532
2 0.551387 0.64026
1 0.549598 0.650938
2 0.547927 0.664727
2 0.550113 0.678455
2 0.551018 0.692085
0 0.547081 0.699256
2 0.548768 0.711592
2 0.550746 0.742774
0 0.546062 0.764714
2 0.551844 0.791602
2 0.54897 0.804324
2 0.551225 0.834156
0 0.548196 0.84569
2 0.551994 0.857438
2 0.548964 0.893118
0 0.55203 0.903872
1 0.549303 0.924005
1 0.552474 0.0278559
2 0.557059 0.13714
2 0.553726 0.152478
1 0.556981 0.16841
2 0.552597 0.18536
2 0.553369 0.19985
1 0.553579 0.213522
2 0.554507 0.233088
2 0.552991 0.253314
1 0.553276 0.264688
2 0.553622 0.279711
2 0.553848 0.294582
2 0.553779 0.315702
2 0.556929 0.338038
2 0.555676 0.351848
2 0.55755 0.364473
2 0.55331 0.372975
2 0.557825 0.386504
2 0.55315 0.428057
2 0.557072 0.456277
0 0.552495 0.460851
2 0.556469 0.480102
2 0.558088 0.493909
2 0.552623 0.50287
2 0.553179 0.514832
2 0.556248 0.541923
2 0.55228 0.549601
2 0.553862 0.564838
2 0.555891 0.571954
2 0.553659 0.586499
2 0.558059 0.594133
2 0.552341 0.603673
2 0.555457 0.630139
2 0.558151 0.65526
2 0.556941 0.666037
2 0.556266 0.700969
2 0.552493 0.725074
1 0.557514 0.73844
2 0.554519 0.754743
2 0.557351 0.764856
1 0.556402 0.778598
1 0.556263 0.874922
1 0.558655 0.00723707
0 0.56194 0.0436642
1 0.561569 0.0680135
1 0.562805 0.102376
2 0.562031 0.116072
2 0.562508 0.218597
2 0.559887 0.246167
1 0.561444 0.298117
2 0.562613 0.347216
1 0.563945 0.382889
2 0.562043 0.393552
2 0.559278 0.404857
2 0.558465 0.41754
1 0.558493 0.433223
2 0.558466 0.448029
2 0.55852 0.468539
2 0.561134 0.486419
1 0.563463 0.497299
2 0.55997 0.520865
2 0.562203 0.531705
2 0.560515 0.548172
0 0.564185 0.555288
2 0.563099 0.565486
1 0.562819 0.583559
2 0.561576 0.602629
0 0.562 0.610292
2 0.560711 0.618271
1 0.563936 0.645997
2 0.564207 0.672805
2 0.562386 0.68501
1 0.562341 0.692484
2 0.564196 0.708798
1 0.560685 0.716369
0 0.560267 0.806147
2 0.559142 0.821867
2 0.55867 0.843137
2 0.562989 0.864215
2 0.560503 0.929757
1 0.561954 0.952873
1 0.56206 0.973899
2 0.565857 0.177479
2 0.565159 0.206808
1 0.567029 0.238904
2 0.565839 0.259946
2 0.564648 0.278608
2 0.567019 0.288351
2 0.569592 0.299094
2 0.569834 0.310239
2 0.566825 0.320231
2 0.567669 0.334479
0 0.564614 0.359456
2 0.568141 0.372087
2 0.570334 0.403265
1 0.567024 0.417021
2 0.566935 0.423766
2 0.569265 0.433164
2 0.56622 0.43992
2 0.57005 0.448197
1 0.564968 0.453571
2 0.566525 0.464533
2 0.569241 0.473308
2 0.566435 0.480747
2 0.570359 0.493981
2 0.565462 0.508446
2 0.567604 0.526166
1 0.564659 0.539993
2 0.56604 0.577139
2 0.568776 0.62149
2 0.567466 0.630138
2 0.567557 0.638126
2 0.566666 0.653229
2 0.567229 0.699667
2 0.566407 0.727648
2 0.564983 0.742248
2 0.566312 0.7698
2 0.565124 0.794521
1 0.567247 0.828429
2 0.569369 0.851515
2 0.564982 0.895704
2 0.565965 0.911428
2 0.576393 0.093765
2 0.573538 0.133848
2 0.575706 0.16568
2 0.570699 0.189854
2 0.576632 0.225556
2 0.573875 0.250128
2 0.574658 0.272424
2 0.575921 0.282447
1 0.576487 0.341759
2 0.573014 0.349448
2 0.572564 0.361108
2 0.571882 0.379046
2 0.573261 0.392122
2 0.576635 0.412261
2 0.572604 0.458192
2 0.576421 0.471831
1 0.572582 0.483565
2 0.573783 0.504728
2 0.575926 0.516774
2 0.572752 0.538893
2 0.574468 0.545854
2 0.575766 0.569163
2 0.573323 0.590345
1 0.571401 0.598296
2 0.571867 0.605345
2 0.57205 0.613953
1 0.575072 0.623608
2 0.572711 0.658601
1 0.573292 0.666008
2 0.573643 0.674387
2 0.571564 0.685605
2 0.574438 0.717993
1 0.576658 0.735262
1 0.573219 0.758158
2 0.573845 0.777659
2 0.575442 0.804624
2 0.572121 0.816399
2 0.572188 0.880898
1 0.574331 0.937753
1 0.57112 0.989336
1 0.581817 0.0804541
2 0.578439 0.148753
2 0.580834 0.215382
2 0.578414 0.296955
2 0.578877 0.320474
2 0.579818 0.331382
2 0.577412 0.36947
2 0.579642 0.377845
2 0.579986 0.38779
1 0.580809 0.405282
1 0.579203 0.42791
2 0.580897 0.440726
2 0.577912 0.448836
2 0.581922 0.463012
2 0.581699 0.478177
2 0.578523 0.486995
0 0.579873 0.497863
2 0.581793 0.50891
1 0.578044 0.522979
2 0.577903 0.559144
2 0.578824 0.580763
2 0.577927 0.597886
2 0.57925 0.607983
2 0.579321 0.617351
0 0.578615 0.641126
2 0.581533 0.653033
0 0.580077 0.679394
2 0.578666 0.696844
2 0.576963 0.705276
2 0.579352 0.74669
2 0.576988 0.765676
2 0.579416 0.786774
2 0.580895 0.834465
1 0.577818 0.863124
1 0.582624 0.920483
1 0.584508 0.0210926
2 0.585658 0.0624421
2 0.584701 0.12282
2 0.58546 0.175738
2 0.58326 0.203834
1 0.586316 0.243211
2 0.582884 0.263204
2 0.5864 0.274402
1 0.584384 0.283406
0 0.583187 0.306702
2 0.586472 0.343253
2 0.58358 0.35188
2 0.583362 0.362601
2 0.583295 0.396911
2 0.588554 0.404332
2 0.588747 0.419325
2 0.583682 0.433369
2 0.588235 0.44173
1 0.583574 0.455341
2 0.586773 0.469562
2 0.586544 0.514656
2 0.58717 0.523299
2 0.584062 0.530634
1 0.583444 0.540751
2 0.583468 0.552613
1 0.585664 0.562823
2 0.588229 0.576426
1 0.585476 0.610256
2 0.587658 0.61691
2 0.583665 0.625709
2 0.586067 0.634575
2 0.584531 0.645007
2 0.583787 0.666538
2 0.588657 0.692721
1 0.585923 0.705665
2 0.585648 0.720972
2 0.583968 0.755485
1 0.583238 0.776254
1 0.587191 0.800678
2 0.584468 0.815622
2 0.583666 0.850213
2 0.586248 0.874949
0 0.587366 0.891237
1 0.588206 0.954661
2 0.593803 0.0902769
1 0.594945 0.10617
2 0.592561 0.141271
2 0.589104 0.161823
2 0.589887 0.187245
0 0.593111 0.199005
2 0.593023 0.21696
2 0.589065 0.231029
2 0.591582 0.258576
0 0.594276 0.266551
2 0.594565 0.293524
2 0.59342 0.310919
2 0.594436 0.319972
2 0.593425 0.330958
2 0.589729 0.368355
2 0.590109 0.387238
2 0.590451 0.427942
1 0.594995 0.433413
2 0.591018 0.457408
2 0.594584 0.469895
1 0.590171 0.478754
2 0.590439 0.486326
2 0.589119 0.502507
2 0.592741 0.518832
2 0.590989 0.549523
2 0.591344 0.557672
2 0.592411 0.58454
2 0.590936 0.598788
2 0.59509 0.605504
2 0.59374 0.641957
2 0.590683 0.656628
1 0.593803 0.670899
2 0.590924 0.68369
2 0.592791 0.702335
2 0.591216 0.711024
2 0.591359 0.730069
2 0.589307 0.739159
2 0.593865 0.759166
2 0.589813 0.768738
2 0.594122 0.779456
2 0.594579 0.82375
0 0.594653 0.835767
2 0.593707 0.860528
0 0.591608 0.975071
1 0.599551 0.0418135
1 0.599122 0.154407
2 0.599908 0.236915
2 0.597439 0.246734
2 0.598138 0.28366
2 0.597444 0.348974
2 0.597976 0.357189
1 0.598318 0.371791
2 0.597197 0.382028
1 0.597371 0.391539
2 0.599555 0.400123
2 0.595143 0.411003
2 0.600396 0.420149
2 0.596813 0.441959
2 0.59889 0.452258
2 0.595306 0.49163
2 0.600578 0.500919
1 0.596148 0.512034
2 0.600406 0.517451
2 0.597086 0.530804
2 0.595802 0.540746
2 0.597499 0.553238
2 0.59657 0.565769
0 0.596859 0.573228
1 0.5962 0.590455
2 0.595649 0.618462
2 0.595765 0.630114
2 0.599448 0.660809
1 0.599575 0.68885
2 0.598014 0.721762
0 0.598383 0.734123
2 0.597387 0.74677
2 0.599758 0.768246
2 0.598175 0.801221
1 0.596819 0.872008
2 0.598053 0.883368
1 0.596405 0.993688
2 0.60546 0.116695
2 0.605935 0.170287
2 0.607312 0.195984
2 0.60293 0.255301
2 0.606264 0.273552
2 0.60632 0.295572
2 0.605633 0.332057
2 0.601432 0.340306
2 0.60383 0.367067
2 0.606925 0.387962
1 0.60492 0.406584
0 0.60597 0.447529
2 0.605361 0.465655
2 0.605553 0.477634
2 0.60327 0.486235
1 0.603734 0.493655
2 0.604419 0.527554
0 0.602546 0.534911
2 0.603442 0.54605
2 0.606059 0.55308
2 0.601929 0.560691
2 0.605702 0.572038
2 0.606906 0.608136
1 0.606114 0.616305
2 0.602988 0.622386
2 0.607295 0.632549
2 0.603763 0.649601
2 0.603273 0.668136
2 0.603541 0.681211
2 0.603 0.707156
2 0.606432 0.732317
2 0.606654 0.787841
2 0.605752 0.809866
0 0.612032 0.0590486
2 0.609003 0.208211
1 0.608766 0.227513
2 0.60892 0.247257
1 0.612971 0.264324
2 0.611816 0.287466
2 0.607514 0.310987
1 0.608186 0.321217
2 0.612491 0.344582
2 0.611533 0.375009
2 0.611345 0.403686
2 0.608682 0.418374
2 0.608388 0.431429
2 0.611534 0.45589
2 0.61207 0.504875
2 0.608856 0.515356
2 0.612758 0.525712
2 0.61238 0.537956
2 0.609788 0.561597
2 0.608515 0.579925
2 0.609141 0.598296
2 0.612046 0.622565
1 0.609393 0.64229
2 0.608511 0.658419
2 0.61141 0.674766
2 0.610095 0.692462
0 0.610822 0.700232
2 0.610854 0.711264
2 0.608337 0.720066
2 0.608101 0.753942
1 0.609492 0.76999
1 0.608773 0.822942
1 0.61044 0.85406
1 0.608957 0.886966
1 0.609689 0.913386
0 0.617336 0.0171328
2 0.616779 0.134954
2 0.617851 0.150206
1 0.618745 0.186282
2 0.614662 0.2201
2 0.616716 0.272584
2 0.61727 0.307576
2 0.617069 0.320034
2 0.616477 0.331109
1 0.618536 0.357
2 0.614266 0.366935
2 0.615505 0.391217
2 0.616653 0.414682
2 0.618845 0.426557
2 0.617437 0.438849
2 0.613533 0.446502
1 0.614519 0.464593
0 0.61656 0.480543
2 0.61384 0.489974
2 0.617312 0.499171
2 0.617211 0.552719
1 0.616168 0.565824
2 0.617087 0.574027
1 0.614799 0.587796
2 0.616421 0.600945
0 0.618053 0.607823
2 0.618563 0.617115
2 0.614916 0.636344
2 0.615858 0.653381
0 0.614817 0.664261
1 0.616379 0.681564
2 0.619316 0.705839
2 0.617967 0.720295
2 0.618114 0.732956
1 0.615013 0.744347
2 0.616031 0.778658
2 0.615415 0.799033
2 0.617284 0.817513
2 0.615308 0.844619
2 0.617226 0.862503
1 0.613823 0.954906
1 0.620325 0.0728129
2 0.623172 0.0997592
2 0.620703 0.164578
2 0.623267 0.235188
2 0.619912 0.245074
2 0.622896 0.256137
2 0.621381 0.289894
2 0.623299 0.347575
2 0.62467 0.369744
2 0.623818 0.382366
0 0.623115 0.402083
1 0.622937 0.434341
2 0.622884 0.445889
2 0.622563 0.453652
2 0.623192 0.465325
2 0.621446 0.487979
2 0.621821 0.511862
2 0.621111 0.521365
2 0.620654 0.533402
1 0.625439 0.527941
2 0.62181 0.541911
2 0.623764 0.560014
2 0.621287 0.583232
2 0.623423 0.592622
2 0.62342 0.633405
1 0.625556 0.652211
2 0.622248 0.67681
2 0.621948 0.69672
2 0.625634 0.747038
2 0.620396 0.75613
0 0.623647 0.809111
1 0.62383 0.873748
0 0.625102 0.899303
1 0.622438 0.929925
1 0.628085 0.0397621
2 0.63019 0.142888
2 0.627653 0.202072
1 0.629372 0.212192
2 0.626773 0.225577
2 0.630368 0.244266
2 0.626344 0.268923
2 0.62949 0.284173
1 0.626688 0.299185
2 0.629847 0.32221
2 0.629441 0.332747
2 0.626753 0.356869
2 0.630903 0.391733
2 0.629551 0.409154
2 0.627001 0.423409
2 0.630534 0.436272
2 0.628462 0.477347
2 0.627203 0.495776
2 0.630234 0.510091
2 0.628271 0.5193
2 0.628438 0.534509
1 0.62851 0.554111
2 0.631531 0.568963
2 0.629936 0.577591
2 0.630491 0.599601
2 0.626238 0.608272
2 0.63099 0.618102
1 0.630947 0.628376
2 0.630893 0.642069
1 0.631744 0.672537
2 0.630571 0.680729
2 0.628745 0.689572
1 0.627028 0.708696
2 0.62695 0.729706
2 0.627033 0.772585
2 0.626004 0.783523
1 0.631806 0.830302
2 0.628991 0.842508
0 0.629362 0.946976
1 0.628529 0.977722
1 0.63443 0.00963189
2 0.6369 0.0881586
0 0.632606 0.116158
2 0.637719 0.176112
2 0.634426 0.187866
2 0.633096 0.256357
2 0.637598 0.299535
2 0.636158 0.312879
0 0.637264 0.341625
2 0.635466 0.356632
1 0.636527 0.364355
2 0.632118 0.374011
2 0.635242 0.384732
2 0.63637 0.414189
1 0.637261 0.424099
2 0.632856 0.450095
2 0.634594 0.461876
1 0.634057 0.485754
2 0.637944 0.501753
1 0.635469 0.515394
2 0.637211 0.522752
0 0.637009 0.542608
2 0.63292 0.548926
2 0.634695 0.589683
1 0.634589 0.610862
2 0.63337 0.652615
2 0.632341 0.664684
2 0.632497 0.702585
2 0.637429 0.714168
1 0.635995 0.72604
2 0.637135 0.73432
2 0.636883 0.751337
2 0.633669 0.793316
2 0.633839 0.81494
2 0.635712 0.856015
2 0.633432 0.869344
1 0.643451 0.0564494
2 0.642984 0.131634
2 0.643926 0.149601
1 0.640643 0.163239
2 0.643358 0.201581
2 0.639249 0.225212
1 0.641951 0.24954
2 0.639877 0.265702
2 0.639559 0.276701
2 0.639501 0.33064
2 0.641196 0.373875
2 0.639958 0.398187
2 0.639988 0.430718
0 0.641263 0.448945
2 0.64057 0.457063
2 0.642138 0.488603
2 0.641332 0.509162
2 0.638812 0.530506
2 0.643155 0.546785
2 0.638472 0.554608
2 0.643408 0.570127
2 0.64206 0.579052
1 0.64188 0.59128
2 0.640671 0.598276
2 0.641391 0.606423
2 0.64363 0.619371
2 0.640335 0.629078
2 0.641394 0.637838
2 0.639997 0.647373
2 0.643431 0.660041
2 0.642749 0.67693
1 0.639951 0.692816
1 0.643251 0.761344
2 0.638608 0.782475
2 0.641202 0.835134
1 0.643418 0.881995
1 0.643376 0.914111
1 0.641727 0.937796
2 0.645952 0.107884
2 0.64743 0.186247
2 0.648765 0.273384
1 0.646312 0.284881
2 0.644536 0.309235
2 0.647657 0.325586
2 0.646662 0.351967
2 0.646721 0.387598
2 0.644934 0.408981
2 0.649084 0.426601
2 0.645897 0.439483
2 0.649235 0.454906
2 0.648929 0.463804
1 0.644237 0.47072
2 0.647509 0.480086
0 0.644349 0.496209
2 0.647348 0.524357
2 0.649496 0.55937
2 0.650073 0.576465
1 0.648548 0.650371
2 0.645863 0.705595
2 0.645557 0.721908
2 0.648557 0.747254
2 0.650287 0.778285
1 0.647379 0.791313
2 0.648827 0.804374
2 0.646641 0.816476
2 0.646015 0.847238
1 0.654224 0.0208444
1 0.654363 0.0912356
1 0.654801 0.144332
2 0.653469 0.229743
2 0.652672 0.247256
2 0.653879 0.258697
2 0.652205 0.298251
1 0.651906 0.314923
2 0.652695 0.335178
2 0.655341 0.352112
2 0.651605 0.360874
2 0.650925 0.377907
2 0.655365 0.397108
2 0.654403 0.409487
2 0.650388 0.417034
1 0.656352 0.444243
2 0.654212 0.48636
2 0.651574 0.508025
2 0.654344 0.528207
2 0.651013 0.535289
2 0.65301 0.587248
2 0.653841 0.595353
2 0.650979 0.605947
2 0.655071 0.613545
2 0.650452 0.624601
2 0.652141 0.642549
2 0.655181 0.658882
2 0.652001 0.671389
2 0.650623 0.694036
2 0.654473 0.71829
2 0.651463 0.729733
2 0.654309 0.761089
0 0.653676 0.837276
2 0.654136 0.859736
1 0.650711 0.990281
0 0.657777 0.0754966
1 0.659107 0.184105
2 0.657638 0.196852
0 0.658776 0.208427
2 0.660117 0.238776
2 0.656772 0.281919
2 0.660083 0.291994
2 0.657745 0.323615
1 0.659782 0.341541
2 0.661113 0.367892
2 0.656993 0.386096
1 0.661238 0.392821
1 0.661725 0.409366
2 0.661362 0.426537
2 0.65959 0.450984
2 0.658951 0.460544
2 0.658435 0.470084
2 0.662528 0.481159
1 0.65957 0.501302
2 0.662562 0.513927
2 0.659412 0.543568
1 0.661264 0.550897
2 0.657054 0.562362
2 0.658255 0.574938
2 0.660495 0.58313
1 0.661428 0.591807
2 0.656509 0.631651
2 0.66245 0.687635
2 0.657141 0.706882
2 0.661733 0.729059
2 0.660732 0.740503
2 0.661566 0.751825
2 0.661306 0.800315
2 0.659425 0.816506
1 0.658902 0.94815
2 0.6569 0.969746
1 0.667638 0.0406863
2 0.663308 0.115246
2 0.664804 0.133404
2 0.664727 0.168362
1 0.668645 0.225948
2 0.663855 0.252365
2 0.668338 0.28417
2 0.664406 0.305153
2 0.665976 0.316597
2 0.666672 0.352616
1 0.663697 0.375186
2 0.665314 0.38298
2 0.666357 0.398725
2 0.663408 0.443447
1 0.66855 0.473415
2 0.664402 0.489369
2 0.668451 0.508161
0 0.665114 0.520495
2 0.667421 0.574752
2 0.668472 0.596114
2 0.666098 0.607134
2 0.663775 0.619125
2 0.668033 0.633055
2 0.663176 0.65022
1 0.668197 0.663299
2 0.663256 0.672829
1 0.667829 0.694879
2 0.667919 0.716598
2 0.665369 0.76771
2 0.663313 0.781038
2 0.667004 0.830414
1 0.664963 0.865364
2 0.674007 0.157089
2 0.672109 0.195316
2 0.669238 0.214208
0 0.66877 0.268461
1 0.669636 0.297828
2 0.67136 0.337688
2 0.673819 0.360518
2 0.671664 0.374371
2 0.670782 0.414703
2 0.66977 0.423909
1 0.671827 0.434216
2 0.672749 0.441853
2 0.672998 0.499606
2 0.670811 0.524439
2 0.672831 0.538751
2 0.669522 0.547428
2 0.673322 0.564739
2 0.668793 0.583065
1 0.67008 0.62526
2 0.671922 0.641743
2 0.670779 0.702923
1 0.67141 0.737424
2 0.672378 0.752308
2 0.671173 0.811912
2 0.669832 0.848448
0 0.67152 0.895585
1 0.673009 0.913365
1 0.673075 0.933143
1 0.675557 0.0740872
1 0.675516 0.103359
1 0.677394 0.136252
2 0.679459 0.180205
2 0.67717 0.236132
2 0.678911 0.24975
2 0.679482 0.27358
2 0.678467 0.297696
2 0.676207 0.317714
2 0.67976 0.32988
2 0.678966 0.35021
2 0.677034 0.384043
0 0.678003 0.407146
2 0.6786 0.426116
0 0.675272 0.455506
2 0.678547 0.463838
2 0.675774 0.48279
2 0.675031 0.513596
1 0.678427 0.525415
2 0.679889 0.53355
2 0.68069 0.542102
0 0.678952 0.595875
2 0.677361 0.660333
2 0.68071 0.677211
2 0.676725 0.711013
2 0.675303 0.725437
2 0.680529 0.745264
2 0.677291 0.764929
0 0.679719 0.776526
2 0.676938 0.796197
1 0.680573 0.835931
2 0.679297 0.863264
1 0.676543 0.989579
1 0.686286 0.0196434
1 0.6864 0.0539097
2 0.685505 0.113957
1 0.686491 0.157118
2 0.685594 0.193599
1 0.684799 0.204247
2 0.681993 0.214151
2 0.684245 0.283426
2 0.683673 0.3413
1 0.681835 0.362563
2 0.682858 0.375951
1 0.683949 0.390921
2 0.682442 0.415274
1 0.685965 0.424892
2 0.682729 0.434035
2 0.681623 0.443966
2 0.684273 0.452083
2 0.686104 0.473255
1 0.682413 0.479331
1 0.68201 0.49961
2 0.686068 0.52299
0 0.681308 0.552259
2 0.683408 0.562967
1 0.681773 0.57335
2 0.682561 0.582504
2 0.683346 0.606245
2 0.681406 0.614786
2 0.684167 0.623499
2 0.681849 0.632038
0 0.687076 0.641031
2 0.681358 0.651682
2 0.684689 0.667102
2 0.683311 0.687593
2 0.68522 0.697147
2 0.685588 0.719037
2 0.686879 0.759369
2 0.687032 0.784323
2 0.68508 0.807589
2 0.68335 0.82091
0 0.686337 0.931601
1 0.683418 0.967301
0 0.691332 0.0890585
1 0.691442 0.179255
2 0.69125 0.225999
2 0.691934 0.246977
1 0.690743 0.258606
2 0.692003 0.306341
1 0.687169 0.32425
2 0.692488 0.335639
2 0.692394 0.38002
2 0.689563 0.405956
1 0.690084 0.447391
2 0.691485 0.456817
1 0.692243 0.465892
2 0.689267 0.486208
2 0.687804 0.509584
2 0.692297 0.53316
2 0.690101 0.557876
2 0.689612 0.574958
2 0.688713 0.595864
2 0.69254 0.616561
2 0.691231 0.659
2 0.690521 0.705204
2 0.692361 0.73454
2 0.691852 0.746544
1 0.689783 0.794742
2 0.69279 0.856944
1 0.687204 0.875864
1 0.692687 0.892275
1 0.690824 0.949839
1 0.696914 0.0709521
1 0.698313 0.119275
0 0.693881 0.134535
2 0.697265 0.206219
1 0.696555 0.237899
2 0.697477 0.265949
2 0.69384 0.279732
1 0.6958 0.295992
2 0.698965 0.343985
2 0.694855 0.362937
2 0.697356 0.372048
2 0.693307 0.394589
2 0.693592 0.415776
2 0.69893 0.425816
2 0.694209 0.433812
2 0.695263 0.47733
2 0.695679 0.493296
0 0.695182 0.504907
1 0.695731 0.523976
2 0.698462 0.553532
2 0.698596 0.56998
2 0.69464 0.58865
1 0.697288 0.598418
2 0.694704 0.608215
2 0.693258 0.635721
2 0.694418 0.649283
2 0.694911 0.66758
2 0.696058 0.679175
0 0.695855 0.697802
1 0.698257 0.721633
1 0.697743 0.822779
2 0.693596 0.834592
1 0.697524 0.911638
0 0.694346 0.979767
1 0.700203 0.0393315
2 0.700744 0.164624
2 0.703656 0.218706
2 0.700933 0.255462
1 0.703459 0.274245
2 0.703867 0.290667
2 0.700858 0.310898
2 0.704525 0.336007
2 0.699601 0.354697
2 0.702513 0.387754
2 0.705006 0.398185
2 0.701278 0.406842
2 0.702154 0.438413
2 0.701374 0.448363
2 0.70086 0.46485
2 0.705116 0.502024
2 0.702953 0.517641
2 0.703693 0.526295
2 0.70142 0.544128
1 0.704878 0.578667
1 0.704947 0.618873
2 0.700532 0.627125
2 0.702458 0.644556
2 0.703308 0.659062
2 0.703573 0.70249
2 0.704376 0.713084
2 0.702651 0.739549
2 0.700946 0.768133
2 0.704544 0.779725
2 0.699926 0.800328
2 0.705338 0.865114
1 0.703856 0.877141
1 0.699991 0.996543
0 0.706621 0.014111
1 0.706904 0.0952655
1 0.70572 0.138135
2 0.710667 0.19623
2 0.706908 0.240708
2 0.711295 0.260115
2 0.707671 0.300272
2 0.71108 0.344092
2 0.709519 0.357323
1 0.709125 0.368238
2 0.706612 0.37635
2 0.710712 0.40674
1 0.706561 0.417694
0 0.70723 0.459582
2 0.706081 0.48201
2 0.708242 0.55083
2 0.709725 0.561589
2 0.710506 0.571021
2 0.706123 0.591863
2 0.708626 0.6063
2 0.708552 0.633209
1 0.706192 0.668785
2 0.709351 0.680402
2 0.708978 0.730696
2 0.707702 0.750281
1 0.709285 0.791266
2 0.709413 0.815112
2 0.710576 0.832735
0 0.709262 0.843345
0 0.710023 0.894302
1 0.707026 0.936837
1 0.708626 0.965896
1 0.713231 0.0549537
1 0.715582 0.0760624
2 0.716314 0.11977
2 0.713901 0.15276
1 0.713338 0.165131
2 0.712305 0.178201
0 0.717562 0.217755
2 0.713817 0.228902
2 0.713725 0.271304
2 0.71315 0.28475
1 0.711942 0.321389
0 0.716377 0.350965
2 0.713545 0.384874
1 0.712474 0.393484
2 0.716496 0.429232
1 0.71188 0.437196
2 0.712664 0.468294
1 0.712937 0.476442
2 0.716518 0.484168
1 0.711788 0.492444
2 0.715709 0.506866
2 0.716743 0.517673
2 0.714144 0.534025
0 0.717518 0.54109
2 0.716832 0.555697
2 0.71628 0.584095
2 0.713463 0.598512
2 0.716087 0.611797
2 0.712155 0.623776
2 0.712988 0.654108
2 0.715703 0.6714
2 0.713712 0.689358
1 0.711909 0.764524
2 0.715348 0.803547
1 0.715824 0.906199
1 0.711696 0.921698
1 0.715398 0.986828
1 0.723338 0.0337564
1 0.722981 0.104075
1 0.720239 0.189744
2 0.723865 0.203981
2 0.721262 0.251676
1 0.719971 0.292265
2 0.721395 0.336283
2 0.723436 0.36079
2 0.723357 0.371542
2 0.721675 0.400055
2 0.71988 0.409759
2 0.718417 0.444129
2 0.717956 0.460662
2 0.721021 0.564343
2 0.718844 0.574994
2 0.720116 0.637577
2 0.722922 0.684126
2 0.718578 0.708863
1 0.722943 0.724572
2 0.71851 0.748523
2 0.720949 0.771854
1 0.721743 0.814979
1 0.720395 0.866157
2 0.722576 0.880003
1 0.729597 0.0627054
1 0.729941 0.149222
0 0.729214 0.169799
1 0.72459 0.234921
1 0.726219 0.264097
2 0.727616 0.275422
2 0.724795 0.307246
2 0.72446 0.326128
1 0.729995 0.333458
2 0.725366 0.349362
2 0.727264 0.383908
2 0.724853 0.423738
2 0.728917 0.443531
2 0.725817 0.453356
1 0.728538 0.460967
2 0.727715 0.47202
2 0.728442 0.485085
0 0.726614 0.500765
1 0.729171 0.528342
1 0.727018 0.583808
2 0.726213 0.597053
0 0.726797 0.618346
2 0.729373 0.628361
2 0.724743 0.647838
1 0.729392 0.658146
1 0.726245 0.697763
2 0.729356 0.713591
0 0.729658 0.75659
2 0.727227 0.783969
0 0.726389 0.799719
2 0.727466 0.831125
2 0.724307 0.852541
1 0.728854 0.895829
1 0.725514 0.932373
1 0.728676 0.952026
1 0.729745 0.97101
1 0.732087 0.126116
2 0.731336 0.181336
1 0.734171 0.20218
2 0.730559 0.296072
1 0.734752 0.368498
2 0.734175 0.432271
1 0.733718 0.478674
2 0.733938 0.49221
2 0.731284 0.51089
2 0.732802 0.521127
2 0.733814 0.538561
2 0.731365 0.551541
2 0.733982 0.573877
2 0.735772 0.590252
2 0.73496 0.605242
2 0.730831 0.638049
2 0.73033 0.667661
2 0.735971 0.677803
2 0.73277 0.688487
2 0.735483 0.704248
2 0.733495 0.740332
2 0.73396 0.812223
1 0.730288 0.91637
1 0.738777 0.00884476
1 0.740931 0.0328413
0 0.741455 0.0822495
0 0.741866 0.117379
2 0.738566 0.21609
2 0.738549 0.235176
2 0.738886 0.272264
2 0.740169 0.312349
2 0.736543 0.327166
2 0.736814 0.343748
2 0.737893 0.354965
2 0.742004 0.364282
2 0.736979 0.380897
2 0.737433 0.394782
1 0.736353 0.406696
2 0.739934 0.414304
1 0.740342 0.422353
2 0.740601 0.448113
0 0.742295 0.464288
2 0.740534 0.471843
1 0.739909 0.547401
2 0.739544 0.623003
2 0.739121 0.645062
2 0.73932 0.654947
2 0.73625 0.723395
2 0.738256 0.768395
1 0.738257 0.856973
1 0.736758 0.881982
1 0.742052 0.935188
0 0.739718 0.987641
1 0.744867 0.0989323
1 0.747088 0.13316
1 0.742893 0.182114
2 0.747777 0.201449
2 0.742625 0.252777
2 0.74477 0.284258
1 0.743236 0.293997
0 0.74608 0.323743
2 0.745858 0.375388
0 0.743634 0.388871
2 0.74259 0.438032
2 0.7432 0.484037
2 0.744643 0.494439
2 0.7451 0.508065
2 0.746539 0.540272
2 0.747181 0.557855
2 0.745409 0.568333
2 0.748197 0.578904
2 0.746282 0.601255
2 0.745119 0.611343
0 0.74564 0.679785
2 0.745524 0.698467
1 0.74399 0.732373
2 0.742861 0.748159
2 0.743526 0.781644
1 0.742375 0.801345
2 0.744212 0.831234
0 0.744277 0.843212
1 0.746587 0.901993
2 0.750891 0.151935
1 0.751609 0.164877
1 0.75079 0.232384
0 0.748566 0.264262
2 0.7535 0.332202
1 0.753296 0.34596
2 0.753138 0.355657
2 0.750749 0.399615
2 0.753406 0.423657
2 0.753938 0.44026
2 0.749768 0.453949
2 0.751432 0.47594
1 0.751827 0.490355
1 0.748792 0.519804
2 0.751305 0.528326
2 0.748965 0.589664
2 0.749609 0.62462
1 0.749413 0.643892
2 0.751286 0.671648
2 0.750378 0.68833
2 0.750342 0.719763
1 0.753465 0.765974
2 0.752138 0.817104
0 0.749362 0.88121
0 0.75148 0.923174
1 0.752704 0.947091
1 0.748862 0.967396
1 0.754603 0.0580913
1 0.759888 0.204214
2 0.760175 0.26249
2 0.757704 0.278353
2 0.755377 0.300687
2 0.758155 0.31194
2 0.759613 0.366806
1 0.757706 0.376579
1 0.760051 0.3932
1 0.755834 0.413971
1 0.756331 0.432132
1 0.759105 0.457752
2 0.755294 0.499715
2 0.75619 0.510484
2 0.75861 0.520051
2 0.756873 0.538542
2 0.757274 0.557903
1 0.759116 0.605514
2 0.755928 0.63619
2 0.757796 0.6581
2 0.760281 0.702207
1 0.756991 0.712211
2 0.755582 0.730975
2 0.755911 0.747321
1 0.756966 0.784
1 0.756849 0.844249
0 0.763859 0.0288042
1 0.76396 0.0877094
1 0.762346 0.119523
1 0.763511 0.139995
0 0.762647 0.169906
2 0.762602 0.187325
2 0.765487 0.222776
2 0.762079 0.244311
1 0.766685 0.301365
1 0.764322 0.324651
2 0.764488 0.428491
2 0.761418 0.470587
1 0.765763 0.478354
2 0.761611 0.488695
0 0.76539 0.504061
2 0.766126 0.52665
1 0.76139 0.574746
2 0.76126 0.592144
2 0.764055 0.618729
2 0.760988 0.645755
2 0.76119 0.681515
2 0.764527 0.7208
2 0.762133 0.759061
1 0.761134 0.859942
1 0.765188 0.895741
1 0.764669 0.964416
1 0.762527 0.987013
1 0.772098 0.00996183
1 0.768225 0.0693306
2 0.769808 0.278243
2 0.769121 0.291367
2 0.770707 0.342735
1 0.768727 0.360471
2 0.767432 0.380288
2 0.767424 0.401786
2 0.767796 0.415939
1 0.771706 0.437953
2 0.767303 0.460956
2 0.772425 0.494334
2 0.768762 0.511505
1 0.767381 0.539592
2 0.768143 0.550454
2 0.76866 0.568339
2 0.76863 0.580155
2 0.768601 0.59962
1 0.767606 0.630902
2 0.773004 0.640014
2 0.770512 0.657427
2 0.770499 0.668405
2 0.772543 0.70023
2 0.767204 0.738629
2 0.768262 0.77396
2 0.768095 0.802091
2 0.769964 0.837603
1 0.769817 0.877744
1 0.767584 0.920535
1 0.771249 0.949857
1 0.778306 0.0414832
0 0.773737 0.110918
1 0.777812 0.146342
1 0.775101 0.170003
2 0.778291 0.195623
0 0.774631 0.205731
1 0.774792 0.230055
1 0.775175 0.252529
2 0.775066 0.326355
2 0.778732 0.371436
2 0.773215 0.392414
2 0.777622 0.404022
1 0.776918 0.413431
2 0.77638 0.421977
0 0.774731 0.452013
2 0.773162 0.473518
2 0.774956 0.534936
2 0.777691 0.554247
2 0.777253 0.585996
2 0.775179 0.608905
2 0.777401 0.621623
2 0.773718 0.680854
2 0.776649 0.717017
1 0.774016 0.747883
1 0.773549 0.790411
1 0.773632 0.817014
1 0.783477 0.0249079
0 0.781329 0.0594015
1 0.779581 0.128066
2 0.783282 0.266316
1 0.784857 0.279455
2 0.781697 0.309163
1 0.783873 0.330734
2 0.783934 0.341527
2 0.780657 0.353115
1 0.782377 0.386513
2 0.779657 0.433953
2 0.781413 0.444044
1 0.779672 0.46802
2 0.779523 0.484544
2 0.784922 0.504017
1 0.779749 0.514274
2 0.783251 0.526497
2 0.780707 0.565684
2 0.781879 0.575486
2 0.781133 0.598291
2 0.783466 0.650707
2 0.784905 0.662027
1 0.784651 0.674295
2 0.780576 0.69224
0 0.781802 0.70759
1 0.779355 0.72984
1 0.782875 0.766065
1 0.781343 0.833142
1 0.780838 0.856737
0 0.783356 0.881786
1 0.779588 0.935267
0 0.779183 0.962378
1 0.786721 0.086502
2 0.788865 0.17436
1 0.789529 0.187574
2 0.78966 0.227536
2 0.79136 0.246111
2 0.79033 0.294986
1 0.78941 0.36594
2 0.786797 0.395065
2 0.789329 0.414745
2 0.789512 0.43676
2 0.785768 0.454785
2 0.787025 0.475591
0 0.787751 0.544111
2 0.790704 0.553294
1 0.7893 0.59028
2 0.787487 0.608708
2 0.791129 0.634617
2 0.790177 0.731472
2 0.786936 0.753899
2 0.788064 0.782319
0 0.789202 0.847719
1 0.786047 0.908668
0 0.792778 0.00818379
1 0.795256 0.0365086
1 0.794893 0.12103
0 0.796147 0.147877
2 0.794304 0.21125
2 0.797476 0.317914
2 0.794833 0.335755
1 0.796134 0.347041
2 0.795561 0.374795
1 0.792714 0.402659
1 0.795238 0.424024
1 0.792376 0.446452
1 0.792511 0.487374
2 0.796398 0.502979
2 0.794749 0.514286
2 0.792942 0.530392
2 0.79712 0.596942
2 0.793706 0.621781
1 0.795672 0.648349
2 0.795948 0.664774
2 0.792731 0.702662
1 0.794458 0.743369
1 0.795165 0.791481
0 0.795669 0.802329
1 0.793217 0.815576
1 0.796586 0.861519
1 0.795545 0.949115
1 0.792234 0.982544
1 0.800263 0.0675224
1 0.798211 0.101658
1 0.802124 0.160858
1 0.802595 0.220885
2 0.798073 0.266489
2 0.801574 0.306184
2 0.797566 0.360887
0 0.799676 0.386936
2 0.800949 0.433031
2 0.799093 0.472349
2 0.802498 0.545681
2 0.798839 0.574211
2 0.802888 0.587782
2 0.797993 0.67913
1 0.801392 0.717541
2 0.800445 0.766237
1 0.797566 0.837782
1 0.801336 0.900072
1 0.80225 0.927873
1 0.802992 0.968062
1 0.804362 0.018049
1 0.807816 0.0537723
1 0.807654 0.181797
1 0.803889 0.200994
2 0.806699 0.235553
1 0.806223 0.280154
1 0.809544 0.315282
0 0.805992 0.334605
2 0.807295 0.367427
2 0.806762 0.3803
2 0.804251 0.405754
2 0.803986 0.445886
2 0.805529 0.463211
2 0.808943 0.476412
2 0.804665 0.490001
1 0.806505 0.518044
2 0.80484 0.533097
2 0.809597 0.560534
2 0.807009 0.608719
2 0.806546 0.621494
1 0.807314 0.693715
2 0.805743 0.707723
2 0.807112 0.748834
1 0.809677 0.77266
1 0.80908 0.875588
1 0.805905 0.999243
1 0.812143 0.0783628
0 0.812831 0.10262
1 0.812601 0.119109
0 0.815773 0.210858
1 0.813367 0.253746
0 0.811556 0.298798
2 0.81538 0.325928
1 0.814895 0.353814
1 0.814331 0.387785
2 0.815659 0.418149
1 0.812938 0.427116
2 0.81345 0.453948
1 0.81399 0.46814
2 0.812545 0.498087
2 0.81158 0.647054
0 0.81518 0.663561
2 0.814758 0.679787
2 0.814012 0.727218
2 0.811721 0.78524
1 0.811254 0.825783
1 0.814104 0.853186
0 0.813807 0.88891
0 0.813673 0.982324
2 0.817901 0.0420953
1 0.820068 0.147334
1 0.816768 0.168498
2 0.821187 0.265958
2 0.817824 0.288948
2 0.817285 0.341344
2 0.817614 0.37336
2 0.819442 0.434087
1 0.817579 0.444283
1 0.822071 0.49458
2 0.816173 0.509739
2 0.817885 0.53635
2 0.819333 0.548744
2 0.820425 0.572911
1 0.817175 0.588469
2 0.81939 0.602007
2 0.820891 0.624186
2 0.820195 0.63608
2 0.820318 0.700306
2 0.820059 0.740281
2 0.821511 0.767928
1 0.818946 0.905451
0 0.817124 0.920184
1 0.816894 0.940871
1 0.824509 0.0129259
1 0.82667 0.0296244
1 0.828141 0.132517
1 0.822813 0.228144
2 0.824985 0.355465
2 0.822552 0.405197
2 0.827376 0.424134
2 0.824121 0.45686
2 0.824749 0.476815
2 0.827788 0.504029
2 0.823875 0.519566
1 0.822352 0.558397
2 0.828123 0.587963
1 0.825302 0.71241
0 0.824065 0.753664
1 0.824339 0.796444
1 0.822606 0.812337
1 0.8239 0.840871
1 0.826283 0.865484
1 0.824262 0.95836
1 0.825679 0.994296
1 0.83198 0.04611
1 0.833709 0.0836035
1 0.834318 0.100487
2 0.830302 0.159093
1 0.828309 0.181278
2 0.834248 0.224823
1 0.833158 0.266238
1 0.83357 0.292262
2 0.830301 0.311037
2 0.834319 0.336555
0 0.830409 0.368201
2 0.830367 0.385036
1 0.828753 0.397862
2 0.829872 0.439133
1 0.833364 0.454339
2 0.831275 0.486825
2 0.833113 0.54693
2 0.829378 0.612986
1 0.832153 0.637097
2 0.829216 0.656053
1 0.832811 0.679173
1 0.828763 0.778071
1 0.829233 0.884442
1 0.833934 0.931187
1 0.84004 0.201993
0 0.837735 0.242953
2 0.839268 0.363614
2 0.839721 0.417722
2 0.839137 0.474624
2 0.835671 0.521238
1 0.837983 0.535475
2 0.838966 0.565416
2 0.840373 0.583706
2 0.834617 0.600454
2 0.837755 0.726201
1 0.836091 0.740705
1 0.839013 0.758033
0 0.838215 0.789372
1 0.835289 0.829713
1 0.841232 0.0651768
1 0.844859 0.136639
1 0.84478 0.167295
1 0.845712 0.219014
2 0.84069 0.282638
2 0.843124 0.301506
1 0.844936 0.319975
2 0.844994 0.350277
1 0.845989 0.372469
2 0.841165 0.431476
2 0.841065 0.462305
2 0.841171 0.494431
0 0.840888 0.504405
0 0.845734 0.553504
0 0.845474 0.597277
2 0.842238 0.610275
2 0.841205 0.62333
2 0.84536 0.681866
2 0.841928 0.70166
2 0.841526 0.769169
1 0.844911 0.806121
2 0.844126 0.821006
1 0.842372 0.871166
1 0.842706 0.901476
0 0.84118 0.94558
1 0.842943 0.963097
1 0.845771 0.983062
1 0.846799 0.00781483
1 0.847084 0.0388893
1 0.849263 0.0790963
1 0.849424 0.0951058
1 0.852238 0.245612
2 0.846988 0.396793
0 0.846788 0.406918
0 0.846899 0.439332
2 0.851458 0.451456
1 0.851409 0.480059
2 0.848795 0.511633
2 0.848883 0.527261
2 0.849021 0.574995
2 0.849572 0.646336
2 0.849694 0.668233
1 0.848914 0.72513
0 0.851056 0.737787
1 0.848452 0.835529
0 0.847711 0.853424
1 0.849784 0.886285
1 0.847472 0.919708
1 0.853081 0.116314
1 0.854316 0.15199
1 0.85656 0.182212
0 0.855109 0.210129
1 0.854022 0.262221
1 0.852855 0.291939
2 0.857045 0.332055
2 0.858335 0.346276
2 0.856893 0.377105
1 0.855497 0.387626
2 0.855771 0.429384
2 0.856276 0.545056
2 0.855632 0.559629
2 0.855209 0.589045
2 0.853023 0.632509
2 0.855232 0.694551
2 0.855167 0.712129
2 0.853509 0.754849
1 0.853141 0.769647
1 0.85566 0.785148
1 0.853386 0.935197
0 0.861707 0.0154783
1 0.858984 0.0655071
1 0.863228 0.103581
1 0.863721 0.226897
1 0.864451 0.319712
0 0.864056 0.359073
2 0.862004 0.406338
2 0.863124 0.444788
1 0.863942 0.463091
2 0.861368 0.477226
2 0.860843 0.505901
1 0.860838 0.574164
2 0.860919 0.615183
2 0.863129 0.658418
0 0.860804 0.676945
1 0.862981 0.740047
1 0.859548 0.862746
1 0.86475 0.992781
1 0.870511 0.138645
2 0.869262 0.241264
2 0.865062 0.269159
2 0.866235 0.306681
1 0.870868 0.380388
2 0.869001 0.429785
2 0.865753 0.49246
1 0.870243 0.517103
2 0.866424 0.529667
2 0.868234 0.635855
1 0.871056 0.648425
2 0.865891 0.726829
1 0.869451 0.757495
1 0.867539 0.816066
1 0.866612 0.842601
1 0.869614 0.888337
0 0.866039 0.915952
1 0.867501 0.970413
1 0.873734 0.0366125
0 0.872202 0.0584679
1 0.876083 0.0762833
0 0.876477 0.09575
1 0.874426 0.167054
0 0.876601 0.181754
1 0.876503 0.197751
1 0.87429 0.285849
2 0.874578 0.326078
2 0.876709 0.370934
1 0.872494 0.416695
2 0.872959 0.453834
0 0.872145 0.480813
1 0.874288 0.539434
2 0.87467 0.555507
2 0.872944 0.579916
2 0.875117 0.594836
2 0.874783 0.685115
2 0.874702 0.703416
1 0.871445 0.716896
1 0.87654 0.775354
1 0.876445 0.793803
2 0.871871 0.869923
1 0.871178 0.944829
1 0.883317 0.0152764
1 0.882047 0.113344
1 0.879001 0.250471
0 0.881541 0.295472
1 0.881472 0.341389
2 0.878761 0.39755
2 0.881236 0.476084
2 0.877995 0.498916
2 0.882118 0.518008
2 0.883331 0.568861
1 0.882323 0.736805
0 0.88217 0.761475
1 0.882899 0.811031
1 0.879734 0.835474
1 0.878741 0.857233
1 0.889376 0.0523803
1 0.883653 0.229258
1 0.88808 0.267546
1 0.884937 0.316967
1 0.883921 0.362455
1 0.887551 0.381284
1 0.888171 0.407163
2 0.887998 0.435582
1 0.886328 0.44744
2 0.887056 0.462497
1 0.887751 0.491582
1 0.884065 0.580054
1 0.88386 0.613352
2 0.88654 0.636025
2 0.889371 0.670685
1 0.886899 0.691878
1 0.889079 0.712371
1 0.885447 0.889156
1 0.885675 0.907219
1 0.889238 0.964519
1 0.891301 0.0924231
0 0.894348 0.144743
0 0.893177 0.252763
1 0.89444 0.286238
2 0.892797 0.41765
1 0.893981 0.523046
2 0.89288 0.537829
1 0.892292 0.551044
2 0.89273 0.591387
2 0.891261 0.653485
0 0.892989 0.726826
1 0.889763 0.750407
1 0.893141 0.792886
1 0.893632 0.856007
1 0.893942 0.935811
1 0.8968 0.0693047
1 0.896452 0.119756
1 0.896798 0.171928
1 0.896188 0.205946
1 0.897575 0.238174
2 0.901347 0.296734
2 0.900393 0.335902
0 0.899345 0.358485
0 0.897009 0.429036
2 0.899074 0.448567
1 0.900833 0.478931
2 0.900356 0.504366
1 0.896483 0.764455
1 0.901148 0.806387
1 0.89571 0.838423
1 0.896522 0.877849
0 0.898697 0.982484
1 0.901973 0.00483245
0 0.906359 0.0375658
1 0.906819 0.105741
1 0.905353 0.133265
1 0.901975 0.156757
0 0.903144 0.221876
1 0.903795 0.323965
2 0.902074 0.378916
0 0.907112 0.397797
2 0.904734 0.466982
2 0.902073 0.557601
0 0.906134 0.589892
2 0.903312 0.605548
2 0.902295 0.627797
1 0.906433 0.654263
0 0.902265 0.689098
2 0.903971 0.750499
0 0.902076 0.822865
1 0.904319 0.910411
1 0.912521 0.0557754
1 0.912322 0.085184
0 0.911337 0.187052
1 0.910748 0.251127
1 0.910222 0.279161
0 0.912908 0.315566
1 0.9106 0.350758
1 0.913145 0.369105
1 0.911894 0.386399
2 0.911891 0.42535
1 0.913644 0.456698
2 0.910968 0.483592
1 0.910614 0.514401
2 0.908947 0.526398
2 0.908917 0.574756
1 0.911543 0.619393
0 0.913883 0.642048
1 0.909528 0.6762
1 0.907985 0.70554
1 0.908126 0.736787
1 0.914101 0.759842
1 0.911121 0.783388
1 0.913006 0.834455
1 0.909547 0.860277
1 0.913619 0.88977
1 0.908324 0.951025
1 0.920203 0.120835
1 0.916009 0.144368
1 0.915776 0.169759
1 0.918797 0.221339
1 0.917682 0.40815
1 0.916927 0.436041
1 0.914837 0.495087
1 0.918909 0.801915
0 0.914591 0.875388
0 0.916699 0.923736
1 0.923694 0.10474
1 0.924133 0.202344
1 0.922836 0.263964
1 0.923494 0.293788
1 0.922461 0.325803
2 0.924141 0.358737
0 0.923169 0.515476
1 0.920952 0.534057
1 0.920995 0.565453
2 0.924942 0.6102
1 0.925863 0.667831
0 0.922586 0.720308
0 0.921182 0.771795
1 0.922909 0.819716
1 0.921691 0.906602
1 0.922131 0.988252
1 0.927618 0.0651183
0 0.928458 0.133427
1 0.927826 0.156924
1 0.928658 0.179998
1 0.927388 0.23939
1 0.929882 0.373169
2 0.926506 0.39655
0 0.929078 0.436103
1 0.929665 0.448873
1 0.92963 0.471466
2 0.932458 0.53578
1 0.931666 0.549938
1 0.932006 0.5915
1 0.927141 0.633332
2 0.93175 0.651776
0 0.928422 0.844422
1 0.931964 0.872005
1 0.929837 0.94572
1 0.937504 0.00811325
1 0.937992 0.0898887
1 0.936044 0.215814
1 0.93771 0.316591
1 0.9361 0.350002
1 0.935669 0.408263
1 0.933629 0.495583
1 0.937544 0.522572
1 0.937229 0.61555
1 0.935973 0.691767
1 0.934457 0.735735
1 0.936028 0.762896
1 0.936448 0.786347
1 0.937717 0.891842
0 0.937387 0.970411
1 0.940821 0.0419782
1 0.941557 0.10844
1 0.944705 0.133744
1 0.942979 0.163436
2 0.944556 0.201112
1 0.940747 0.277448
1 0.938659 0.391603
1 0.93956 0.429444
2 0.941299 0.455245
0 0.94198 0.565534
0 0.940261 0.674256
1 0.940268 0.819923
1 0.943087 0.841365
2 0.946565 0.0611877
1 0.945426 0.182827
0 0.950184 0.232922
1 0.949437 0.250265
1 0.946499 0.36715
1 0.950503 0.593026
1 0.946484 0.63671
1 0.947574 0.710992
0 0.948351 0.804223
1 0.949767 0.933034
1 0.949184 0.953342
1 0.95211 0.0801033
1 0.95506 0.148355
1 0.954995 0.301642
0 0.955403 0.317314
1 0.952749 0.334744
1 0.953485 0.41382
1 0.956771 0.431671
1 0.954635 0.454766
2 0.955124 0.494847
2 0.952572 0.518103
1 0.956062 0.552642
1 0.956399 0.664719
1 0.953364 0.732035
1 0.952858 0.751959
1 0.951685 0.778377
1 0.951064 0.858788
1 0.951524 0.911554
0 0.95973 0.0251252
0 0.958261 0.0974392
1 0.959795 0.121083
0 0.962706 0.134674
1 0.962391 0.179963
1 0.960293 0.357059
0 0.958746 0.377745
1 0.957142 0.395573
0 0.960519 0.469726
1 0.960922 0.532905
2 0.961942 0.580928
1 0.961838 0.616058
1 0.9612 0.793682
0 0.958188 0.888596
1 0.960301 0.970771
1 0.965067 0.0456361
1 0.969071 0.0695008
0 0.968106 0.165117
1 0.964102 0.213016
0 0.965285 0.277011
0 0.963783 0.638397
1 0.965402 0.682354
0 0.964364 0.702865
2 0.964197 0.765022
0 0.963858 0.833058
1 0.967985 0.924002
2 0.963875 0.943035
1 0.965138 0.99577
1 0.971498 0.0865179
1 0.975452 0.120155
1 0.972158 0.15123
1 0.974745 0.262366
1 0.974951 0.321248
1 0.974665 0.37449
1 0.974891 0.393889
1 0.970858 0.411138
1 0.972185 0.497698
1 0.971589 0.744471
1 0.972348 0.780595
1 0.971879 0.816356
1 0.974445 0.883822
1 0.978224 0.290837
1 0.978031 0.448063
1 0.978651 0.467219
1 0.978913 0.523104
1 0.978447 0.543687
1 0.97954 0.586399
1 0.981537 0.627611
1 0.981122 0.833743
1 0.975783 0.864722
1 0.976576 0.953198
1 0.975981 0.980395
1 0.98437 0.0280115
1 0.98268 0.0532228
1 0.982638 0.105869
1 0.982187 0.189708
1 0.983529 0.215476
1 0.984458 0.234943
0 0.986232 0.341446
2 0.982015 0.427612
0 0.985382 0.504756
1 0.982033 0.653098
1 0.984425 0.725128
1 0.984102 0.767679
1 0.984978 0.904792
1 0.99073 0.077434
0 0.993395 0.118551
1 0.990446 0.141965
1 0.990914 0.172472
1 0.990261 0.30568
1 0.989974 0.484705
1 0.9901 0.568521
0 0.988239 0.670667
1 0.991742 0.692514
1 0.989141 0.798511
1 0.989148 0.850186
0 0.99099 0.866214
1 0.993608 0.964425
0 0.989598 0.989484
1 0.999859 0.00808153
1 0.999732 0.103587
1 0.99946 0.156713
0 0.998221 0.223753
1 0.995899 0.264934
1 0.995323 0.363398
1 0.997926 0.401181
1 0.996631 0.423604
1 0.999672 0.467752
1 0.999609 0.527191
1 0.996167 0.60717
1 0.996723 0.745892
0 0.997582 0.833359
1 0.99997 0.883685
0 0.998624 0.920534
1 0.999868 0.938686
