1 0.00433299 0.17308
2 0.00237833 0.226864
1 0.00132212 0.45413
0 0.00347803 0.512494
1 0.00311028 0.567931
0 0.00421163 0.592777
1 0.00349425 0.617052
1 0.00561975 0.697378
1 0.0104978 0.0237532
1 0.0122158 0.0684867
1 0.0117154 0.0987026
0 0.0091431 0.13046
1 0.0116578 0.250577
1 0.00789696 0.280605
1 0.00813394 0.304704
1 0.01049 0.344264
2 0.00958316 0.47153
1 0.00655216 0.660652
1 0.00774164 0.775555
1 0.0118459 0.795254
1 0.0144085 0.152532
1 0.0165827 0.370725
1 0.015077 0.3902
1 0.0125969 0.538437
0 0.0166215 0.556417
1 0.016382 0.679563
1 0.0135089 0.745196
1 0.0142105 0.848023
1 0.0171428 0.865886
1 0.013748 0.88257
0 0.0154559 0.912985
1 0.0153339 0.938144
1 0.0157063 0.971696
0 0.0151283 0.99498
0 0.0194022 0.0407496
0 0.0192981 0.192029
0 0.0196407 0.413114
1 0.0186994 0.48856
1 0.0237154 0.514029
1 0.0199203 0.57534
1 0.0184906 0.595605
1 0.0213221 0.727287
0 0.0221353 0.821799
0 0.0188087 0.953196
1 0.028678 0.0232528
1 0.0254169 0.230461
0 0.0271858 0.290456
1 0.0279366 0.306458
1 0.0263943 0.332505
1 0.0272753 0.446452
0 0.0266057 0.633624
1 0.0282667 0.654597
1 0.0304744 0.760841
1 0.0292643 0.902826
1 0.0302577 0.988963
1 0.0349622 0.0537904
1 0.0337525 0.108459
1 0.0315606 0.13733
1 0.0361951 0.175373
1 0.0330852 0.26926
0 0.0326405 0.355458
1 0.0364671 0.404121
2 0.0312237 0.530631
1 0.0315898 0.561022
1 0.0340574 0.615723
1 0.0356242 0.702856
0 0.0325031 0.780207
1 0.0311741 0.802597
1 0.0347156 0.84303
0 0.0363354 0.862132
1 0.033285 0.879415
1 0.0318421 0.933006
1 0.0382119 0.0045842
2 0.038035 0.0703146
1 0.0371513 0.199802
0 0.0401262 0.246076
1 0.03779 0.427151
1 0.038872 0.463633
1 0.041532 0.54288
1 0.0370235 0.582442
0 0.0428314 0.597055
1 0.0407783 0.673187
1 0.038021 0.958633
1 0.0482109 0.0405249
0 0.0440244 0.15299
1 0.0468105 0.291799
0 0.0448105 0.483821
1 0.0461413 0.499937
1 0.0452894 0.524015
2 0.0481737 0.65121
1 0.0482289 0.751495
1 0.0472627 0.817098
1 0.0487686 0.892331
1 0.0472135 0.922441
1 0.0522144 0.0125607
1 0.0548708 0.0559387
1 0.0543002 0.0822312
1 0.0551041 0.12476
1 0.0519991 0.316386
1 0.0505552 0.339083
1 0.0490994 0.381428
2 0.0539854 0.564465
1 0.0541267 0.582713
1 0.0493954 0.632901
1 0.0494497 0.732567
1 0.0527541 0.940705
1 0.0533051 0.996344
1 0.056765 0.102401
1 0.0563379 0.215908
1 0.060581 0.265468
1 0.0610949 0.536009
1 0.0552192 0.601493
0 0.0584865 0.707108
1 0.0596745 0.768358
1 0.0568207 0.78701
1 0.0555184 0.842659
1 0.0670191 0.0275743
1 0.0645919 0.446871
1 0.0621254 0.469502
1 0.0670853 0.567658
2 0.0643905 0.613449
1 0.0623399 0.667422
1 0.063639 0.687657
0 0.0634097 0.74595
1 0.063814 0.807549
1 0.0665255 0.860483
2 0.0635519 0.904506
1 0.0630118 0.972898
0 0.0687706 0.00752423
1 0.0683161 0.147825
1 0.0720626 0.385813
1 0.0733815 0.412157
0 0.072259 0.547752
1 0.0695152 0.926015
0 0.0687054 0.953754
1 0.0747294 0.0436787
1 0.0753997 0.0743954
1 0.0793499 0.0925321
0 0.0795643 0.114511
1 0.0754884 0.194408
1 0.0750005 0.23912
2 0.0751495 0.319155
1 0.0752642 0.360344
1 0.0736217 0.516608
2 0.0770822 0.591624
1 0.0782481 0.609524
0 0.0775081 0.633257
2 0.0779664 0.795465
1 0.0747577 0.824546
1 0.0755607 0.889722
1 0.0831869 0.01937
0 0.0822853 0.271591
1 0.0798753 0.294156
1 0.0821368 0.484665
1 0.0844062 0.535525
1 0.0853649 0.561127
1 0.0819487 0.659507
1 0.0854564 0.695024
1 0.0842963 0.718525
1 0.0798322 0.74009
1 0.0852848 0.76462
0 0.0841767 0.847426
1 0.0897273 0.0562039
2 0.0915345 0.396765
1 0.0885873 0.456306
2 0.0887384 0.549438
1 0.0879266 0.584729
2 0.0891444 0.617465
1 0.0872003 0.869101
1 0.0863397 0.976866
1 0.093278 0.0313182
1 0.0945811 0.133855
1 0.0956503 0.158991
1 0.0943166 0.318565
1 0.0947261 0.34625
0 0.092976 0.378057
0 0.0921685 0.428352
2 0.0923769 0.470962
0 0.0960862 0.507091
2 0.0947446 0.567894
1 0.0952667 0.601492
0 0.0924079 0.667937
1 0.094106 0.815852
0 0.101758 0.00346148
1 0.0991492 0.0709968
1 0.0997017 0.0964416
1 0.103084 0.188617
1 0.1025 0.214041
1 0.0990788 0.25177
1 0.100233 0.279022
2 0.102181 0.303732
1 0.102569 0.409428
2 0.0995951 0.527518
2 0.0992004 0.590045
2 0.101629 0.642099
1 0.101099 0.655871
1 0.104231 0.677571
0 0.100709 0.714614
1 0.101754 0.734283
1 0.103036 0.757511
1 0.104212 0.776514
1 0.102358 0.839309
0 0.102782 0.885631
1 0.102319 0.916933
1 0.101303 0.950793
1 0.109067 0.0144029
0 0.104382 0.0422082
1 0.106225 0.118385
2 0.107182 0.360696
2 0.109506 0.386407
2 0.108651 0.437921
2 0.108872 0.503693
1 0.110228 0.540119
2 0.110231 0.568961
1 0.110291 0.588132
2 0.106699 0.624356
1 0.108072 0.698281
1 0.104755 0.800246
1 0.108872 0.868715
1 0.114689 0.0795006
2 0.111903 0.234106
2 0.111035 0.327737
1 0.1108 0.467862
1 0.114417 0.493789
2 0.116334 0.522244
1 0.114853 0.822727
1 0.116182 0.901437
1 0.11469 0.975683
1 0.120594 0.000262698
1 0.118912 0.0272397
1 0.119225 0.050136
1 0.12 0.132306
0 0.118487 0.162651
2 0.121172 0.287502
2 0.120821 0.345997
2 0.11723 0.477939
2 0.118935 0.55579
2 0.121701 0.597364
1 0.116686 0.609067
2 0.121305 0.634797
2 0.117193 0.672026
1 0.120802 0.716778
1 0.121366 0.850189
1 0.122586 0.928978
1 0.125039 0.0666124
1 0.124094 0.249139
0 0.124716 0.321706
2 0.125501 0.360671
2 0.125945 0.381917
2 0.125273 0.406741
2 0.12414 0.424773
2 0.12316 0.454099
2 0.127492 0.469136
2 0.126371 0.491341
2 0.128327 0.513127
1 0.127122 0.57821
0 0.128627 0.624079
2 0.128762 0.696616
1 0.125904 0.742331
1 0.12292 0.773179
2 0.131333 0.0137349
1 0.129789 0.109059
1 0.133786 0.150053
1 0.129924 0.184659
1 0.133052 0.221672
1 0.131466 0.274113
2 0.132568 0.334345
1 0.12958 0.393192
0 0.134683 0.441864
1 0.130144 0.535639
0 0.131378 0.558288
2 0.134368 0.592423
1 0.130759 0.652023
1 0.131094 0.809481
1 0.132849 0.881342
1 0.13124 0.950158
1 0.137381 0.00162113
1 0.13559 0.0366634
2 0.140995 0.314735
2 0.140542 0.373919
2 0.139316 0.424889
2 0.140951 0.453208
1 0.138346 0.465305
2 0.138379 0.477997
2 0.139377 0.492322
2 0.138677 0.528977
2 0.139149 0.543315
2 0.136812 0.607333
2 0.13914 0.674236
0 0.140194 0.767734
1 0.13598 0.789427
1 0.139609 0.830868
1 0.142527 0.054892
0 0.141966 0.0877234
0 0.144976 0.120509
1 0.146674 0.169808
0 0.144473 0.254304
2 0.142172 0.288951
1 0.146834 0.339915
2 0.144536 0.35877
2 0.143994 0.392625
2 0.145674 0.408354
2 0.144503 0.504386
2 0.145502 0.516797
2 0.144587 0.579559
1 0.146885 0.612704
2 0.143031 0.625421
2 0.144091 0.651074
1 0.143641 0.720497
0 0.143961 0.861667
0 0.141116 0.909343
1 0.148696 0.0249188
1 0.153356 0.075903
1 0.149462 0.102077
1 0.151828 0.14079
1 0.152303 0.190968
0 0.153062 0.208207
1 0.15082 0.235304
2 0.153052 0.268689
2 0.150075 0.302654
2 0.149977 0.327046
2 0.149083 0.436439
1 0.152198 0.450451
0 0.148976 0.48508
2 0.151639 0.538907
1 0.1481 0.549296
2 0.147992 0.564945
0 0.149725 0.688941
1 0.148829 0.927679
0 0.147421 0.968938
2 0.15731 0.284764
2 0.159137 0.353125
0 0.158834 0.370193
2 0.158396 0.404969
1 0.157645 0.419993
2 0.159195 0.459423
2 0.154689 0.474293
2 0.158959 0.504516
1 0.158459 0.523282
1 0.156835 0.590857
2 0.158019 0.602876
2 0.153495 0.633734
2 0.154798 0.659759
2 0.156205 0.675834
2 0.155743 0.708828
1 0.153932 0.892359
1 0.157657 0.991104
0 0.162412 0.0167068
1 0.164253 0.035462
1 0.164827 0.110281
2 0.161003 0.248617
1 0.161495 0.31478
2 0.159659 0.336944
2 0.161239 0.389897
2 0.165369 0.445024
2 0.163651 0.543903
2 0.164572 0.558048
1 0.161705 0.56823
2 0.159809 0.619995
1 0.162695 0.734685
1 0.160334 0.755996
1 0.161439 0.789047
1 0.163715 0.954073
1 0.170657 0.0814489
0 0.171115 0.157538
1 0.168 0.174092
1 0.167628 0.214837
1 0.16742 0.271943
2 0.169421 0.303091
2 0.166259 0.428807
2 0.169294 0.471862
2 0.165736 0.486338
2 0.16794 0.525808
2 0.167985 0.586671
1 0.165799 0.63254
1 0.166297 0.658375
2 0.170346 0.688091
1 0.167931 0.811137
1 0.168292 0.841515
1 0.166882 0.869219
1 0.168831 0.910133
1 0.176215 0.00904022
0 0.171886 0.0564146
1 0.177341 0.234268
2 0.177819 0.336059
2 0.176131 0.349693
2 0.173688 0.37363
2 0.173522 0.395757
2 0.174223 0.408896
1 0.175583 0.431393
2 0.177777 0.464152
2 0.177522 0.48375
1 0.173617 0.492246
2 0.17406 0.50212
2 0.174233 0.516032
2 0.177605 0.531157
2 0.172363 0.568006
2 0.173232 0.604047
2 0.175209 0.644211
2 0.177781 0.658112
2 0.174967 0.672389
2 0.173611 0.719893
2 0.173034 0.750215
0 0.174968 0.886184
1 0.173471 0.931709
1 0.180645 0.0296371
1 0.179636 0.126463
2 0.181913 0.251098
2 0.178628 0.281781
2 0.181523 0.321295
2 0.179992 0.361734
2 0.179717 0.385504
2 0.17922 0.442412
2 0.183597 0.496104
2 0.18368 0.510267
1 0.181086 0.546388
2 0.178265 0.578207
2 0.181991 0.596073
2 0.178254 0.62248
2 0.178079 0.702688
1 0.178748 0.766609
0 0.180226 0.82676
1 0.189594 0.0788269
2 0.187113 0.106056
1 0.185768 0.183749
1 0.187119 0.204556
2 0.185157 0.218091
1 0.189609 0.267253
2 0.184735 0.305124
1 0.189464 0.346237
2 0.188797 0.37542
2 0.188831 0.39808
2 0.184978 0.414403
2 0.186321 0.426472
0 0.185526 0.452367
1 0.18953 0.472265
2 0.185562 0.556306
1 0.185222 0.585358
0 0.189596 0.627516
2 0.188195 0.63914
2 0.188641 0.654417
2 0.184805 0.682097
1 0.188286 0.726505
0 0.188316 0.747753
1 0.188436 0.8101
1 0.189765 0.868424
1 0.18982 0.97566
1 0.191098 0.0481975
1 0.193633 0.156307
1 0.191347 0.386761
2 0.192389 0.442406
2 0.192242 0.461356
1 0.1935 0.490597
2 0.193569 0.530021
2 0.191252 0.540961
2 0.194646 0.612073
2 0.190415 0.669872
1 0.191198 0.697729
2 0.193067 0.760931
2 0.19514 0.792299
1 0.190767 0.837943
1 0.194381 0.888836
1 0.190527 0.917996
0 0.194834 0.955622
1 0.194524 0.996874
0 0.200328 0.0340305
1 0.199152 0.115908
0 0.198278 0.191516
0 0.200522 0.244113
2 0.200997 0.271238
1 0.19744 0.291125
0 0.198457 0.318748
2 0.199429 0.331841
2 0.201757 0.400846
2 0.20234 0.469795
0 0.197702 0.512744
2 0.197298 0.552044
0 0.198603 0.569183
2 0.20143 0.581984
2 0.196809 0.592419
2 0.200491 0.643001
2 0.20054 0.687604
2 0.19842 0.710016
2 0.197024 0.738294
1 0.197607 0.776674
2 0.202183 0.825374
1 0.203984 0.0187339
1 0.206686 0.0734123
1 0.202689 0.093531
1 0.206389 0.220029
2 0.20455 0.231339
2 0.205988 0.369988
2 0.20335 0.382456
1 0.202663 0.412484
2 0.208119 0.428343
2 0.204748 0.438391
1 0.204399 0.461149
2 0.203026 0.485532
2 0.203517 0.497161
2 0.207923 0.562336
2 0.202907 0.601736
2 0.203037 0.620429
2 0.20445 0.632266
2 0.207203 0.653114
1 0.20424 0.675243
2 0.203193 0.724972
1 0.203674 0.855926
1 0.208263 0.90034
1 0.210246 0.135728
1 0.212688 0.16796
1 0.213662 0.199024
2 0.212019 0.25177
1 0.212205 0.270477
2 0.209329 0.302584
2 0.211389 0.324913
2 0.211705 0.346976
1 0.20958 0.359494
2 0.214406 0.387309
2 0.213602 0.403044
2 0.21287 0.416938
2 0.211835 0.453415
2 0.214478 0.46464
2 0.20939 0.5063
2 0.210204 0.530289
2 0.212417 0.541046
2 0.21012 0.590906
2 0.212474 0.60951
1 0.214539 0.624796
2 0.213445 0.679916
2 0.213628 0.693236
0 0.210894 0.70555
2 0.213937 0.717557
1 0.212433 0.75342
1 0.210081 0.87801
1 0.209815 0.925566
1 0.21029 0.967598
1 0.219931 0.0301346
1 0.218196 0.11785
2 0.220309 0.287478
2 0.220194 0.307299
2 0.218622 0.336601
2 0.219447 0.358553
1 0.216895 0.445973
2 0.216294 0.480037
2 0.216518 0.498601
1 0.218354 0.513195
2 0.218091 0.521868
1 0.220379 0.534757
2 0.219995 0.549229
2 0.218821 0.570854
2 0.215815 0.580896
1 0.215484 0.6
2 0.220219 0.637653
1 0.220357 0.729777
2 0.217688 0.777752
0 0.217803 0.801183
1 0.22095 0.011575
1 0.222379 0.0524451
1 0.221485 0.183056
2 0.221194 0.217965
2 0.225868 0.233992
1 0.221837 0.245869
2 0.222906 0.265521
2 0.225131 0.319373
2 0.221172 0.371525
0 0.225519 0.391458
1 0.226089 0.417603
2 0.222859 0.428539
2 0.226393 0.440085
1 0.224862 0.474134
2 0.22509 0.507004
2 0.225133 0.559243
2 0.226816 0.598927
2 0.224569 0.609169
2 0.224448 0.65101
0 0.222291 0.662628
2 0.223501 0.707685
2 0.222927 0.740214
2 0.223244 0.75774
2 0.225965 0.790127
1 0.223031 0.829461
1 0.222923 0.860323
0 0.221916 0.886188
1 0.225801 0.910753
1 0.224376 0.945837
0 0.226815 0.997076
1 0.227062 0.0800411
0 0.23232 0.107667
1 0.231744 0.137667
0 0.230074 0.155184
2 0.230848 0.277516
2 0.232654 0.294602
1 0.231673 0.328599
2 0.229914 0.350119
2 0.229451 0.363439
2 0.231947 0.407528
2 0.230706 0.461589
2 0.230897 0.480787
2 0.229073 0.493393
2 0.231825 0.520757
2 0.228696 0.531539
2 0.232884 0.544659
2 0.22955 0.672943
2 0.228339 0.692021
2 0.231765 0.726564
2 0.23127 0.817908
1 0.237589 0.167994
0 0.236114 0.199717
1 0.236548 0.231618
2 0.233695 0.248534
2 0.236423 0.265073
2 0.236641 0.307588
2 0.238989 0.342757
1 0.238493 0.374512
2 0.235946 0.3864
2 0.236533 0.472516
0 0.23801 0.485698
2 0.234362 0.510718
2 0.233477 0.569888
1 0.233709 0.582446
2 0.234299 0.625367
2 0.238639 0.651568
2 0.236564 0.663088
1 0.236042 0.706713
2 0.23715 0.776555
1 0.237664 0.88822
1 0.235812 0.971696
1 0.245379 0.00506291
1 0.24435 0.0315079
1 0.243752 0.184426
1 0.242074 0.21429
1 0.243441 0.27782
2 0.244782 0.31954
2 0.241612 0.365984
2 0.240272 0.398727
2 0.23981 0.422511
2 0.241632 0.43252
1 0.239625 0.443543
2 0.239851 0.456255
2 0.245067 0.465993
1 0.241699 0.520184
2 0.244608 0.538616
2 0.240635 0.551483
2 0.244718 0.574412
2 0.243393 0.593148
2 0.240675 0.605566
1 0.242662 0.61744
2 0.240586 0.634165
2 0.241222 0.677636
2 0.244158 0.717523
2 0.240703 0.745261
0 0.241419 0.756548
2 0.241253 0.79032
2 0.241477 0.80422
1 0.244172 0.825028
1 0.24488 0.908088
1 0.249844 0.0670438
1 0.250145 0.110731
1 0.247787 0.154415
2 0.247206 0.232825
2 0.249406 0.260628
0 0.246601 0.301112
2 0.247395 0.330186
2 0.246721 0.351296
2 0.245451 0.382027
2 0.249254 0.402879
1 0.250521 0.413305
2 0.250091 0.447332
2 0.249242 0.474538
2 0.248265 0.485088
2 0.248523 0.498237
2 0.249005 0.507836
1 0.251472 0.546994
2 0.250859 0.565538
2 0.250583 0.626468
2 0.246738 0.693386
1 0.248821 0.726098
2 0.249584 0.73584
1 0.250987 0.798747
1 0.249941 0.872678
2 0.246597 0.929721
0 0.257196 0.0190528
1 0.251847 0.130115
1 0.257299 0.170963
2 0.252381 0.216566
1 0.25465 0.240638
2 0.257276 0.277647
2 0.256117 0.289901
2 0.256936 0.319709
2 0.254276 0.339871
2 0.252856 0.375003
1 0.254245 0.386617
2 0.252018 0.430658
2 0.256346 0.45773
2 0.257078 0.46883
2 0.253837 0.522839
2 0.255906 0.535867
2 0.251562 0.584413
2 0.256028 0.6024
2 0.255597 0.612896
2 0.257539 0.641118
1 0.251813 0.648696
2 0.253979 0.659495
2 0.252209 0.671751
1 0.254628 0.682729
1 0.256726 0.705104
1 0.257158 0.745835
2 0.254751 0.764321
2 0.255211 0.779823
0 0.252763 0.844565
1 0.255743 0.970369
1 0.262133 0.0954714
2 0.258575 0.18403
2 0.259163 0.199237
1 0.262772 0.211561
2 0.262287 0.254175
2 0.258231 0.305092
1 0.263579 0.312605
1 0.259305 0.332009
1 0.259075 0.362605
2 0.261864 0.382176
2 0.262189 0.398286
2 0.262244 0.413077
2 0.259571 0.424705
2 0.258992 0.44194
1 0.26156 0.450304
2 0.260327 0.487003
1 0.263455 0.518031
2 0.257754 0.577179
2 0.262123 0.591872
2 0.26201 0.622477
2 0.263779 0.632427
2 0.262176 0.693088
2 0.262206 0.718117
2 0.260094 0.813719
1 0.26376 0.888557
1 0.258872 0.947549
1 0.264422 0.142089
2 0.265765 0.223664
2 0.268527 0.239758
2 0.26848 0.276512
1 0.269355 0.286328
2 0.269287 0.341316
2 0.267497 0.352256
2 0.266576 0.371441
2 0.268575 0.435297
2 0.266947 0.459247
1 0.265578 0.472821
2 0.26398 0.501416
2 0.267745 0.511214
2 0.265952 0.537784
2 0.2693 0.550407
2 0.265753 0.56425
2 0.269362 0.601537
0 0.267612 0.610993
2 0.267559 0.652642
2 0.264679 0.680349
0 0.268811 0.728267
2 0.267075 0.744478
2 0.268158 0.76035
2 0.269638 0.775162
2 0.269239 0.796232
1 0.263895 0.831013
1 0.267839 0.908896
1 0.267463 0.996193
1 0.272785 0.0368078
0 0.272128 0.121084
2 0.270459 0.170587
1 0.274373 0.194912
1 0.27304 0.268307
2 0.27185 0.301698
2 0.272016 0.320782
2 0.275433 0.362241
2 0.269981 0.407646
0 0.271313 0.424742
2 0.272433 0.447526
2 0.274735 0.46859
2 0.271195 0.481081
0 0.275257 0.496865
2 0.271069 0.528501
1 0.27522 0.535507
1 0.27087 0.577832
2 0.271343 0.587329
2 0.272956 0.626718
2 0.272439 0.642818
2 0.271766 0.664961
2 0.275857 0.675947
1 0.275035 0.693551
2 0.275925 0.70285
2 0.273731 0.713963
0 0.275789 0.785626
2 0.275014 0.828581
1 0.274983 0.857774
0 0.274904 0.873983
1 0.274934 0.957607
1 0.276112 0.0131516
1 0.280755 0.105005
1 0.279542 0.133789
0 0.278805 0.162553
2 0.279235 0.204443
1 0.279853 0.220382
2 0.281803 0.234893
1 0.279906 0.245689
2 0.280317 0.257397
2 0.278424 0.310176
1 0.278317 0.335099
2 0.279557 0.352317
2 0.278756 0.371784
2 0.276294 0.385209
1 0.279081 0.394235
2 0.278988 0.418722
1 0.278278 0.441429
2 0.281574 0.486013
2 0.276774 0.509984
2 0.279373 0.571643
2 0.281659 0.582081
2 0.278397 0.603643
1 0.281711 0.649717
2 0.280969 0.768204
1 0.278083 0.817945
1 0.279414 0.840528
1 0.280906 0.889586
1 0.279464 0.933606
0 0.280408 0.977061
1 0.285801 0.057286
1 0.284179 0.179632
2 0.285038 0.28898
1 0.287749 0.299878
2 0.285746 0.342111
2 0.285173 0.402717
2 0.287391 0.434222
2 0.287947 0.453602
1 0.283574 0.460828
2 0.28403 0.471932
2 0.286455 0.503479
1 0.285492 0.516443
2 0.288089 0.524604
2 0.282826 0.541278
2 0.284972 0.550838
0 0.282247 0.560102
2 0.282459 0.619405
2 0.288097 0.630192
2 0.285338 0.662299
1 0.284404 0.673933
2 0.284281 0.689545
2 0.286031 0.704882
1 0.283184 0.716561
2 0.284241 0.746855
1 0.286239 0.758051
2 0.287349 0.809123
1 0.29188 0.147911
2 0.293612 0.184589
2 0.293235 0.21556
1 0.288438 0.277892
0 0.289632 0.319168
2 0.289919 0.355294
0 0.289022 0.366124
2 0.290689 0.394794
2 0.288999 0.415553
2 0.293985 0.425202
1 0.290434 0.477851
2 0.288867 0.490558
2 0.291754 0.511024
2 0.29162 0.535287
2 0.293605 0.549541
2 0.288887 0.569525
2 0.290211 0.578561
1 0.292701 0.596252
2 0.291416 0.610925
2 0.288385 0.640231
2 0.291094 0.681789
2 0.288744 0.729601
2 0.29422 0.741871
2 0.292059 0.784915
1 0.290248 0.799288
2 0.288521 0.833664
1 0.29274 0.861483
1 0.290158 0.918518
1 0.290039 0.948492
1 0.291367 0.999412
1 0.295377 0.0817874
2 0.295547 0.170119
1 0.2985 0.207552
2 0.295634 0.253128
2 0.297352 0.273822
2 0.298999 0.298687
2 0.294864 0.310966
2 0.2993 0.33878
2 0.297643 0.349728
2 0.298601 0.365112
2 0.295061 0.386749
2 0.300562 0.399647
1 0.299282 0.409625
1 0.298047 0.434609
2 0.297752 0.444375
1 0.300383 0.453654
2 0.295044 0.459208
2 0.299215 0.473707
2 0.300402 0.484971
1 0.296774 0.497658
2 0.297341 0.523732
2 0.299135 0.555914
2 0.298074 0.567793
2 0.299348 0.590702
2 0.30003 0.605877
2 0.297591 0.636764
2 0.29542 0.652364
2 0.295325 0.66808
2 0.295816 0.700309
2 0.300191 0.713389
2 0.29896 0.732813
2 0.295728 0.755451
2 0.296352 0.766627
1 0.29984 0.824459
0 0.299196 0.846542
1 0.295998 0.900651
1 0.299247 0.933334
1 0.297196 0.974055
1 0.301305 0.0298812
1 0.305234 0.133218
1 0.306501 0.159446
1 0.305691 0.179491
2 0.305232 0.223394
0 0.303068 0.236552
1 0.30191 0.266305
2 0.306204 0.317682
2 0.300741 0.328376
1 0.306112 0.353149
1 0.303122 0.391292
2 0.306397 0.431926
2 0.30096 0.465438
2 0.304643 0.49714
1 0.302339 0.541281
2 0.301404 0.581706
2 0.306133 0.599089
2 0.305644 0.613423
1 0.303074 0.626325
2 0.306291 0.662521
2 0.302167 0.677274
1 0.302423 0.687156
1 0.30381 0.744004
1 0.302194 0.78122
0 0.30376 0.807335
1 0.301455 0.878416
0 0.312544 0.00877102
2 0.306849 0.0620669
2 0.307317 0.191436
2 0.310019 0.243913
2 0.310937 0.265807
1 0.307759 0.29153
1 0.312292 0.311747
2 0.31078 0.335398
2 0.31065 0.363502
2 0.307428 0.374754
2 0.310986 0.410706
2 0.309052 0.423126
2 0.308897 0.441418
2 0.308686 0.455725
1 0.309549 0.474919
2 0.307224 0.506214
1 0.307419 0.514932
2 0.306865 0.530148
2 0.31094 0.53917
2 0.308488 0.560694
2 0.310022 0.579584
2 0.307801 0.588844
2 0.311394 0.632073
2 0.306904 0.650719
2 0.312202 0.69212
2 0.310352 0.702232
1 0.31086 0.719355
2 0.309564 0.736969
2 0.307575 0.76805
2 0.308611 0.794885
2 0.311044 0.842952
1 0.307388 0.916399
1 0.314917 0.104685
2 0.316634 0.181453
0 0.317664 0.197832
2 0.31712 0.216942
1 0.317744 0.227447
2 0.315978 0.255852
2 0.316752 0.284223
2 0.315065 0.324709
2 0.316104 0.345847
2 0.31638 0.356099
2 0.316515 0.372455
2 0.312909 0.38306
2 0.314443 0.394006
0 0.314572 0.432336
2 0.318357 0.44968
2 0.313517 0.464212
2 0.31461 0.490191
2 0.318374 0.500498
2 0.315478 0.511541
2 0.313519 0.525253
2 0.316289 0.550729
2 0.313731 0.568085
2 0.314405 0.602219
2 0.316036 0.613251
2 0.317422 0.623993
2 0.31291 0.670034
2 0.31599 0.681384
2 0.318843 0.712945
2 0.316762 0.729477
2 0.317655 0.75807
1 0.318679 0.779993
2 0.313044 0.817172
1 0.317459 0.827564
1 0.312932 0.901098
0 0.315253 0.930136
1 0.314985 0.945472
0 0.315969 0.962406
1 0.315386 0.977217
1 0.319742 0.0789078
2 0.322886 0.169392
2 0.32163 0.236508
2 0.319388 0.27402
2 0.320102 0.302654
1 0.320212 0.330894
1 0.323819 0.36449
1 0.322198 0.398764
2 0.320837 0.415396
2 0.322029 0.431904
2 0.323506 0.443092
2 0.322625 0.457366
2 0.320868 0.469654
1 0.322813 0.486514
2 0.324436 0.515423
2 0.321377 0.541846
2 0.323093 0.559454
2 0.320663 0.575751
2 0.320839 0.591182
2 0.321654 0.632273
2 0.321049 0.641735
2 0.321306 0.659777
0 0.320921 0.693444
2 0.324427 0.72173
2 0.324077 0.738356
2 0.322822 0.770655
1 0.31993 0.806666
2 0.32502 0.833821
1 0.323346 0.862259
1 0.3243 0.919072
1 0.328593 0.0509757
0 0.325661 0.123525
1 0.330503 0.152257
2 0.331175 0.182189
2 0.327031 0.201766
1 0.325625 0.212505
1 0.326203 0.248318
0 0.32921 0.264795
2 0.32734 0.294756
0 0.329053 0.302762
2 0.326907 0.319303
2 0.325661 0.341934
2 0.325881 0.380346
2 0.330538 0.39283
2 0.330805 0.435337
1 0.327775 0.45003
2 0.328252 0.465457
2 0.329448 0.480557
1 0.329258 0.504789
1 0.325995 0.524849
2 0.327405 0.533029
0 0.327865 0.550443
2 0.331112 0.563617
2 0.329673 0.593179
2 0.325271 0.602611
0 0.328019 0.612161
2 0.328804 0.621409
2 0.331181 0.631023
1 0.325315 0.671385
2 0.327861 0.682551
2 0.329925 0.692
1 0.326282 0.761217
2 0.326836 0.784917
2 0.327706 0.79982
1 0.331124 0.845275
1 0.326397 0.885767
1 0.328442 0.986609
1 0.335491 0.0248245
1 0.336298 0.193331
2 0.334511 0.230266
2 0.33443 0.250938
1 0.336788 0.280625
2 0.334666 0.336755
2 0.333099 0.363179
2 0.33215 0.372049
2 0.336528 0.386071
2 0.337109 0.401921
2 0.334614 0.410773
1 0.333393 0.421764
2 0.336311 0.452471
2 0.335895 0.462942
2 0.334738 0.496388
2 0.33527 0.519705
2 0.332507 0.540071
2 0.335098 0.575319
1 0.332367 0.646801
2 0.332694 0.657659
2 0.333367 0.707299
1 0.334989 0.721508
2 0.33364 0.733356
2 0.332947 0.74419
2 0.335268 0.761132
0 0.337159 0.777636
1 0.333738 0.791947
2 0.331607 0.812409
1 0.333858 0.905821
1 0.337965 0.106625
1 0.338635 0.169807
1 0.339199 0.220255
1 0.340693 0.241624
2 0.343063 0.264552
2 0.338081 0.292105
2 0.339731 0.303729
1 0.338682 0.320246
1 0.340332 0.342367
2 0.339472 0.351229
1 0.343418 0.390865
2 0.340735 0.417494
2 0.339896 0.431342
2 0.342067 0.511228
2 0.338261 0.534165
2 0.340262 0.549498
2 0.338707 0.557731
2 0.342867 0.569735
2 0.339225 0.585353
2 0.340915 0.599876
2 0.342574 0.610107
2 0.339247 0.625552
2 0.338119 0.674748
2 0.338861 0.684346
1 0.339893 0.692776
2 0.343062 0.716815
2 0.337436 0.82399
2 0.342752 0.857512
0 0.339767 0.872758
2 0.339096 0.884074
1 0.341107 0.932412
1 0.3412 0.957189
0 0.346457 0.0428616
1 0.34461 0.0816339
2 0.345702 0.15762
2 0.347527 0.199847
2 0.347859 0.21701
2 0.348686 0.250828
2 0.345203 0.279435
2 0.348146 0.298774
2 0.34659 0.325429
2 0.34809 0.345277
0 0.346916 0.36989
0 0.344288 0.408599
2 0.348915 0.424613
2 0.347953 0.43343
1 0.347736 0.465638
2 0.344246 0.481467
1 0.349217 0.512121
2 0.349583 0.519495
2 0.348521 0.552816
1 0.345351 0.561434
2 0.347598 0.578173
1 0.34828 0.585729
2 0.34445 0.632792
2 0.344449 0.646451
2 0.347184 0.657514
2 0.347955 0.680945
2 0.344969 0.705969
2 0.343649 0.728573
1 0.343975 0.750303
2 0.349447 0.760301
2 0.346136 0.779811
0 0.346878 0.819339
2 0.345046 0.842515
1 0.344767 0.982631
0 0.34879 0.998002
1 0.350928 0.135508
2 0.350595 0.233487
0 0.355631 0.242132
1 0.355432 0.270117
2 0.352769 0.285811
2 0.354428 0.315763
2 0.352753 0.335495
2 0.354134 0.363308
2 0.350307 0.376652
2 0.350675 0.402589
2 0.353086 0.413773
2 0.350977 0.453084
2 0.354788 0.479667
0 0.351544 0.489299
2 0.349714 0.498908
2 0.354593 0.506276
1 0.35009 0.53089
2 0.34999 0.540824
2 0.35155 0.566499
2 0.355692 0.578411
2 0.352201 0.610148
2 0.354457 0.62413
2 0.352696 0.63427
2 0.355103 0.644951
2 0.35544 0.68671
2 0.353004 0.725592
2 0.350628 0.735737
2 0.352278 0.745565
1 0.350104 0.770134
2 0.352928 0.800806
2 0.352187 0.830913
2 0.355746 0.851569
1 0.352341 0.905751
0 0.35112 0.920453
1 0.354685 0.948737
1 0.354791 0.969474
1 0.360615 0.0653602
1 0.361522 0.097532
1 0.357994 0.158809
1 0.355859 0.180939
2 0.359512 0.225091
1 0.361398 0.310859
1 0.357789 0.32867
2 0.361766 0.337434
2 0.357229 0.347899
2 0.361383 0.395846
2 0.360908 0.404051
1 0.358705 0.421605
2 0.356765 0.428767
2 0.358339 0.436775
1 0.358137 0.446896
2 0.35806 0.461087
2 0.356168 0.471174
2 0.360919 0.487202
2 0.361034 0.496472
2 0.360763 0.514195
2 0.358143 0.526405
2 0.358181 0.539427
2 0.357747 0.548934
2 0.360345 0.596043
2 0.359296 0.61747
2 0.355997 0.655933
2 0.356227 0.671172
2 0.358097 0.696244
2 0.357104 0.708026
0 0.359064 0.732518
2 0.358688 0.777674
1 0.360887 0.792123
2 0.361137 0.821411
2 0.356095 0.868391
1 0.361788 0.887502
1 0.365283 0.0450431
2 0.36305 0.168227
2 0.364471 0.192379
1 0.366301 0.21592
2 0.367635 0.238579
2 0.368063 0.253055
2 0.363808 0.278099
1 0.364926 0.287317
2 0.362606 0.30123
2 0.364589 0.354944
2 0.367802 0.363121
1 0.366507 0.371954
2 0.36652 0.387317
2 0.367677 0.417172
2 0.3644 0.45066
2 0.362559 0.503931
2 0.368012 0.527776
2 0.365506 0.536367
2 0.363951 0.556082
1 0.366549 0.56379
2 0.363748 0.571257
1 0.364333 0.606713
2 0.367761 0.618655
1 0.362306 0.635591
2 0.366 0.650471
0 0.364686 0.669676
2 0.363857 0.679336
2 0.36624 0.706003
2 0.363818 0.716841
1 0.363411 0.749738
2 0.363726 0.76131
2 0.365543 0.838435
1 0.362771 0.918935
1 0.368786 0.00915639
2 0.372778 0.181989
2 0.368206 0.20538
2 0.373584 0.225371
2 0.368269 0.267225
2 0.371966 0.294601
2 0.372515 0.304581
2 0.36856 0.324166
2 0.373393 0.341461
1 0.372759 0.354701
2 0.368936 0.379362
1 0.37292 0.394446
2 0.371488 0.424
2 0.368125 0.434644
2 0.370223 0.463407
1 0.369574 0.474142
2 0.368757 0.491235
2 0.374148 0.508623
2 0.37092 0.517764
2 0.37157 0.550258
0 0.373536 0.583067
2 0.370434 0.593157
2 0.371115 0.629664
2 0.371825 0.639396
2 0.369325 0.6594
2 0.373167 0.674944
2 0.374011 0.687819
2 0.368216 0.695262
1 0.372404 0.714862
2 0.370744 0.725426
2 0.368565 0.735966
2 0.370025 0.778261
2 0.36878 0.810319
1 0.37053 0.820379
0 0.373125 0.844813
1 0.373681 0.863048
2 0.369675 0.877895
2 0.368991 0.899586
1 0.379863 0.113239
0 0.376493 0.134305
2 0.379554 0.148489
1 0.375766 0.16507
1 0.374796 0.19105
1 0.380278 0.262397
2 0.379334 0.270667
2 0.378644 0.315456
0 0.378869 0.325774
2 0.379434 0.348778
2 0.378437 0.360335
2 0.37669 0.382621
2 0.377348 0.4001
1 0.375199 0.413993
2 0.378635 0.428875
0 0.376035 0.437362
2 0.375017 0.446958
1 0.377208 0.4542
2 0.378176 0.460889
2 0.374805 0.479918
2 0.377861 0.49184
1 0.375026 0.500561
2 0.379573 0.51805
2 0.375483 0.525852
1 0.375402 0.533336
2 0.375372 0.542149
2 0.375237 0.559604
2 0.378126 0.589512
2 0.379968 0.602912
2 0.376705 0.612889
2 0.379359 0.64833
1 0.37997 0.660386
2 0.380332 0.669479
2 0.378037 0.704826
2 0.375068 0.756994
1 0.37729 0.77033
0 0.377498 0.803271
2 0.380212 0.821637
1 0.375391 0.940065
0 0.377015 0.951938
1 0.378282 0.974511
1 0.374435 0.993041
1 0.385123 0.0354138
1 0.381511 0.0740106
2 0.386259 0.185793
2 0.382746 0.201877
0 0.384782 0.211331
2 0.380558 0.241057
1 0.383072 0.281065
2 0.38524 0.338313
2 0.384341 0.369761
1 0.385487 0.378373
2 0.381178 0.408329
2 0.381948 0.4213
2 0.384865 0.47231
2 0.386336 0.514536
2 0.38392 0.524656
2 0.382467 0.538708
2 0.381294 0.55258
2 0.381557 0.571443
2 0.381044 0.580111
1 0.381588 0.621325
2 0.384406 0.628972
2 0.383055 0.637945
2 0.383733 0.685443
2 0.380946 0.717749
1 0.383124 0.730546
2 0.380938 0.744214
2 0.386088 0.777327
2 0.383046 0.792407
2 0.38502 0.810748
2 0.385555 0.846947
2 0.385509 0.862274
1 0.380891 0.895605
1 0.388459 0.0159269
0 0.387437 0.0525205
0 0.390666 0.0932835
2 0.391069 0.131328
0 0.388437 0.176216
2 0.38958 0.225781
2 0.390632 0.251029
2 0.390721 0.26594
2 0.390976 0.297646
1 0.388378 0.3108
2 0.388488 0.325322
2 0.392012 0.365697
2 0.390649 0.390341
0 0.388402 0.401723
2 0.389204 0.413496
1 0.386696 0.426994
2 0.390637 0.438553
2 0.388968 0.448411
2 0.392008 0.45858
2 0.390629 0.467155
2 0.388319 0.481357
2 0.388066 0.49354
2 0.389836 0.50216
2 0.389642 0.536217
0 0.388961 0.545804
2 0.389617 0.555932
1 0.389291 0.564674
2 0.386598 0.58605
2 0.389136 0.604517
2 0.392266 0.612314
2 0.39049 0.62343
2 0.387895 0.644408
2 0.388431 0.66446
2 0.392446 0.679921
2 0.39221 0.692751
2 0.391685 0.743164
2 0.387621 0.762031
2 0.388143 0.831168
1 0.389083 0.875141
0 0.389157 0.910804
1 0.390106 0.922551
2 0.398125 0.191822
2 0.396579 0.214674
1 0.398352 0.230087
2 0.394122 0.240543
2 0.395555 0.276943
2 0.394051 0.288618
1 0.397327 0.330613
2 0.397256 0.339826
1 0.393122 0.350464
2 0.397236 0.372006
2 0.398676 0.380266
2 0.397278 0.397981
2 0.395284 0.430019
2 0.396491 0.452087
0 0.397352 0.468445
1 0.394364 0.49099
2 0.394524 0.517692
1 0.396801 0.526688
2 0.398494 0.537893
2 0.396543 0.559882
2 0.398686 0.571716
2 0.396361 0.583437
2 0.394424 0.59115
1 0.397119 0.605369
2 0.398143 0.618465
2 0.395745 0.629604
2 0.394669 0.656959
2 0.393437 0.703342
1 0.393929 0.714736
2 0.396518 0.732739
0 0.396904 0.753864
2 0.394964 0.770934
1 0.393142 0.795828
2 0.396172 0.823209
1 0.397622 0.837343
2 0.393717 0.888166
1 0.39478 0.948996
2 0.399633 0.110086
1 0.400885 0.122846
1 0.404602 0.150205
2 0.400984 0.164755
2 0.404277 0.177514
2 0.404546 0.206671
1 0.399887 0.246836
2 0.402793 0.262413
2 0.404035 0.296574
2 0.399061 0.314273
2 0.404521 0.323582
2 0.404182 0.333946
2 0.399104 0.356309
2 0.401946 0.404448
1 0.401034 0.415737
2 0.404267 0.426506
2 0.402104 0.436204
1 0.399441 0.445301
2 0.403848 0.456826
2 0.401469 0.478086
2 0.398822 0.501801
2 0.402223 0.515336
2 0.399801 0.551377
2 0.404503 0.564458
2 0.404889 0.581583
2 0.404319 0.611831
2 0.404045 0.630496
1 0.399408 0.639226
2 0.404168 0.652035
2 0.400918 0.66519
1 0.402254 0.675381
0 0.401121 0.693947
2 0.403187 0.714388
2 0.403855 0.724546
2 0.402039 0.74053
2 0.403839 0.760943
2 0.401318 0.803763
1 0.404664 0.856108
2 0.404631 0.873351
1 0.399114 0.903968
1 0.39893 0.966927
2 0.399695 0.998568
1 0.409967 0.0638608
2 0.407339 0.13907
1 0.410493 0.190789
2 0.408676 0.216781
2 0.406398 0.236911
2 0.410006 0.25545
2 0.406097 0.271938
2 0.410199 0.31001
2 0.410243 0.346988
1 0.410241 0.35937
2 0.405261 0.368962
1 0.409293 0.378723
2 0.409424 0.386443
2 0.409272 0.408247
2 0.410875 0.466274
1 0.409973 0.477237
2 0.406185 0.48521
2 0.406606 0.492822
2 0.407612 0.501124
1 0.404914 0.508621
2 0.407659 0.523572
2 0.406154 0.535882
2 0.409049 0.548926
2 0.405896 0.556464
2 0.408281 0.589464
2 0.408392 0.603448
2 0.409538 0.61867
2 0.408901 0.669916
2 0.406251 0.684104
2 0.406871 0.702953
1 0.41007 0.743
1 0.406737 0.777152
2 0.406959 0.788184
2 0.408637 0.814915
1 0.407753 0.888345
1 0.408593 0.937175
1 0.407009 0.98463
1 0.41399 0.0230202
1 0.416077 0.0457615
1 0.412765 0.169634
0 0.416571 0.234413
2 0.41712 0.242755
2 0.415919 0.271551
0 0.411385 0.281231
2 0.413735 0.32249
2 0.416211 0.373386
2 0.415088 0.396828
2 0.412175 0.423113
2 0.413438 0.434227
2 0.413603 0.445372
2 0.414236 0.453384
2 0.416624 0.474512
2 0.413489 0.484757
2 0.413929 0.492002
2 0.417152 0.508034
2 0.413228 0.515072
2 0.414745 0.524822
1 0.41436 0.536438
2 0.416326 0.548118
2 0.412311 0.567932
1 0.411479 0.577359
2 0.416396 0.58627
2 0.413484 0.59538
2 0.416235 0.612545
2 0.412759 0.6495
2 0.417004 0.667802
2 0.413003 0.693397
1 0.412897 0.712428
2 0.415246 0.721122
2 0.411877 0.732811
2 0.414109 0.765424
2 0.416685 0.777295
2 0.413437 0.799029
0 0.416031 0.830742
2 0.41476 0.850412
1 0.41269 0.916041
1 0.418509 0.0957701
2 0.417683 0.11093
2 0.418353 0.130134
2 0.422147 0.159724
2 0.421309 0.185291
2 0.419885 0.212403
2 0.421997 0.227349
1 0.420324 0.250572
2 0.420747 0.259894
2 0.417741 0.28683
2 0.423251 0.306643
2 0.418833 0.332676
1 0.418972 0.342172
2 0.421166 0.352595
2 0.420903 0.362259
0 0.420265 0.388849
1 0.418621 0.407066
2 0.422163 0.414627
2 0.421982 0.445329
2 0.4224 0.452503
2 0.42014 0.460385
2 0.418381 0.467486
2 0.42075 0.483997
2 0.421563 0.493215
2 0.423202 0.503106
2 0.420696 0.519055
2 0.420596 0.531679
2 0.41738 0.555986
2 0.419735 0.577366
2 0.420232 0.605553
2 0.417915 0.625582
1 0.417367 0.636407
2 0.41968 0.644021
1 0.421351 0.654971
2 0.417548 0.67894
2 0.421709 0.688364
2 0.421721 0.711639
2 0.422467 0.737002
2 0.423066 0.749917
2 0.420812 0.790477
2 0.422749 0.864714
1 0.420707 0.961384
2 0.427938 0.142172
2 0.423822 0.172058
0 0.427023 0.195403
1 0.427001 0.218237
2 0.428418 0.267889
2 0.425638 0.28122
1 0.427682 0.293829
2 0.428446 0.314056
2 0.426782 0.337104
2 0.425427 0.373951
2 0.426942 0.390642
2 0.424925 0.404489
0 0.427143 0.427332
2 0.426275 0.434133
2 0.428968 0.441281
1 0.426369 0.462294
2 0.424624 0.471834
2 0.427579 0.480902
0 0.428144 0.491149
2 0.426976 0.526126
2 0.424857 0.547145
2 0.424494 0.554652
2 0.428457 0.561396
2 0.428129 0.579862
2 0.424483 0.595195
2 0.427576 0.607747
0 0.425663 0.61673
2 0.428019 0.636675
2 0.425851 0.677279
1 0.428435 0.692271
2 0.423578 0.69942
2 0.426946 0.719065
0 0.426453 0.727995
2 0.42402 0.767195
2 0.425284 0.81689
1 0.425299 0.875682
2 0.426443 0.887913
1 0.426652 0.90272
0 0.429408 0.934683
1 0.429217 0.946916
1 0.427135 0.986253
1 0.429661 0.0101122
1 0.430428 0.0593338
1 0.429846 0.130695
1 0.431917 0.164945
2 0.434037 0.187834
2 0.431824 0.24686
2 0.435462 0.258354
2 0.433884 0.307543
0 0.431726 0.322703
2 0.434479 0.340057
2 0.430637 0.348698
2 0.433806 0.366003
2 0.430368 0.381336
2 0.430449 0.415956
2 0.433499 0.432728
2 0.430276 0.450473
2 0.43517 0.469833
2 0.435497 0.498499
2 0.430773 0.504401
2 0.432618 0.51252
2 0.43022 0.537583
2 0.433057 0.555052
2 0.432683 0.572849
2 0.435283 0.599053
2 0.433125 0.621276
2 0.43095 0.647341
2 0.43012 0.660516
0 0.431649 0.667714
2 0.432515 0.685253
2 0.433421 0.707659
2 0.43372 0.731813
2 0.432523 0.741045
2 0.430229 0.756848
1 0.434277 0.782776
2 0.434653 0.796157
1 0.434752 0.808693
2 0.430815 0.82803
1 0.433475 0.837334
2 0.430889 0.847149
1 0.435305 0.970624
0 0.438325 0.0458058
1 0.438487 0.0772811
2 0.436201 0.106668
2 0.438044 0.156883
2 0.439859 0.17682
2 0.441123 0.20858
2 0.439381 0.22591
2 0.439349 0.237738
2 0.437708 0.273019
2 0.436536 0.288291
2 0.441002 0.318384
2 0.439883 0.329532
2 0.437153 0.35357
1 0.436893 0.372307
2 0.440572 0.378806
2 0.436121 0.388462
2 0.436798 0.399442
1 0.436472 0.412643
2 0.437668 0.421514
2 0.440366 0.428561
2 0.438033 0.444985
2 0.438443 0.452193
2 0.435642 0.459776
2 0.440766 0.465158
2 0.438855 0.478635
2 0.43623 0.490904
2 0.441028 0.50922
1 0.438596 0.523221
2 0.437232 0.531718
1 0.436788 0.546378
1 0.435877 0.59129
2 0.437182 0.613769
2 0.437385 0.631301
2 0.436636 0.639268
2 0.43896 0.655385
2 0.438589 0.674472
2 0.435622 0.69648
2 0.436033 0.71611
1 0.439244 0.759661
2 0.436118 0.772963
2 0.438442 0.860694
0 0.438625 0.889013
1 0.444834 0.0317804
2 0.444907 0.132801
1 0.447852 0.235533
2 0.445848 0.258101
2 0.447763 0.280712
1 0.444922 0.289065
2 0.441961 0.297938
2 0.445621 0.335293
2 0.44618 0.348067
2 0.445408 0.394434
2 0.443707 0.405641
2 0.447655 0.446498
1 0.444344 0.456814
2 0.446557 0.474773
2 0.443863 0.490252
2 0.442876 0.501919
2 0.442809 0.516936
2 0.44684 0.526737
2 0.444071 0.535233
2 0.444912 0.545461
2 0.442929 0.554071
0 0.444714 0.564479
2 0.447429 0.579997
2 0.442969 0.588885
1 0.447611 0.612403
2 0.446511 0.629246
1 0.444549 0.639427
1 0.447777 0.657635
2 0.44416 0.66604
1 0.44189 0.68158
2 0.447354 0.701413
1 0.444354 0.711321
1 0.442237 0.735786
2 0.445506 0.751185
2 0.446513 0.783814
2 0.447108 0.795729
2 0.443835 0.82796
2 0.444468 0.84378
2 0.442257 0.875504
1 0.444919 0.908486
1 0.444685 0.924957
0 0.445617 0.985489
2 0.448098 0.0900802
1 0.44854 0.104051
2 0.449429 0.161328
1 0.451104 0.183338
2 0.448495 0.197997
2 0.450355 0.246311
2 0.448807 0.270961
1 0.448362 0.312562
2 0.449129 0.322851
1 0.453952 0.331595
1 0.453593 0.348047
2 0.448802 0.361178
2 0.45041 0.368908
1 0.450902 0.404957
2 0.448498 0.413128
2 0.451168 0.42352
2 0.448643 0.434008
2 0.452825 0.46164
2 0.453234 0.469123
1 0.453644 0.475729
2 0.451331 0.482055
2 0.448201 0.495718
1 0.452748 0.504349
2 0.449399 0.511235
2 0.452505 0.518101
2 0.450783 0.556379
2 0.451511 0.567356
2 0.45043 0.591246
2 0.449204 0.602216
2 0.452614 0.642476
2 0.452638 0.651158
2 0.452531 0.6655
2 0.448053 0.719002
2 0.452634 0.730132
2 0.448765 0.742086
2 0.450314 0.76146
0 0.452257 0.774711
2 0.450017 0.806382
1 0.450881 0.8673
1 0.4488 0.949681
1 0.459326 0.0119521
1 0.45901 0.0590865
2 0.45612 0.114104
0 0.454023 0.145499
2 0.455567 0.209417
2 0.457041 0.226194
1 0.454892 0.254607
2 0.459217 0.261847
2 0.454179 0.289497
2 0.455008 0.298765
2 0.456508 0.307584
2 0.459988 0.337532
2 0.455775 0.355906
0 0.454216 0.377059
2 0.457076 0.387007
2 0.457735 0.399027
2 0.457371 0.416238
2 0.459863 0.429626
2 0.457357 0.441881
2 0.459895 0.474466
2 0.458628 0.483879
2 0.456766 0.49272
2 0.458543 0.509808
1 0.459016 0.529607
2 0.455136 0.536893
2 0.456149 0.545205
2 0.457041 0.552291
2 0.456837 0.561584
1 0.456594 0.58648
2 0.45912 0.598944
2 0.454104 0.609746
2 0.45495 0.621681
2 0.454378 0.674201
2 0.455596 0.686987
0 0.457678 0.69459
2 0.457013 0.714125
2 0.459774 0.742401
2 0.456516 0.785828
1 0.45974 0.801566
2 0.455031 0.819754
2 0.455273 0.834088
2 0.456915 0.848638
2 0.45669 0.886027
1 0.459914 0.897385
2 0.463641 0.127552
2 0.46465 0.141168
2 0.462754 0.161504
2 0.461855 0.17539
2 0.46479 0.191495
2 0.46538 0.205712
1 0.465071 0.21739
2 0.465397 0.250181
2 0.461396 0.272025
1 0.461312 0.281965
2 0.465384 0.311394
2 0.46221 0.322677
2 0.460336 0.345586
2 0.463045 0.365246
2 0.460444 0.372688
1 0.461978 0.392973
0 0.465296 0.419254
2 0.464428 0.440431
1 0.462945 0.448092
2 0.46156 0.45491
2 0.460356 0.463575
2 0.464329 0.496618
2 0.462657 0.520102
2 0.465759 0.553526
2 0.460297 0.569639
2 0.465464 0.58245
2 0.464213 0.589903
1 0.46299 0.606015
2 0.464211 0.612623
2 0.463167 0.634314
2 0.460353 0.643124
2 0.46126 0.652642
2 0.462599 0.670826
2 0.46162 0.680075
2 0.466171 0.694491
2 0.463278 0.704945
1 0.464584 0.71436
2 0.466179 0.72639
2 0.462761 0.75134
2 0.46115 0.774839
2 0.464718 0.810098
2 0.461061 0.911687
1 0.462952 0.924824
1 0.465396 0.961647
1 0.470121 0.0394319
2 0.46713 0.0802543
0 0.471434 0.0926545
2 0.470745 0.105203
1 0.466662 0.237727
2 0.467974 0.287257
2 0.466475 0.297778
2 0.467438 0.334303
0 0.467862 0.343161
2 0.467946 0.35607
2 0.470684 0.368841
2 0.467784 0.382333
2 0.468612 0.393214
2 0.468411 0.407642
2 0.467024 0.429619
2 0.470141 0.450473
2 0.469882 0.472353
2 0.466514 0.478299
2 0.470591 0.48434
2 0.468336 0.502658
2 0.469962 0.509452
2 0.469777 0.530271
2 0.467062 0.538098
2 0.46841 0.546417
2 0.468582 0.560802
1 0.472032 0.566534
2 0.472018 0.577989
2 0.471973 0.589918
2 0.469444 0.599707
2 0.471769 0.607101
2 0.470142 0.617561
2 0.471057 0.645802
2 0.471799 0.68496
1 0.466446 0.737297
1 0.468233 0.760286
2 0.46815 0.78663
1 0.471483 0.827586
2 0.470642 0.84555
2 0.469677 0.878756
2 0.471634 0.939607
1 0.469275 0.99537
1 0.47668 0.0695209
1 0.475559 0.120806
2 0.477656 0.146365
1 0.477166 0.168951
2 0.473774 0.220026
1 0.474339 0.254467
2 0.473471 0.268863
2 0.474624 0.279121
1 0.474657 0.322435
2 0.474809 0.337983
1 0.475661 0.357638
2 0.478359 0.375081
2 0.478298 0.399722
2 0.473645 0.414694
2 0.478171 0.420903
2 0.475669 0.431489
2 0.474786 0.440839
2 0.474501 0.462732
2 0.477201 0.474224
2 0.474527 0.495707
2 0.47568 0.516867
2 0.477966 0.527728
2 0.472824 0.554944
2 0.478471 0.560407
2 0.478468 0.585202
2 0.475752 0.623362
1 0.47424 0.63091
0 0.47293 0.653568
2 0.473918 0.660594
2 0.474154 0.670148
2 0.478154 0.677302
1 0.473953 0.695707
2 0.472411 0.705522
2 0.474792 0.716252
2 0.474378 0.736811
2 0.477492 0.757383
2 0.477785 0.77375
1 0.478008 0.78581
2 0.47713 0.794615
1 0.473263 0.857546
2 0.474055 0.892074
1 0.477738 0.902488
0 0.482315 0.02718
2 0.484175 0.130787
2 0.482497 0.178346
1 0.483559 0.18928
2 0.480919 0.207044
2 0.483857 0.222735
2 0.478878 0.231757
2 0.47934 0.242179
2 0.483654 0.257569
1 0.482449 0.281712
2 0.480096 0.292276
1 0.478645 0.303721
2 0.47994 0.317415
2 0.479386 0.330072
2 0.482995 0.339678
2 0.480283 0.348493
2 0.482473 0.367312
2 0.481577 0.381867
2 0.479236 0.389648
2 0.484257 0.429787
2 0.481757 0.436554
2 0.483358 0.447097
1 0.481609 0.459325
2 0.482742 0.465707
2 0.480726 0.480385
0 0.479577 0.488342
2 0.479694 0.500237
1 0.479482 0.508752
2 0.482687 0.519927
1 0.479073 0.537688
2 0.482447 0.548352
2 0.48377 0.569088
2 0.48058 0.575824
0 0.481487 0.598359
2 0.479633 0.608821
2 0.481902 0.640948
2 0.483541 0.654565
1 0.483019 0.667003
2 0.482704 0.690231
2 0.482015 0.72615
0 0.479681 0.807774
2 0.481074 0.816784
2 0.482338 0.851797
2 0.481789 0.864492
1 0.483343 0.882222
1 0.479713 0.926071
0 0.483868 0.978045
1 0.486214 0.0506554
2 0.488901 0.0821742
2 0.48871 0.156784
0 0.487096 0.26601
2 0.485964 0.274563
2 0.489667 0.318106
2 0.488129 0.329757
2 0.488267 0.355638
2 0.488838 0.372676
2 0.488797 0.399074
2 0.484807 0.408003
1 0.485898 0.422383
2 0.490441 0.453201
2 0.489027 0.460766
2 0.488651 0.477251
2 0.485914 0.486733
2 0.486965 0.50035
2 0.487263 0.511737
2 0.490606 0.52857
2 0.490715 0.53546
2 0.489902 0.548041
2 0.490234 0.565634
2 0.48867 0.57693
2 0.487015 0.586226
2 0.487576 0.594415
2 0.486366 0.603176
2 0.488768 0.612179
1 0.486101 0.619535
2 0.486104 0.627194
2 0.487486 0.70068
1 0.486 0.708413
2 0.489632 0.717531
2 0.487474 0.733986
0 0.484905 0.741937
2 0.487951 0.753242
1 0.489572 0.768066
2 0.485446 0.779978
2 0.489993 0.797449
2 0.486723 0.838744
2 0.488288 0.896222
0 0.487727 0.915717
1 0.48993 0.938425
1 0.49095 0.102517
2 0.496281 0.11943
1 0.494055 0.140646
2 0.490897 0.210849
0 0.494166 0.225494
2 0.491473 0.240325
2 0.493498 0.283924
2 0.491589 0.295958
2 0.496832 0.310781
1 0.49534 0.330115
2 0.494111 0.340586
1 0.492136 0.389182
2 0.491183 0.413397
2 0.491282 0.430332
2 0.495055 0.443709
2 0.495539 0.481637
2 0.490871 0.49126
2 0.494316 0.50374
2 0.49357 0.522244
2 0.49476 0.542638
1 0.491895 0.555186
2 0.495734 0.575571
2 0.49672 0.615509
2 0.496091 0.623578
2 0.49123 0.642051
2 0.494614 0.651506
2 0.495048 0.666727
2 0.494202 0.681513
0 0.494545 0.694224
2 0.496542 0.712332
1 0.495066 0.725296
2 0.496265 0.747614
1 0.496644 0.81735
2 0.495336 0.882918
1 0.493404 0.954487
1 0.492471 0.996974
1 0.497019 0.0158668
2 0.501902 0.0956383
2 0.498735 0.181426
2 0.497511 0.193997
2 0.502366 0.20854
2 0.50038 0.235548
1 0.501365 0.250667
2 0.497382 0.261843
2 0.501994 0.270213
0 0.497661 0.302375
2 0.502451 0.342063
2 0.497781 0.362223
2 0.498046 0.376144
2 0.499458 0.389252
2 0.499999 0.398096
1 0.499203 0.40802
2 0.498099 0.435156
0 0.499944 0.454627
2 0.498183 0.465374
1 0.497308 0.474527
2 0.498959 0.489502
1 0.497892 0.497248
2 0.497228 0.515048
1 0.502452 0.519787
2 0.498002 0.532888
2 0.50065 0.550238
2 0.498486 0.558246
2 0.49963 0.583107
2 0.498784 0.59224
2 0.497327 0.602396
1 0.502705 0.625139
2 0.499063 0.644418
2 0.499597 0.659258
2 0.501998 0.676334
2 0.500126 0.703784
2 0.497179 0.733298
2 0.498636 0.758881
2 0.498831 0.768667
2 0.500692 0.781419
2 0.501672 0.804553
2 0.501919 0.825032
2 0.500312 0.840159
2 0.501595 0.868113
2 0.498241 0.907901
2 0.501579 0.92855
1 0.500482 0.977277
1 0.503315 0.0361929
2 0.506346 0.0544527
2 0.507305 0.133071
2 0.504622 0.158765
2 0.508851 0.17366
2 0.509033 0.195287
2 0.506603 0.223275
2 0.504891 0.286021
2 0.505886 0.295581
2 0.506664 0.306363
2 0.506182 0.314629
2 0.505262 0.324253
2 0.504982 0.333766
2 0.503729 0.352667
1 0.504446 0.369935
2 0.503658 0.382934
2 0.506742 0.393213
2 0.508351 0.41998
2 0.504156 0.430517
2 0.509153 0.457473
2 0.503701 0.476818
2 0.507102 0.484831
2 0.506575 0.493537
2 0.506268 0.50784
2 0.505497 0.526724
2 0.505385 0.535062
2 0.506984 0.558355
2 0.50651 0.565494
1 0.503484 0.571836
2 0.508489 0.585369
2 0.504581 0.603286
1 0.508586 0.609539
2 0.503435 0.638035
1 0.506846 0.644855
0 0.508886 0.658692
2 0.503126 0.685953
2 0.504499 0.69636
2 0.508377 0.718756
2 0.50849 0.729592
0 0.50792 0.77621
2 0.504895 0.791125
1 0.508803 0.799203
0 0.504516 0.850388
1 0.508088 0.877368
1 0.508773 0.895458
1 0.507625 0.915682
1 0.506954 0.942159
1 0.511524 0.067018
0 0.515111 0.119549
1 0.50972 0.214312
2 0.509407 0.238951
2 0.511818 0.253326
2 0.512439 0.280128
2 0.514432 0.289134
1 0.514776 0.303742
2 0.514927 0.3122
1 0.514076 0.321964
2 0.51305 0.338655
2 0.513198 0.347377
0 0.510587 0.35571
2 0.511669 0.377073
2 0.51239 0.387804
2 0.510453 0.399609
2 0.514396 0.411327
2 0.509556 0.437133
2 0.509815 0.444834
2 0.515139 0.476102
2 0.515031 0.50013
2 0.510444 0.540589
2 0.509983 0.548481
2 0.514067 0.557173
2 0.513765 0.577246
2 0.511988 0.601691
2 0.511954 0.621374
2 0.512712 0.628853
2 0.513691 0.636918
2 0.511917 0.667877
2 0.514536 0.67571
2 0.512916 0.693083
2 0.510456 0.703932
1 0.509591 0.73955
2 0.511467 0.756202
2 0.513233 0.78379
2 0.515207 0.824041
2 0.511201 0.858262
0 0.510232 0.954146
1 0.517509 0.0142297
2 0.517821 0.0952391
2 0.520197 0.152219
2 0.519904 0.166791
0 0.517632 0.180516
2 0.515919 0.207096
2 0.520129 0.222016
1 0.52064 0.238472
1 0.517598 0.268514
2 0.521395 0.280494
2 0.520327 0.333965
2 0.51828 0.355219
2 0.518993 0.363217
1 0.518579 0.383405
2 0.521006 0.39556
2 0.520692 0.415211
1 0.516882 0.422136
2 0.517221 0.431157
1 0.520438 0.439354
2 0.521401 0.452739
1 0.51739 0.460378
2 0.517909 0.469866
2 0.515831 0.487549
1 0.520239 0.506825
2 0.517812 0.519664
2 0.51577 0.526428
2 0.515586 0.534358
0 0.516276 0.544429
2 0.517039 0.568067
2 0.518353 0.583839
2 0.518958 0.613772
2 0.517504 0.686214
2 0.519618 0.717431
2 0.517697 0.735882
1 0.519357 0.762979
2 0.517359 0.773665
2 0.520175 0.797018
2 0.515962 0.810203
1 0.520738 0.834188
2 0.520199 0.847773
2 0.520275 0.932074
1 0.519659 0.966166
1 0.515751 0.986196
1 0.525462 0.0527345
2 0.521812 0.136579
2 0.523021 0.192722
2 0.527082 0.23171
2 0.523213 0.247617
2 0.526112 0.256507
2 0.526918 0.297023
1 0.522435 0.341905
2 0.525289 0.370063
2 0.527301 0.390942
2 0.521563 0.406944
2 0.527396 0.418751
2 0.527531 0.426678
2 0.526704 0.45971
2 0.52382 0.466013
2 0.522874 0.475394
2 0.527363 0.481825
1 0.521753 0.485999
2 0.524853 0.495094
2 0.523111 0.513426
2 0.525947 0.524163
2 0.521786 0.530418
2 0.52409 0.543835
2 0.524404 0.550587
2 0.52309 0.558937
2 0.525114 0.566136
1 0.522519 0.573831
0 0.523964 0.589747
2 0.523769 0.605753
2 0.522258 0.631649
1 0.522544 0.645488
2 0.524965 0.658913
2 0.521477 0.666841
1 0.524752 0.675516
2 0.522933 0.698987
1 0.523299 0.70896
2 0.526299 0.754818
2 0.527065 0.774314
2 0.52698 0.87815
2 0.521515 0.905779
1 0.524892 0.916562
1 0.53174 0.106033
2 0.530408 0.121817
2 0.530029 0.173904
2 0.528407 0.210756
2 0.531557 0.222344
2 0.531865 0.264216
2 0.528162 0.313004
2 0.53211 0.322777
2 0.530747 0.34793
1 0.53335 0.363496
2 0.530175 0.379418
2 0.529352 0.398536
0 0.529883 0.40749
2 0.529692 0.434993
2 0.528949 0.447168
2 0.532719 0.468477
2 0.532116 0.491731
2 0.528536 0.501102
2 0.529325 0.508435
1 0.533401 0.517997
2 0.533399 0.566908
2 0.533241 0.574998
2 0.529582 0.594246
1 0.527855 0.617143
2 0.533674 0.641943
2 0.533265 0.65705
1 0.527993 0.690804
2 0.528556 0.714111
2 0.530162 0.727095
1 0.52798 0.741739
2 0.528073 0.764786
1 0.527888 0.790065
2 0.532199 0.799325
0 0.530724 0.809373
2 0.528839 0.82481
2 0.529386 0.8392
1 0.528581 0.865152
1 0.52837 0.891204
1 0.533535 0.931012
1 0.529192 0.952145
2 0.534357 0.0826817
2 0.535465 0.143454
2 0.533969 0.192042
2 0.535209 0.240943
2 0.537261 0.255787
2 0.53854 0.280711
1 0.53688 0.288618
2 0.536303 0.303104
2 0.539601 0.327582
2 0.535785 0.336274
2 0.539624 0.354275
1 0.538265 0.38852
2 0.536548 0.409723
2 0.538764 0.417947
2 0.539438 0.433877
2 0.534325 0.441192
2 0.535432 0.458813
2 0.53429 0.475407
0 0.539672 0.501693
2 0.533793 0.530265
2 0.535792 0.538637
2 0.535922 0.549385
2 0.535572 0.58639
2 0.538244 0.609736
2 0.534563 0.626795
1 0.536588 0.635058
1 0.537965 0.65042
0 0.537504 0.667953
2 0.534595 0.675364
2 0.536182 0.689863
2 0.536881 0.699252
2 0.535152 0.707936
2 0.536985 0.717188
2 0.534656 0.747373
2 0.538034 0.756941
2 0.535627 0.7834
2 0.539479 0.817416
2 0.535404 0.852275
1 0.538108 0.980594
1 0.542072 0.00084085
0 0.541132 0.0338302
1 0.540135 0.0689549
2 0.540294 0.159895
1 0.545535 0.180514
2 0.540599 0.211114
1 0.540829 0.221652
2 0.54209 0.230964
0 0.545212 0.239867
2 0.545567 0.249525
1 0.541979 0.267359
2 0.543353 0.296501
2 0.54029 0.317965
1 0.540901 0.345121
2 0.545161 0.361077
2 0.541366 0.370749
2 0.541422 0.381398
2 0.542014 0.403787
2 0.540415 0.426796
2 0.542175 0.441067
1 0.540031 0.447337
2 0.545004 0.460345
1 0.544092 0.472913
2 0.541304 0.494573
2 0.545797 0.500894
2 0.539896 0.510591
2 0.541008 0.521929
2 0.5453 0.537617
1 0.541854 0.551703
2 0.541873 0.55833
2 0.544905 0.568758
2 0.544246 0.57607
2 0.541631 0.582581
1 0.54167 0.589486
2 0.541172 0.599633
1 0.544667 0.605559
2 0.540053 0.617834
2 0.542345 0.631094
2 0.543547 0.676917
1 0.545883 0.702779
1 0.54405 0.722218
2 0.542899 0.734859
1 0.542328 0.774241
2 0.541533 0.792114
1 0.54166 0.833514
2 0.543858 0.843188
2 0.540694 0.867314
0 0.541907 0.905796
2 0.546228 0.0994864
2 0.548282 0.120061
1 0.549272 0.135823
2 0.546268 0.195193
2 0.549652 0.261547
2 0.548504 0.272541
2 0.54722 0.286133
2 0.546528 0.305677
1 0.549252 0.317708
2 0.548273 0.3263
2 0.551222 0.336703
2 0.55044 0.34987
1 0.550142 0.370965
2 0.550833 0.392038
2 0.55032 0.40905
1 0.546447 0.416636
2 0.549208 0.428178
2 0.551971 0.473247
2 0.550506 0.481858
2 0.547022 0.489266
2 0.549018 0.513688
1 0.550174 0.527662
2 0.551457 0.55917
1 0.551886 0.56949
2 0.549003 0.584801
2 0.547796 0.615521
0 0.546308 0.622836
2 0.550856 0.632054
2 0.546598 0.638629
2 0.552047 0.644138
2 0.548192 0.661315
2 0.550701 0.668882
1 0.54973 0.6821
2 0.550452 0.708981
2 0.547192 0.753024
2 0.546818 0.808074
2 0.549141 0.886605
2 0.546083 0.920606
0 0.546949 0.960903
1 0.554896 0.0172645
2 0.552157 0.147727
2 0.555213 0.160147
2 0.553131 0.172065
1 0.553086 0.20332
2 0.553213 0.213384
2 0.554451 0.234906
2 0.555245 0.251611
2 0.55562 0.294177
2 0.555703 0.307843
2 0.556453 0.355223
2 0.558017 0.364949
2 0.556108 0.38334
2 0.557779 0.400607
2 0.55611 0.423577
2 0.552599 0.438634
2 0.552753 0.45217
2 0.556706 0.462479
2 0.557991 0.477741
2 0.553599 0.501866
2 0.557162 0.512718
2 0.556244 0.536133
2 0.554701 0.546595
2 0.556342 0.579803
2 0.555434 0.588732
2 0.55732 0.599364
1 0.557768 0.661224
2 0.553799 0.69416
2 0.552534 0.717916
2 0.556885 0.727524
0 0.554623 0.743721
2 0.557566 0.760663
2 0.552567 0.769115
2 0.556995 0.777887
2 0.554316 0.788638
2 0.554115 0.827654
1 0.552186 0.853709
1 0.557387 0.925891
1 0.558128 0.971614
1 0.559844 0.0494432
1 0.558419 0.106215
2 0.561236 0.198025
2 0.561254 0.278667
1 0.56285 0.289507
2 0.561977 0.301364
2 0.562896 0.31563
2 0.559429 0.328598
0 0.562399 0.349044
2 0.563588 0.411009
2 0.56228 0.430827
0 0.561625 0.442104
2 0.560492 0.470816
1 0.558386 0.487925
1 0.559413 0.506585
2 0.558596 0.525678
2 0.562824 0.543435
2 0.558902 0.556454
2 0.563707 0.563196
0 0.562725 0.588423
2 0.559188 0.620166
2 0.560099 0.630377
1 0.559063 0.640627
2 0.561725 0.648353
2 0.561061 0.674543
2 0.560012 0.685519
2 0.563436 0.705745
1 0.562818 0.715771
2 0.561207 0.748817
1 0.559846 0.810935
2 0.563079 0.819355
2 0.558843 0.861307
2 0.558324 0.875148
1 0.561425 0.942698
1 0.562454 0.989159
2 0.570539 0.032262
0 0.568854 0.0614859
1 0.566082 0.0775155
2 0.565513 0.0936554
2 0.564888 0.124521
2 0.565848 0.146135
1 0.566512 0.163709
2 0.564964 0.185603
2 0.566107 0.212365
2 0.564801 0.230238
1 0.564685 0.25718
2 0.565454 0.267858
1 0.570147 0.321616
2 0.565708 0.337006
2 0.568608 0.358628
1 0.570292 0.370802
2 0.565577 0.384673
2 0.564462 0.394315
1 0.564755 0.401569
1 0.564534 0.421765
2 0.568882 0.437744
2 0.566242 0.463048
2 0.569405 0.471112
2 0.568313 0.478181
2 0.570423 0.491713
2 0.565026 0.498707
2 0.565695 0.511267
1 0.57042 0.523946
2 0.5673 0.533212
0 0.568524 0.546294
2 0.568813 0.555105
2 0.566174 0.576253
2 0.565762 0.599434
1 0.564779 0.609152
2 0.570382 0.622949
2 0.569581 0.631023
2 0.565829 0.639129
0 0.567822 0.651647
2 0.566472 0.663337
2 0.569469 0.670982
1 0.566884 0.688164
2 0.570026 0.742689
1 0.566518 0.755122
0 0.569054 0.780799
2 0.565764 0.791632
2 0.566153 0.80234
2 0.570488 0.835293
2 0.566307 0.849882
1 0.564709 0.88579
2 0.56829 0.903295
1 0.574571 0.00975723
1 0.572384 0.220172
2 0.570824 0.245416
2 0.57432 0.257881
2 0.572301 0.285969
2 0.572543 0.296267
2 0.570584 0.30697
2 0.574608 0.33189
2 0.573805 0.35186
2 0.574345 0.36481
2 0.575534 0.376351
2 0.573725 0.391851
2 0.573337 0.403198
2 0.571552 0.422853
2 0.575336 0.430242
2 0.575682 0.44811
1 0.572766 0.454984
0 0.575023 0.478595
2 0.573267 0.510434
2 0.574222 0.549568
1 0.570622 0.564896
2 0.572015 0.584669
2 0.570737 0.615276
2 0.576634 0.645236
2 0.574772 0.687087
2 0.570742 0.697172
2 0.573088 0.70791
2 0.570735 0.726338
2 0.576477 0.766605
2 0.574678 0.819661
2 0.574859 0.860605
2 0.571456 0.921515
1 0.574044 0.955985
1 0.579168 0.0503644
2 0.577822 0.137553
2 0.581203 0.16002
2 0.578125 0.179903
1 0.57685 0.193182
2 0.578781 0.228853
1 0.581705 0.240782
2 0.578799 0.278442
2 0.582542 0.301517
2 0.580578 0.313588
2 0.58131 0.323871
2 0.579627 0.345393
1 0.580834 0.388641
2 0.577727 0.414258
2 0.582598 0.426461
2 0.580423 0.437302
2 0.578652 0.461911
2 0.577402 0.470875
2 0.578384 0.486432
1 0.58047 0.4934
2 0.577696 0.504499
2 0.576732 0.516958
2 0.581076 0.527602
2 0.5781 0.543116
2 0.581163 0.558322
2 0.582747 0.576367
2 0.579334 0.593128
1 0.58104 0.603665
2 0.57889 0.613252
1 0.577045 0.624299
2 0.57721 0.633761
2 0.578352 0.654316
1 0.579714 0.661244
2 0.579338 0.671602
2 0.582326 0.681055
1 0.580707 0.696903
2 0.576903 0.715888
2 0.578368 0.734188
2 0.578926 0.748075
2 0.578638 0.779996
2 0.577571 0.796841
2 0.579139 0.880817
1 0.580181 0.896727
0 0.582129 0.934408
1 0.582713 0.992137
1 0.585863 0.023474
2 0.585622 0.0931592
2 0.583851 0.113743
2 0.583507 0.206777
2 0.583715 0.219169
2 0.583674 0.254201
2 0.582877 0.26822
2 0.58894 0.291655
2 0.584653 0.332774
2 0.582856 0.359547
2 0.584807 0.370394
2 0.58689 0.381177
2 0.58866 0.402716
2 0.586228 0.458033
2 0.585591 0.477699
2 0.586249 0.502087
0 0.587845 0.512539
2 0.584913 0.51962
2 0.584635 0.535134
2 0.587737 0.543966
1 0.588699 0.55614
2 0.583192 0.567755
2 0.58401 0.584139
2 0.585381 0.597461
2 0.588449 0.62289
2 0.584944 0.643154
2 0.587986 0.661149
2 0.587784 0.702967
2 0.585399 0.724273
2 0.58727 0.769051
1 0.584917 0.788925
2 0.586717 0.829687
1 0.588265 0.84023
2 0.586692 0.854046
1 0.585866 0.915908
2 0.589611 0.0730355
2 0.593163 0.12802
2 0.590901 0.144626
2 0.593344 0.224396
2 0.594172 0.2361
2 0.590683 0.247171
2 0.590901 0.277379
2 0.594516 0.300662
2 0.5894 0.318388
1 0.591816 0.326066
2 0.589724 0.346954
2 0.5927 0.359305
2 0.593635 0.36873
2 0.588989 0.392504
1 0.59005 0.411752
2 0.593362 0.417728
1 0.593744 0.432985
2 0.590596 0.441147
2 0.589098 0.449015
2 0.594833 0.459669
1 0.589117 0.46759
2 0.595091 0.490819
2 0.590307 0.525551
2 0.594693 0.552897
2 0.590997 0.568399
2 0.592182 0.587875
2 0.592466 0.603123
1 0.593059 0.615589
2 0.590284 0.632582
2 0.590015 0.65331
0 0.590437 0.67945
2 0.590789 0.687738
1 0.589022 0.71218
2 0.595088 0.731495
2 0.589577 0.749889
0 0.592698 0.822396
1 0.591672 0.863555
2 0.59344 0.899834
1 0.59315 0.944535
0 0.590641 0.978197
1 0.597785 0.041418
2 0.600495 0.111693
0 0.597251 0.160116
2 0.598997 0.186901
2 0.597392 0.206187
1 0.600013 0.251356
0 0.600997 0.270288
2 0.597592 0.334163
2 0.60088 0.364874
0 0.598151 0.376003
2 0.595784 0.385713
2 0.596584 0.397071
2 0.596188 0.426896
2 0.598499 0.437646
1 0.599766 0.449524
2 0.596768 0.467394
2 0.600388 0.474053
2 0.597035 0.48275
1 0.600147 0.495932
2 0.596156 0.503916
2 0.597528 0.519419
1 0.597809 0.541685
2 0.5977 0.559682
1 0.59979 0.570743
2 0.597225 0.57999
2 0.599044 0.591003
0 0.598063 0.599294
2 0.600182 0.62694
1 0.595309 0.642995
1 0.597893 0.660693
2 0.596888 0.668516
1 0.599156 0.696267
2 0.597963 0.714437
1 0.600317 0.744374
2 0.600983 0.769708
2 0.597175 0.779015
2 0.597416 0.792389
2 0.597036 0.804084
2 0.597384 0.843658
0 0.600177 0.884452
2 0.598495 0.932347
1 0.601922 0.0101401
1 0.603622 0.0678341
2 0.603869 0.170236
2 0.605626 0.196614
1 0.605066 0.217384
2 0.604701 0.228949
2 0.605725 0.244741
2 0.606009 0.282851
1 0.602089 0.293129
2 0.601281 0.316199
2 0.604952 0.325534
2 0.606983 0.346223
2 0.603388 0.356752
2 0.604346 0.405892
2 0.60523 0.414372
2 0.605202 0.423743
0 0.606489 0.469457
2 0.605382 0.51316
2 0.606205 0.530544
2 0.606891 0.539259
2 0.604574 0.55053
2 0.603738 0.615529
2 0.604314 0.645982
2 0.603154 0.655856
2 0.605287 0.721117
2 0.606581 0.737408
2 0.605642 0.752824
2 0.603222 0.816346
2 0.602916 0.859026
1 0.604807 0.904942
1 0.603862 0.96761
1 0.612592 0.103588
1 0.61275 0.188267
2 0.612602 0.261537
2 0.610937 0.271568
2 0.611028 0.290827
2 0.608501 0.301298
2 0.611438 0.319236
1 0.613432 0.351271
2 0.611589 0.368994
2 0.611497 0.378772
1 0.607566 0.389284
2 0.612004 0.400659
2 0.609124 0.434681
2 0.611786 0.442324
2 0.607822 0.448838
2 0.607788 0.458971
2 0.610325 0.475755
2 0.607972 0.487181
2 0.607629 0.497491
1 0.609776 0.518607
2 0.613302 0.550772
2 0.611404 0.561243
2 0.611931 0.577033
2 0.613177 0.58521
2 0.607958 0.591316
1 0.611748 0.597559
2 0.608621 0.606815
2 0.613284 0.616479
0 0.608271 0.632714
2 0.612683 0.652608
2 0.610936 0.662614
2 0.608098 0.671006
2 0.6084 0.682106
0 0.610747 0.712537
1 0.613375 0.730926
2 0.610113 0.762891
2 0.608899 0.792232
2 0.608139 0.802921
2 0.611747 0.827601
1 0.609629 0.847665
1 0.608099 0.990529
2 0.616241 0.0857281
1 0.616402 0.135236
2 0.613625 0.152842
2 0.615494 0.219673
2 0.615078 0.239043
2 0.616321 0.279773
2 0.618564 0.298197
2 0.617434 0.30878
1 0.617273 0.326277
2 0.617299 0.392141
2 0.614749 0.40951
1 0.618868 0.416178
2 0.615496 0.430009
0 0.616066 0.437176
2 0.614914 0.463232
2 0.615439 0.485726
2 0.615741 0.494153
2 0.617403 0.502428
2 0.615217 0.512204
2 0.619073 0.52332
2 0.619444 0.535076
1 0.618489 0.54214
2 0.618273 0.593924
2 0.617351 0.632686
2 0.613759 0.643408
1 0.617937 0.673734
2 0.617415 0.681462
1 0.61687 0.694715
2 0.618697 0.706951
2 0.616679 0.723301
2 0.613598 0.743893
2 0.615347 0.753266
0 0.615079 0.780045
1 0.619176 0.819937
2 0.618862 0.840985
2 0.616877 0.874308
2 0.616783 0.900311
0 0.622408 0.0187539
0 0.622648 0.0610078
2 0.624177 0.167967
2 0.620095 0.180246
2 0.620372 0.203363
2 0.625559 0.239037
2 0.624756 0.289894
2 0.622091 0.317095
2 0.619707 0.338955
2 0.620163 0.365772
1 0.625254 0.37596
2 0.622889 0.384604
2 0.622548 0.40426
2 0.621528 0.423704
2 0.620903 0.446843
1 0.621944 0.456471
1 0.625529 0.507435
2 0.621925 0.551626
2 0.619843 0.562044
2 0.62052 0.570401
0 0.622904 0.577813
2 0.621952 0.603672
2 0.619781 0.61179
2 0.624407 0.624416
1 0.62037 0.646941
2 0.625513 0.652418
2 0.624539 0.728723
2 0.624468 0.74099
1 0.625557 0.750296
2 0.62126 0.764615
2 0.622315 0.81059
0 0.625203 0.923982
1 0.620046 0.951152
1 0.63058 0.0827434
2 0.631169 0.099905
2 0.630077 0.117878
2 0.630479 0.212783
2 0.627061 0.251412
2 0.626509 0.263959
2 0.625999 0.276689
2 0.627928 0.308723
2 0.625827 0.349995
2 0.627867 0.361742
2 0.628995 0.409986
2 0.62801 0.418908
2 0.630797 0.426604
2 0.625817 0.436405
2 0.629171 0.450904
1 0.627423 0.471344
2 0.630491 0.478011
1 0.629079 0.487022
2 0.627065 0.494001
2 0.625822 0.518491
2 0.628929 0.526683
2 0.627998 0.539325
2 0.629367 0.55947
2 0.628855 0.570801
2 0.630375 0.57975
2 0.629481 0.598726
1 0.631293 0.605889
2 0.626365 0.635109
2 0.630999 0.642574
2 0.62806 0.6613
2 0.627349 0.681016
2 0.631143 0.694582
2 0.6318 0.709366
2 0.631854 0.718933
2 0.629006 0.772128
2 0.629233 0.801134
2 0.628768 0.855007
1 0.626593 0.869274
1 0.628822 0.893194
1 0.627015 0.979675
1 0.636419 0.0365786
2 0.637323 0.14793
2 0.636107 0.185801
2 0.637826 0.203961
0 0.635636 0.228816
2 0.636635 0.263558
1 0.634137 0.272041
2 0.632321 0.283772
1 0.636374 0.304579
2 0.632716 0.320275
2 0.634325 0.333774
1 0.635172 0.347424
2 0.637506 0.369016
2 0.634839 0.38486
2 0.63367 0.3966
1 0.631931 0.403366
2 0.637436 0.413979
2 0.637408 0.422307
2 0.637837 0.431419
1 0.635495 0.444758
2 0.632714 0.458466
2 0.636999 0.486062
2 0.6375 0.498782
2 0.637084 0.517868
1 0.636637 0.534385
2 0.635795 0.544117
2 0.633269 0.551712
1 0.63773 0.581289
1 0.632337 0.628867
1 0.63716 0.672974
2 0.634233 0.733992
2 0.632302 0.760083
2 0.635115 0.792046
2 0.632727 0.819531
1 0.634408 0.839756
2 0.634942 0.876189
1 0.639057 0.0096804
1 0.640484 0.10946
2 0.641304 0.130719
2 0.638672 0.166441
2 0.641457 0.240156
2 0.641396 0.25357
2 0.641726 0.277444
2 0.638531 0.293296
2 0.642553 0.313675
2 0.642913 0.32966
2 0.642183 0.342255
2 0.644135 0.35672
2 0.64153 0.401746
2 0.641521 0.449067
2 0.639768 0.4631
2 0.639067 0.473673
2 0.639076 0.510184
2 0.641451 0.527913
2 0.639203 0.55964
2 0.639269 0.568152
2 0.640829 0.595564
2 0.638667 0.604615
2 0.639912 0.613221
2 0.643832 0.624008
2 0.638178 0.638425
0 0.640088 0.65553
2 0.643591 0.666935
2 0.642827 0.678784
2 0.640911 0.688629
1 0.639582 0.704129
2 0.643194 0.722918
2 0.641937 0.750807
2 0.643317 0.769917
2 0.642819 0.802149
1 0.64981 0.170839
1 0.647976 0.206049
2 0.649064 0.22036
2 0.647325 0.372688
0 0.645289 0.388707
2 0.648914 0.406386
2 0.645312 0.415879
1 0.646199 0.432671
1 0.649059 0.451403
1 0.645103 0.468568
2 0.64467 0.486421
1 0.646798 0.497
2 0.648101 0.504614
0 0.646405 0.514564
2 0.648752 0.53472
2 0.644929 0.554057
2 0.650077 0.568069
2 0.644342 0.584081
2 0.64907 0.594068
0 0.648961 0.615615
2 0.647768 0.638196
2 0.646214 0.650318
2 0.649917 0.709891
0 0.647809 0.738635
2 0.650179 0.75775
1 0.647817 0.786071
1 0.648251 0.811882
2 0.647692 0.832061
2 0.646264 0.850938
2 0.646378 0.88798
2 0.645871 0.907298
1 0.64536 0.935212
0 0.644848 0.964607
1 0.651443 0.0544014
2 0.651432 0.156137
2 0.655517 0.273433
2 0.650938 0.29113
2 0.650391 0.30616
2 0.650676 0.317933
1 0.650876 0.326607
2 0.656081 0.34083
1 0.656018 0.350454
2 0.652869 0.358965
2 0.653474 0.382558
2 0.651286 0.398094
2 0.65596 0.415524
2 0.652511 0.427294
2 0.653054 0.445696
2 0.653184 0.464583
2 0.650403 0.475285
2 0.652858 0.484654
2 0.653461 0.495768
2 0.65434 0.51532
0 0.652473 0.54669
2 0.654511 0.55617
2 0.651239 0.57757
2 0.651706 0.608027
2 0.652824 0.664233
2 0.652008 0.680266
2 0.650845 0.693061
1 0.654398 0.720681
2 0.653588 0.731153
2 0.655627 0.74749
2 0.653765 0.798985
2 0.653067 0.86586
0 0.65712 0.0845564
2 0.656938 0.108925
0 0.65707 0.127098
2 0.657575 0.184216
2 0.656572 0.231725
1 0.658897 0.246045
2 0.658807 0.25999
2 0.660746 0.30228
2 0.659157 0.313559
2 0.66227 0.383355
2 0.658851 0.394535
2 0.662522 0.404494
0 0.658377 0.423302
2 0.656563 0.434359
2 0.661191 0.446333
2 0.660019 0.458386
2 0.658466 0.470622
0 0.661603 0.478431
2 0.660735 0.487537
1 0.661626 0.499444
2 0.661327 0.509582
2 0.660761 0.525944
1 0.658623 0.533929
2 0.660356 0.542199
2 0.659199 0.564274
2 0.659119 0.574627
1 0.66012 0.590622
2 0.661488 0.604447
2 0.659385 0.613669
2 0.656493 0.627975
1 0.661 0.635111
2 0.658494 0.646124
2 0.661905 0.68681
2 0.660603 0.707996
2 0.657295 0.784399
0 0.658216 0.884603
1 0.662264 0.943574
1 0.657864 0.98467
0 0.668507 0.0294449
1 0.667937 0.0967064
2 0.66312 0.137164
1 0.667747 0.151689
2 0.668033 0.205517
2 0.667044 0.220858
2 0.66825 0.237101
2 0.662832 0.282264
2 0.667622 0.291907
2 0.664938 0.32805
2 0.667807 0.340448
2 0.666334 0.362576
2 0.665601 0.372939
1 0.665021 0.436297
2 0.667286 0.466196
2 0.666925 0.494063
2 0.664051 0.517635
2 0.666493 0.547944
2 0.666128 0.560225
1 0.666258 0.568544
2 0.667198 0.576556
2 0.666017 0.626385
1 0.663741 0.661808
2 0.665658 0.677776
2 0.666206 0.745905
1 0.66322 0.75538
2 0.663096 0.769288
2 0.666095 0.800791
2 0.668373 0.815547
0 0.664051 0.826301
1 0.665148 0.845047
1 0.663636 0.913634
1 0.667678 0.965439
1 0.671165 0.0028428
1 0.669958 0.074319
2 0.671983 0.168977
1 0.670457 0.181015
2 0.668713 0.193037
2 0.669507 0.258759
0 0.670673 0.276085
1 0.673798 0.30782
2 0.673417 0.321807
2 0.671072 0.352838
1 0.67283 0.36837
2 0.668985 0.392157
2 0.670033 0.414868
2 0.673062 0.430043
2 0.668743 0.450081
2 0.671975 0.459058
2 0.672811 0.483955
2 0.672898 0.502197
1 0.67039 0.521096
2 0.674356 0.564092
2 0.673439 0.618663
2 0.673118 0.643467
0 0.672639 0.695708
2 0.669112 0.716159
2 0.67316 0.728598
2 0.671769 0.759326
0 0.670119 0.785313
2 0.673253 0.904597
2 0.67285 0.931436
1 0.680594 0.119598
2 0.677698 0.142204
1 0.67891 0.203421
2 0.679258 0.226515
2 0.677107 0.28616
2 0.679981 0.296381
2 0.676743 0.337243
2 0.678552 0.381299
1 0.678333 0.393093
2 0.676202 0.406169
1 0.676099 0.418963
2 0.677066 0.445041
2 0.679626 0.453492
1 0.67876 0.463012
2 0.676731 0.476682
2 0.675358 0.532219
1 0.679195 0.553854
2 0.675827 0.59045
1 0.676431 0.607112
2 0.675826 0.657956
2 0.677168 0.669564
2 0.676361 0.682955
2 0.679771 0.719881
2 0.677975 0.77077
2 0.677428 0.793966
2 0.680865 0.811193
2 0.679708 0.831063
2 0.677118 0.854773
1 0.679317 0.876647
1 0.682561 0.046001
1 0.684771 0.0878657
0 0.686097 0.154277
1 0.685003 0.246109
2 0.684754 0.255478
2 0.685692 0.266904
2 0.683174 0.27697
2 0.686496 0.315258
2 0.683308 0.327883
2 0.68309 0.347607
2 0.683535 0.369134
2 0.683862 0.402104
2 0.682067 0.426363
0 0.684111 0.440025
2 0.682011 0.495976
0 0.682889 0.506412
2 0.681173 0.517995
2 0.683551 0.525918
1 0.685647 0.536439
2 0.681764 0.569091
2 0.681146 0.57802
2 0.686043 0.58522
2 0.682994 0.59874
2 0.684425 0.611717
2 0.681893 0.635237
2 0.685877 0.658201
2 0.68626 0.684113
2 0.683362 0.701636
1 0.681906 0.74048
2 0.68212 0.781481
1 0.685944 0.80088
1 0.682251 0.951197
1 0.688081 0.0195012
1 0.691121 0.0687174
2 0.68835 0.181125
2 0.690963 0.196349
1 0.693201 0.227355
2 0.690264 0.29692
1 0.692178 0.323305
2 0.690381 0.335216
2 0.688922 0.356735
2 0.688048 0.385889
2 0.689767 0.394823
2 0.688948 0.414804
2 0.691229 0.42783
2 0.687502 0.44837
2 0.687586 0.463884
2 0.690457 0.474281
1 0.688498 0.482517
2 0.693063 0.491255
2 0.690864 0.504905
2 0.687349 0.550008
2 0.691029 0.557632
1 0.68896 0.57185
2 0.691423 0.601282
2 0.692219 0.62328
1 0.691665 0.637884
2 0.689187 0.648087
1 0.690762 0.665466
2 0.689599 0.673992
2 0.690522 0.720128
2 0.69281 0.733969
2 0.687764 0.748359
2 0.690187 0.791465
2 0.689474 0.821471
1 0.692264 0.845518
0 0.692318 0.880366
1 0.691911 0.893195
1 0.69271 0.925544
0 0.687837 0.965421
1 0.69278 0.986368
0 0.699086 0.0809727
1 0.695664 0.108662
1 0.696597 0.133698
2 0.696407 0.14615
2 0.696337 0.217513
2 0.696232 0.238046
2 0.694626 0.251064
2 0.694216 0.283507
2 0.696724 0.308322
2 0.699174 0.328703
0 0.698159 0.347091
2 0.693437 0.369654
1 0.693252 0.379194
2 0.698395 0.405573
2 0.69924 0.414437
2 0.694918 0.443288
1 0.697793 0.459402
2 0.699349 0.479518
1 0.69654 0.510111
2 0.693562 0.529248
2 0.69417 0.540363
2 0.695956 0.54989
2 0.698878 0.569408
2 0.6937 0.58103
0 0.696591 0.589414
2 0.695669 0.658212
2 0.69774 0.689593
2 0.693648 0.699707
2 0.696864 0.712138
2 0.693547 0.761
2 0.693953 0.776031
2 0.698259 0.831336
1 0.698694 0.863607
1 0.700778 0.163601
1 0.699531 0.184614
2 0.700967 0.263025
2 0.704331 0.277616
2 0.701626 0.290736
2 0.704394 0.300633
2 0.702461 0.359959
2 0.703826 0.38269
1 0.701374 0.395355
1 0.700688 0.42391
2 0.70075 0.436546
2 0.703768 0.444941
1 0.703354 0.473328
2 0.702928 0.503111
2 0.700661 0.520642
2 0.70512 0.578006
2 0.699571 0.612186
2 0.701119 0.650579
2 0.705458 0.665312
2 0.704846 0.720083
2 0.704835 0.743528
1 0.703872 0.763595
2 0.70467 0.784893
2 0.702265 0.79789
2 0.703031 0.814567
2 0.70404 0.852552
2 0.701767 0.901541
1 0.699987 0.949832
1 0.708391 0.00783967
1 0.709746 0.122112
2 0.711404 0.185944
2 0.709305 0.213077
2 0.708287 0.228849
2 0.708242 0.244834
1 0.71138 0.270906
2 0.70733 0.312477
2 0.710365 0.323098
2 0.706886 0.369539
2 0.709871 0.389608
2 0.708527 0.40548
2 0.709573 0.435171
2 0.711315 0.461714
2 0.706589 0.492879
2 0.711398 0.507755
1 0.709803 0.542933
2 0.705762 0.55624
2 0.70606 0.595795
2 0.710027 0.612994
2 0.70844 0.622368
2 0.708746 0.638004
2 0.706077 0.682173
1 0.708846 0.692571
0 0.711032 0.80722
1 0.707965 0.889794
0 0.706189 0.9348
1 0.708718 0.975443
0 0.714554 0.0358903
1 0.712702 0.0543008
2 0.713198 0.157698
1 0.714811 0.201178
0 0.717783 0.221507
2 0.711706 0.257007
2 0.712746 0.286462
1 0.713717 0.30215
2 0.713728 0.341557
1 0.716982 0.363478
2 0.71263 0.415215
2 0.712246 0.448509
0 0.716456 0.484937
0 0.713027 0.518979
2 0.712164 0.530314
1 0.715957 0.568135
2 0.714541 0.58208
1 0.713612 0.59927
2 0.713291 0.648838
1 0.716609 0.663759
2 0.714151 0.672275
2 0.714021 0.704807
2 0.715252 0.716813
2 0.71481 0.737464
1 0.715731 0.826287
1 0.714805 0.874363
1 0.713537 0.905862
1 0.717286 0.945194
1 0.71899 0.0785371
0 0.719007 0.111612
1 0.720163 0.145235
1 0.71912 0.249326
2 0.722705 0.270834
2 0.722344 0.30542
2 0.721279 0.315988
1 0.719314 0.329568
2 0.721464 0.372783
2 0.720434 0.39482
2 0.722431 0.404366
2 0.719059 0.43248
2 0.718229 0.441337
1 0.717922 0.45558
2 0.723743 0.463559
2 0.722614 0.479256
2 0.718736 0.500036
2 0.720116 0.509542
2 0.723103 0.548667
2 0.718843 0.559744
2 0.719338 0.590272
2 0.721048 0.609378
2 0.717992 0.621512
0 0.720419 0.642477
2 0.722887 0.65397
2 0.720034 0.683453
1 0.718178 0.72863
2 0.721362 0.756096
2 0.719187 0.77438
1 0.720317 0.78726
2 0.721118 0.802152
2 0.723744 0.8445
0 0.723066 0.85571
1 0.721195 0.924619
1 0.724516 0.0973248
1 0.728033 0.125831
1 0.726087 0.165513
2 0.726623 0.198629
2 0.72858 0.23554
2 0.727681 0.3344
2 0.724844 0.344869
2 0.727742 0.358565
0 0.726182 0.383767
2 0.729254 0.416163
0 0.729043 0.423927
2 0.727024 0.445826
1 0.727825 0.470088
2 0.728551 0.488076
1 0.726944 0.504464
2 0.728838 0.523051
2 0.724716 0.534715
2 0.726447 0.580688
2 0.726197 0.598647
2 0.72719 0.620593
2 0.72466 0.630172
2 0.729662 0.643935
2 0.729617 0.692978
2 0.729032 0.716781
2 0.727443 0.727533
2 0.727047 0.738564
2 0.728524 0.893334
0 0.724946 0.985227
1 0.731739 0.0480301
2 0.733141 0.151798
2 0.732591 0.179673
1 0.735285 0.204843
2 0.731733 0.215423
2 0.730246 0.251877
0 0.730602 0.264217
1 0.730853 0.28861
2 0.731595 0.311583
1 0.734419 0.368511
2 0.734709 0.386834
1 0.734172 0.397424
2 0.734326 0.435895
2 0.73483 0.511553
2 0.730166 0.554486
2 0.734289 0.570558
2 0.733964 0.58671
2 0.733416 0.60885
2 0.731089 0.664702
2 0.73052 0.705011
0 0.73282 0.758994
2 0.731915 0.780099
1 0.733201 0.813976
2 0.734347 0.827085
2 0.735623 0.85937
1 0.735581 0.871937
1 0.73165 0.939521
1 0.74078 0.00144237
1 0.736914 0.0272934
2 0.74231 0.236099
2 0.736624 0.280536
2 0.738948 0.29621
1 0.741055 0.311572
2 0.740055 0.321564
2 0.739128 0.404748
2 0.738495 0.423227
2 0.7382 0.451877
2 0.739853 0.462127
2 0.736977 0.483129
2 0.7366 0.493774
2 0.73948 0.520427
1 0.741367 0.545694
2 0.73711 0.560803
2 0.741114 0.58065
2 0.741684 0.598806
2 0.739717 0.635237
1 0.738636 0.656159
2 0.740583 0.667842
2 0.736736 0.682156
1 0.740841 0.718495
2 0.741402 0.76539
2 0.74103 0.794079
1 0.742079 0.888645
1 0.737971 0.960354
1 0.738675 0.979175
2 0.747713 0.0480232
1 0.744397 0.065052
1 0.743824 0.0860744
1 0.747256 0.13916
0 0.744662 0.164052
1 0.745043 0.176425
2 0.743914 0.195232
1 0.747472 0.219091
1 0.746526 0.245511
2 0.745725 0.338462
1 0.743396 0.348408
2 0.745756 0.367354
1 0.746886 0.424054
2 0.745004 0.432789
1 0.744322 0.445839
2 0.744909 0.471177
1 0.746709 0.500909
2 0.748386 0.512697
2 0.74238 0.535186
2 0.745986 0.571119
1 0.743946 0.607421
2 0.746972 0.623787
2 0.742728 0.645483
0 0.747133 0.67715
2 0.748056 0.686952
2 0.745436 0.698523
2 0.744937 0.745213
1 0.743961 0.839794
1 0.743988 0.907827
1 0.747168 0.922771
1 0.748952 0.114118
1 0.754052 0.201898
2 0.752744 0.228176
2 0.749465 0.260814
2 0.748804 0.274699
2 0.749063 0.285937
2 0.750746 0.302327
2 0.748522 0.385883
2 0.749352 0.396295
1 0.7503 0.405153
2 0.75002 0.416026
2 0.754506 0.440203
1 0.749347 0.464453
2 0.748727 0.490535
0 0.753807 0.519165
2 0.750508 0.551283
2 0.753948 0.562797
2 0.750593 0.591533
1 0.753877 0.63198
2 0.753331 0.71705
2 0.74963 0.729631
1 0.752789 0.779402
0 0.748757 0.80461
1 0.749993 0.820383
2 0.753793 0.83112
1 0.751001 0.862736
2 0.751824 0.881129
0 0.752305 0.959258
1 0.756828 0.0348467
2 0.756835 0.214012
2 0.758432 0.241482
1 0.758418 0.279677
2 0.759192 0.292677
2 0.757271 0.327971
2 0.756946 0.341472
2 0.759767 0.354921
1 0.757048 0.36353
2 0.759609 0.408439
2 0.759987 0.430291
1 0.760467 0.447962
2 0.754703 0.474498
1 0.755247 0.485696
2 0.759873 0.499427
2 0.759018 0.539636
0 0.757555 0.578296
2 0.760246 0.591289
2 0.755916 0.606214
2 0.75794 0.616255
2 0.756258 0.65311
2 0.755663 0.670852
1 0.756811 0.703046
1 0.760158 0.731358
1 0.757615 0.75195
2 0.756707 0.764451
0 0.756896 0.848663
0 0.758684 0.911013
1 0.755069 0.937472
1 0.765656 0.0778519
0 0.762342 0.102305
1 0.762353 0.130882
1 0.760845 0.157552
2 0.763779 0.169143
1 0.761431 0.184805
0 0.765627 0.233043
2 0.766144 0.262922
1 0.764782 0.307645
2 0.764223 0.373829
2 0.762134 0.39103
2 0.761078 0.418667
2 0.761453 0.463154
2 0.766741 0.485719
2 0.766633 0.513788
2 0.762443 0.527087
2 0.764629 0.555164
2 0.765796 0.582615
2 0.765172 0.624104
2 0.76637 0.638134
1 0.765667 0.654079
2 0.762526 0.681708
2 0.765133 0.716247
2 0.762794 0.741121
2 0.76514 0.775523
2 0.76101 0.788575
1 0.763882 0.799815
1 0.765868 0.831442
1 0.76488 0.925525
0 0.763109 0.996898
1 0.767021 0.0142403
1 0.77206 0.0590763
0 0.770793 0.19532
1 0.768345 0.214932
2 0.772861 0.283905
2 0.769923 0.316506
0 0.766999 0.331471
2 0.772471 0.362455
0 0.770911 0.379696
2 0.772904 0.392521
1 0.767635 0.404627
2 0.771945 0.414147
0 0.768299 0.423633
2 0.767411 0.440761
2 0.767647 0.453997
2 0.771765 0.469714
2 0.771434 0.49855
2 0.768647 0.544708
2 0.769688 0.567749
2 0.77241 0.609108
2 0.768709 0.668559
2 0.77177 0.690326
2 0.769532 0.702537
2 0.76935 0.75566
1 0.770466 0.766097
1 0.772456 0.785114
2 0.767438 0.811608
1 0.771637 0.847511
1 0.769088 0.867288
1 0.76997 0.90262
1 0.770002 0.947993
1 0.774594 0.0922265
1 0.77417 0.144072
2 0.77829 0.180836
2 0.778914 0.222587
2 0.774032 0.244414
2 0.773585 0.301131
2 0.773812 0.341032
2 0.777106 0.404603
2 0.773317 0.431822
1 0.777665 0.461737
0 0.77582 0.479898
2 0.777275 0.511905
2 0.777579 0.523405
2 0.775805 0.53321
2 0.776821 0.577534
2 0.773177 0.598576
2 0.777942 0.632683
2 0.776076 0.650199
2 0.776687 0.679227
0 0.773522 0.745165
2 0.777647 0.795018
2 0.779016 0.833031
1 0.777532 0.883673
1 0.77787 0.917335
0 0.776826 0.935339
1 0.773189 0.975278
1 0.77818 0.999979
1 0.783325 0.0760755
1 0.781082 0.114872
0 0.780976 0.128111
0 0.781728 0.162731
2 0.779323 0.204148
2 0.779808 0.267859
2 0.783393 0.330995
1 0.781408 0.352825
1 0.783457 0.391736
1 0.782523 0.412743
2 0.783312 0.422195
2 0.784452 0.494856
1 0.782164 0.541605
2 0.784188 0.589399
2 0.783461 0.601014
2 0.78183 0.620777
1 0.782 0.670726
2 0.779539 0.711747
1 0.779691 0.726177
2 0.780356 0.736819
2 0.783147 0.750969
1 0.785105 0.818932
1 0.785174 0.959403
0 0.785324 0.0314967
1 0.788156 0.0567584
1 0.788652 0.173982
1 0.79019 0.196451
1 0.785878 0.248665
2 0.787553 0.28631
1 0.786879 0.31044
2 0.78964 0.345244
2 0.786061 0.375516
2 0.789287 0.407495
1 0.786678 0.439869
2 0.786931 0.457607
2 0.79055 0.470103
2 0.787918 0.481922
2 0.790996 0.507261
1 0.785897 0.517959
2 0.788858 0.531449
2 0.786693 0.551775
2 0.787486 0.568705
1 0.788123 0.578646
2 0.789511 0.679105
1 0.787517 0.762972
2 0.786446 0.777235
0 0.790758 0.852652
1 0.786344 0.867797
0 0.78959 0.892533
1 0.791853 0.102778
1 0.793999 0.133182
2 0.797159 0.152794
1 0.796524 0.232031
2 0.793762 0.263026
0 0.795932 0.277214
2 0.794734 0.303566
1 0.793341 0.32721
2 0.793393 0.366437
2 0.793473 0.384746
2 0.795754 0.562104
2 0.795119 0.607534
1 0.792434 0.626493
2 0.79331 0.640536
2 0.791597 0.652045
1 0.791614 0.692439
2 0.795181 0.715812
1 0.79708 0.734391
2 0.797385 0.823329
1 0.791947 0.927919
1 0.795003 0.944464
1 0.791665 0.98477
1 0.798327 0.0239399
1 0.798791 0.0435489
1 0.803636 0.0893821
1 0.803176 0.208119
2 0.802732 0.245472
2 0.801078 0.319709
2 0.799793 0.355322
1 0.799928 0.376827
1 0.799057 0.427737
2 0.797653 0.443994
0 0.802516 0.453755
1 0.799631 0.472168
2 0.798828 0.48642
2 0.801166 0.503191
2 0.802148 0.52051
2 0.801278 0.534531
2 0.797709 0.549012
2 0.798579 0.587765
2 0.802086 0.661481
2 0.801543 0.698153
2 0.797791 0.751798
1 0.799381 0.775821
1 0.797804 0.795315
1 0.801991 0.862947
1 0.797691 0.881573
1 0.801781 0.906364
1 0.801883 0.961925
1 0.804309 0.117606
1 0.809189 0.14607
1 0.804193 0.166003
2 0.807405 0.226325
1 0.804816 0.260172
2 0.808824 0.288647
1 0.803973 0.298081
2 0.805436 0.34325
2 0.806077 0.389985
1 0.806407 0.403787
2 0.809072 0.416581
2 0.807016 0.461495
2 0.809693 0.476991
2 0.804621 0.573631
2 0.807049 0.595512
2 0.807365 0.627128
2 0.806088 0.679317
2 0.807728 0.715442
1 0.805861 0.758568
0 0.804594 0.806509
1 0.805113 0.835381
1 0.807405 0.994072
0 0.812999 0.071768
2 0.810767 0.187023
2 0.812381 0.325183
2 0.814847 0.360286
2 0.809895 0.373581
1 0.815307 0.440823
2 0.810525 0.450346
1 0.815352 0.4652
2 0.81492 0.493747
0 0.810546 0.502721
1 0.815022 0.521219
2 0.811836 0.536804
0 0.813461 0.549991
2 0.813666 0.582635
2 0.811561 0.605971
2 0.811773 0.649926
1 0.812559 0.669464
0 0.812064 0.705911
2 0.810186 0.74457
1 0.814928 0.89663
0 0.814812 0.978405
0 0.821288 0.0151292
1 0.818728 0.0368223
1 0.816932 0.0576989
0 0.82124 0.125678
0 0.8189 0.166455
1 0.820156 0.211315
0 0.816125 0.243953
2 0.817359 0.2748
1 0.817696 0.314086
2 0.817297 0.338475
1 0.816331 0.350606
1 0.819076 0.389387
0 0.817811 0.412514
2 0.819856 0.559584
2 0.82082 0.571199
1 0.816394 0.722224
1 0.821966 0.769158
2 0.817152 0.779762
1 0.821183 0.804588
1 0.816513 0.822048
1 0.821169 0.856279
0 0.816902 0.879706
1 0.817182 0.929021
1 0.816442 0.952821
1 0.823023 0.111509
1 0.826652 0.150092
1 0.828005 0.176664
2 0.826474 0.226387
1 0.827226 0.256664
2 0.824069 0.305382
0 0.823181 0.329331
2 0.826986 0.355209
0 0.827309 0.365671
2 0.822431 0.37728
2 0.826654 0.399973
1 0.824609 0.426009
2 0.827639 0.439038
2 0.823963 0.455068
2 0.823704 0.480626
2 0.825686 0.501822
2 0.823049 0.514209
2 0.823443 0.526685
2 0.82335 0.547071
2 0.824089 0.589793
0 0.822135 0.611564
2 0.822469 0.634158
2 0.822151 0.66246
2 0.82587 0.678078
2 0.823722 0.693651
0 0.824565 0.831627
1 0.824819 0.914042
1 0.829405 0.0782538
1 0.833162 0.134773
0 0.829675 0.201609
1 0.831566 0.239068
2 0.833279 0.274582
2 0.828353 0.289785
2 0.830402 0.387664
1 0.833628 0.406615
2 0.8295 0.416935
2 0.828989 0.469728
2 0.832917 0.568395
2 0.832738 0.62167
1 0.829682 0.645768
2 0.830063 0.718829
1 0.830785 0.734887
2 0.829259 0.74679
1 0.82953 0.872765
1 0.831819 0.984438
1 0.836883 0.0153488
1 0.839131 0.0405519
1 0.834404 0.0988137
1 0.837809 0.219591
2 0.839273 0.304587
1 0.838982 0.315621
2 0.839056 0.327203
1 0.834844 0.346499
1 0.839112 0.436956
1 0.835417 0.457144
1 0.836459 0.476324
2 0.838223 0.497805
2 0.838216 0.511592
2 0.836 0.523949
2 0.838547 0.537098
1 0.838595 0.547955
2 0.838472 0.609488
2 0.834584 0.663506
1 0.837643 0.677319
2 0.838128 0.69131
1 0.83655 0.708655
0 0.835509 0.787089
1 0.835909 0.893462
2 0.837078 0.944936
1 0.84284 0.0580438
1 0.844018 0.148494
1 0.841688 0.166231
1 0.843652 0.198979
2 0.842863 0.25811
0 0.840944 0.29143
2 0.844531 0.352922
1 0.845095 0.386427
2 0.844015 0.404733
2 0.843281 0.418888
2 0.846514 0.474121
1 0.845867 0.526406
2 0.844947 0.559789
2 0.840838 0.585277
2 0.845695 0.598658
2 0.842348 0.643329
1 0.843661 0.766086
1 0.841902 0.824172
1 0.844948 0.847072
1 0.846028 0.862153
1 0.841417 0.922791
1 0.848574 0.127742
1 0.85188 0.266242
2 0.848407 0.337759
2 0.846689 0.37158
0 0.851891 0.410469
2 0.847386 0.431303
2 0.850111 0.449738
1 0.852385 0.489683
2 0.850802 0.512293
1 0.846931 0.573475
1 0.849415 0.624237
2 0.84888 0.656505
1 0.848137 0.695706
2 0.851223 0.716479
0 0.850854 0.733278
1 0.850412 0.795497
2 0.85188 0.807991
1 0.852438 0.881532
0 0.850045 0.899662
1 0.84883 0.968606
1 0.848727 0.99855
1 0.855614 0.0733519
0 0.854388 0.0953708
1 0.853262 0.111488
1 0.854456 0.183972
1 0.855938 0.218739
1 0.853254 0.237951
1 0.857612 0.282334
1 0.858236 0.302354
1 0.858559 0.319287
0 0.858521 0.342859
1 0.855267 0.36614
2 0.856926 0.394251
2 0.858445 0.424285
2 0.858328 0.466499
2 0.857808 0.532495
2 0.854478 0.54642
2 0.857504 0.55896
2 0.854951 0.614452
2 0.856866 0.632789
1 0.856382 0.666053
2 0.858038 0.702045
1 0.85632 0.752848
1 0.864785 0.014844
0 0.860446 0.0343342
0 0.85912 0.14468
1 0.863778 0.167147
1 0.862955 0.252509
1 0.862124 0.439154
0 0.864844 0.457353
2 0.862318 0.478321
2 0.864803 0.491372
0 0.862736 0.508455
0 0.864124 0.577866
2 0.864431 0.590141
1 0.864534 0.607845
1 0.86153 0.645456
2 0.864387 0.677472
1 0.863747 0.712298
0 0.862301 0.855423
1 0.85898 0.868557
1 0.862875 0.917975
1 0.861021 0.941422
1 0.86835 0.132569
0 0.86556 0.240273
2 0.865077 0.266281
2 0.866712 0.311599
0 0.867396 0.380364
2 0.869393 0.405774
1 0.867492 0.41568
1 0.868116 0.690802
1 0.868815 0.733898
0 0.870782 0.767609
1 0.8655 0.783957
1 0.866319 0.812412
1 0.868347 0.83628
1 0.866375 0.900288
0 0.870398 0.977549
1 0.871693 0.0595987
1 0.874487 0.0839672
1 0.876593 0.100248
1 0.875317 0.117531
1 0.876835 0.154909
1 0.871263 0.204635
1 0.873582 0.274289
0 0.874994 0.286193
1 0.875482 0.299571
1 0.877002 0.319525
2 0.876515 0.434717
2 0.874645 0.47297
1 0.874929 0.487545
2 0.875896 0.510356
2 0.876524 0.52668
1 0.874293 0.541557
2 0.871423 0.55212
1 0.87524 0.563239
2 0.872499 0.6222
2 0.872639 0.648646
1 0.874827 0.749418
0 0.872123 0.798907
1 0.872822 0.884494
1 0.878429 0.18841
1 0.882643 0.232205
2 0.878122 0.452051
2 0.877435 0.578903
2 0.88131 0.602024
1 0.882916 0.642176
0 0.878843 0.661385
2 0.882022 0.677298
0 0.880115 0.827564
1 0.883282 0.840598
1 0.879735 0.863867
1 0.882226 0.93986
1 0.886622 0.0355588
0 0.884406 0.0721123
1 0.886925 0.138901
1 0.886869 0.341431
1 0.883705 0.359372
1 0.884112 0.398223
1 0.884113 0.415233
1 0.888327 0.450381
2 0.886942 0.498535
2 0.887215 0.538116
2 0.88837 0.630483
1 0.884049 0.706081
1 0.883834 0.723152
1 0.888748 0.740375
1 0.887895 0.793493
1 0.888255 0.886899
0 0.884488 0.900588
1 0.888447 0.921552
1 0.888961 0.998567
1 0.891305 0.0561532
1 0.891741 0.105498
1 0.893449 0.157467
1 0.895031 0.173934
0 0.892709 0.197624
1 0.894052 0.255508
1 0.890496 0.271348
1 0.892867 0.376051
1 0.892692 0.430617
2 0.893705 0.471335
1 0.893163 0.517721
1 0.893085 0.551996
2 0.893278 0.573621
1 0.894592 0.588952
0 0.891258 0.611051
2 0.893563 0.657178
1 0.892526 0.758196
1 0.893785 0.820682
0 0.895582 0.868969
1 0.89761 0.0175775
1 0.896221 0.0840584
1 0.898676 0.123212
1 0.901547 0.239418
1 0.900443 0.308701
0 0.901027 0.325976
1 0.898981 0.391563
2 0.898446 0.442246
1 0.895795 0.482258
2 0.900271 0.494274
1 0.896553 0.690146
1 0.897827 0.714485
1 0.900984 0.779002
1 0.900963 0.9349
1 0.89593 0.957522
1 0.898227 0.978067
1 0.907825 0.0649739
1 0.906567 0.0980105
1 0.903205 0.20851
1 0.902684 0.283642
0 0.907256 0.405091
0 0.904723 0.453273
2 0.904119 0.515503
0 0.903448 0.534288
1 0.90753 0.621974
1 0.902918 0.667337
0 0.907287 0.73227
1 0.907228 0.800265
1 0.903355 0.840641
1 0.902442 0.881234
1 0.914072 0.113761
2 0.908336 0.135306
1 0.910471 0.163235
1 0.909597 0.192509
0 0.910044 0.264345
1 0.909889 0.349718
0 0.908153 0.36497
1 0.913879 0.382016
1 0.912285 0.499631
2 0.912153 0.551524
0 0.908174 0.571859
2 0.908041 0.588596
1 0.913762 0.603819
1 0.909893 0.641787
0 0.9093 0.695009
1 0.910814 0.746247
1 0.908675 0.762834
1 0.908948 0.81838
1 0.910507 0.856973
1 0.910446 0.901314
0 0.917674 0.0109763
1 0.914603 0.031914
1 0.91487 0.228654
1 0.918631 0.30703
1 0.91656 0.432035
1 0.916058 0.480509
1 0.917086 0.518896
2 0.917853 0.651935
1 0.916189 0.710636
0 0.919958 0.774062
1 0.919744 0.836372
1 0.918474 0.92586
1 0.921641 0.0899845
1 0.922503 0.144367
1 0.920264 0.177672
1 0.925749 0.19712
1 0.92635 0.367344
1 0.921447 0.414304
1 0.920529 0.540137
1 0.924512 0.584864
1 0.92517 0.692511
1 0.925321 0.728373
1 0.92263 0.797458
0 0.924613 0.821856
1 0.9248 0.889672
1 0.920876 0.957361
1 0.921379 0.991364
1 0.927362 0.0615005
0 0.928843 0.103602
1 0.927911 0.242292
1 0.93081 0.267118
1 0.928609 0.289698
1 0.928319 0.333513
1 0.927296 0.396022
1 0.928081 0.461436
2 0.927296 0.567057
0 0.931308 0.606641
2 0.928511 0.629491
1 0.932505 0.847949
0 0.926726 0.862001
0 0.927175 0.905293
1 0.934957 0.0404157
1 0.934534 0.129774
1 0.938231 0.177244
0 0.93507 0.317099
1 0.93754 0.409957
1 0.933838 0.434779
1 0.937507 0.502382
1 0.936767 0.651699
1 0.934223 0.673628
1 0.935267 0.762184
1 0.938138 0.780107
1 0.93462 0.831597
1 0.933734 0.875452
1 0.944126 0.00821616
0 0.944574 0.0693887
1 0.939203 0.0873731
0 0.942057 0.153978
1 0.941037 0.220309
1 0.944748 0.328933
1 0.941339 0.350502
1 0.938697 0.478623
0 0.94237 0.515814
1 0.943002 0.529348
1 0.939954 0.56979
1 0.940736 0.596402
1 0.941543 0.626621
1 0.942141 0.705243
0 0.942938 0.725946
1 0.939838 0.741638
1 0.938868 0.804921
1 0.944775 0.862438
1 0.940351 0.896761
1 0.942029 0.946306
1 0.939736 0.98167
1 0.946774 0.103863
1 0.950608 0.166101
1 0.949821 0.197474
1 0.947715 0.246448
1 0.947104 0.297291
1 0.950681 0.37535
0 0.949673 0.402263
1 0.948906 0.442284
0 0.945562 0.465502
0 0.948814 0.644175
0 0.946875 0.682054
1 0.94636 0.918315
1 0.956333 0.0272612
1 0.957029 0.0826981
1 0.953621 0.130849
0 0.956649 0.217879
0 0.955145 0.273058
1 0.954152 0.414299
1 0.956626 0.479404
1 0.952085 0.553139
1 0.956655 0.58696
2 0.952615 0.612794
2 0.952617 0.763602
1 0.954898 0.801001
1 0.951381 0.820742
1 0.955292 0.839088
1 0.954895 0.879754
2 0.954203 0.934213
1 0.962447 0.0661502
1 0.96294 0.17737
1 0.957339 0.310956
2 0.961888 0.35773
1 0.960056 0.394276
1 0.958795 0.506038
1 0.96216 0.628369
1 0.958818 0.750043
1 0.961944 0.774569
1 0.96031 0.903168
1 0.967266 0.00819127
0 0.969204 0.0943354
1 0.968389 0.116219
1 0.968112 0.151938
1 0.968928 0.206044
1 0.965016 0.342271
1 0.96781 0.434429
1 0.96627 0.451081
0 0.969305 0.490363
1 0.964975 0.668174
1 0.96453 0.732482
0 0.968866 0.81322
0 0.967463 0.847815
1 0.969021 0.948524
0 0.966585 0.96672
1 0.970325 0.0464689
1 0.970871 0.133996
0 0.972079 0.165434
1 0.97037 0.238538
1 0.973634 0.267178
1 0.973653 0.288535
1 0.970504 0.325032
1 0.971873 0.532268
1 0.971053 0.693241
1 0.972432 0.799507
1 0.973427 0.878056
0 0.979954 0.0240015
1 0.981127 0.191826
1 0.977853 0.506556
0 0.97584 0.576908
1 0.978334 0.59724
1 0.980496 0.617821
1 0.976206 0.717097
1 0.976913 0.753478
1 0.98034 0.782704
1 0.976176 0.835558
1 0.980392 0.855436
1 0.975899 0.916684
1 0.978199 0.987635
1 0.984338 0.0850174
1 0.986721 0.16173
1 0.981649 0.375764
1 0.982754 0.414688
0 0.982561 0.440848
1 0.982194 0.473242
1 0.981672 0.558865
1 0.982449 0.818127
1 0.992413 0.0678289
1 0.991009 0.129468
1 0.99054 0.212011
1 0.993122 0.254758
0 0.993168 0.275014
1 0.990451 0.304671
0 0.989531 0.323877
1 0.99015 0.345639
1 0.989078 0.396678
1 0.99346 0.643078
0 0.988234 0.670945
1 0.990986 0.767169
1 0.989142 0.798473
1 0.988857 0.938523
1 0.991579 0.957376
1 0.99424 0.0124532
1 0.996858 0.041109
1 0.995686 0.112024
1 0.995118 0.145452
1 0.998928 0.190723
1 0.998683 0.364557
0 0.9975 0.382547
1 0.995485 0.429183
1 0.997492 0.484585
1 0.996296 0.544577
1 0.996831 0.721397
0 0.998502 0.752759
1 0.99786 0.823823
1 0.996127 0.845394
0 0.994032 0.877167
1 0.995472 0.892449
1 0.996354 0.920112
1 0.997193 0.98132
