1 0.00535705 0.103916
1 0.00510412 0.190916
1 0.00118707 0.271327
1 0.00178567 0.329377
1 0.00419538 0.536277
0 0.00507585 0.616845
1 0.000457253 0.660147
1 0.00396248 0.683448
1 0.00149853 0.756198
1 0.0040709 0.828311
1 0.00140147 0.866465
1 0.0025854 0.883379
0 0.00316904 0.92265
1 0.00135184 0.948092
1 7.9371e-05 0.967468
1 0.00769123 0.00561129
1 0.0085122 0.36988
0 0.007376 0.439452
0 0.0115266 0.478115
0 0.00855346 0.520286
0 0.00880377 0.564635
1 0.0110444 0.594321
1 0.00672561 0.71127
1 0.00660268 0.78213
2 0.011456 0.806989
1 0.0161545 0.0329517
1 0.0135312 0.0683045
0 0.0141386 0.242707
1 0.0164737 0.260678
1 0.013343 0.313362
1 0.0122908 0.346141
1 0.0135647 0.457499
1 0.0138769 0.63602
0 0.0127158 0.851522
1 0.0172817 0.936918
1 0.0175905 0.954375
0 0.024418 0.016119
1 0.0204466 0.0874371
1 0.0191809 0.171061
1 0.0236457 0.222034
0 0.0225666 0.389656
1 0.0234827 0.415907
1 0.0197749 0.577442
1 0.0217214 0.658446
1 0.0227537 0.737034
1 0.0212041 0.761865
1 0.0238035 0.820359
1 0.0227414 0.88976
1 0.0210748 0.975009
1 0.029416 0.0466776
1 0.0287112 0.142237
1 0.0300057 0.190967
1 0.0269085 0.294388
1 0.0274859 0.543481
1 0.0281213 0.562301
1 0.0254947 0.697847
1 0.0269564 0.8382
1 0.0281476 0.8707
1 0.0280447 0.912861
1 0.025958 0.998771
1 0.034105 0.0712645
0 0.033337 0.119142
1 0.0337094 0.268619
1 0.036106 0.494557
1 0.0313607 0.51458
1 0.0320214 0.607938
1 0.0354569 0.792972
1 0.0361195 0.927726
1 0.0355869 0.952069
1 0.0404652 0.0983575
1 0.0381052 0.242776
1 0.0417372 0.305882
2 0.0379898 0.330267
1 0.0412704 0.354915
1 0.0421555 0.407555
1 0.0385593 0.45149
1 0.0372116 0.58047
0 0.0403816 0.595901
1 0.038838 0.680721
1 0.0391585 0.727498
0 0.0375502 0.761435
1 0.039351 0.854744
1 0.0410143 0.889331
1 0.0451881 0.00440052
0 0.0478505 0.0480573
1 0.0482542 0.377707
1 0.044197 0.473539
0 0.0462262 0.507738
1 0.0445646 0.531992
0 0.0464968 0.547356
1 0.0446516 0.563911
1 0.04397 0.626879
0 0.0471874 0.65745
2 0.0471314 0.708281
0 0.0469299 0.806862
1 0.0433418 0.970841
1 0.053714 0.0316225
1 0.0506648 0.140894
1 0.0506169 0.170401
1 0.0511862 0.221522
1 0.0542628 0.256614
2 0.053095 0.440589
1 0.0527917 0.833375
0 0.0516872 0.873197
1 0.0539802 0.945146
0 0.0604825 0.0147797
1 0.0610916 0.0572829
0 0.0568834 0.0806334
1 0.0567258 0.340054
2 0.0572346 0.46343
1 0.0574426 0.494983
1 0.0612091 0.516055
1 0.0557808 0.602955
1 0.0585775 0.753107
1 0.0572543 0.783096
0 0.0570227 0.914417
1 0.0602004 0.984954
1 0.0635701 0.106231
0 0.0668381 0.200766
1 0.0664636 0.311189
1 0.0626807 0.427338
1 0.0650185 0.544337
2 0.0618073 0.566024
2 0.0646747 0.587999
1 0.0640249 0.677249
1 0.0668578 0.699819
1 0.0626794 0.733738
1 0.063128 0.814692
1 0.0652456 0.85068
1 0.0633591 0.890366
1 0.0733031 0.0740585
1 0.072805 0.245492
1 0.071446 0.26987
1 0.0727341 0.36334
0 0.0725045 0.389259
1 0.0719771 0.407861
1 0.0705038 0.469685
2 0.069764 0.48631
2 0.0689953 0.529828
1 0.0730399 0.619128
1 0.0679478 0.656456
1 0.0726136 0.79688
1 0.0770543 0.00590343
1 0.0753867 0.0326293
1 0.0749292 0.125562
1 0.0761372 0.163393
2 0.075339 0.454778
2 0.0786337 0.602584
1 0.0756049 0.639482
1 0.0777629 0.776244
1 0.0743107 0.917427
1 0.0764666 0.960843
1 0.0803148 0.0963914
0 0.0805935 0.345373
1 0.0855015 0.425417
2 0.0858239 0.50836
0 0.0828918 0.541849
1 0.0806288 0.566385
2 0.0838421 0.582578
1 0.0853913 0.708383
0 0.0833269 0.755377
1 0.0843444 0.834539
1 0.0836425 0.863231
1 0.0882102 0.0227625
0 0.0912917 0.0561056
2 0.0867951 0.143248
1 0.0880731 0.189687
0 0.0862655 0.29131
1 0.0912349 0.3236
0 0.0863596 0.446877
1 0.0879114 0.489913
1 0.0881518 0.662785
1 0.0904128 0.684968
2 0.0897054 0.732162
1 0.0859136 0.808839
1 0.0878152 0.936514
2 0.0869287 0.99665
0 0.0968043 0.0913759
1 0.0960969 0.230104
2 0.0959919 0.41755
2 0.0940497 0.475731
2 0.0921714 0.527509
2 0.0931036 0.557163
1 0.0935815 0.597076
0 0.0955892 0.615561
1 0.0929189 0.633275
1 0.0962803 0.76348
1 0.097095 0.783556
1 0.0954254 0.885839
1 0.102058 0.00608588
1 0.101239 0.0439734
1 0.0995265 0.0680234
1 0.103759 0.160307
1 0.100192 0.393647
2 0.103622 0.44299
2 0.102436 0.502406
2 0.10215 0.539107
2 0.102535 0.579558
2 0.103737 0.606384
0 0.10216 0.836655
0 0.104045 0.950567
1 0.103991 0.973566
1 0.10973 0.0811833
1 0.108233 0.119617
2 0.108712 0.254802
1 0.105352 0.297825
1 0.106734 0.36294
2 0.104325 0.462475
2 0.109319 0.478574
1 0.105772 0.527297
2 0.110411 0.56225
0 0.108136 0.659591
1 0.108362 0.699114
1 0.105383 0.738054
1 0.104637 0.816521
1 0.106863 0.86537
0 0.105449 0.906626
1 0.10939 0.929828
0 0.112565 0.0244838
1 0.115944 0.099911
1 0.113859 0.139168
1 0.115419 0.272391
2 0.110977 0.425422
1 0.114572 0.452889
1 0.110765 0.491636
0 0.116038 0.509796
1 0.11471 0.547277
1 0.114709 0.623173
0 0.111806 0.716886
1 0.115325 0.755565
1 0.117346 0.002972
1 0.118309 0.0461136
1 0.118386 0.0627756
0 0.122519 0.170426
0 0.117181 0.21615
1 0.120457 0.323077
2 0.121418 0.402775
1 0.122591 0.472397
2 0.12005 0.53161
1 0.120419 0.572608
2 0.116671 0.597714
1 0.121568 0.646819
2 0.120432 0.735376
1 0.121844 0.785949
1 0.128672 0.0771706
1 0.12379 0.190428
1 0.125607 0.234256
2 0.127465 0.387199
1 0.123047 0.417537
2 0.122733 0.440725
2 0.126366 0.501632
2 0.12662 0.516831
2 0.128533 0.580244
2 0.1267 0.625942
0 0.127223 0.771203
1 0.127483 0.822542
1 0.127866 0.917409
1 0.123454 0.958876
1 0.128536 0.991948
0 0.129019 0.108702
1 0.133231 0.133587
1 0.130693 0.152549
1 0.13406 0.258262
1 0.130164 0.348638
2 0.130864 0.461449
2 0.132854 0.48131
2 0.131109 0.549602
2 0.130063 0.565983
2 0.133659 0.593333
1 0.130237 0.604818
1 0.132654 0.71143
2 0.128862 0.801185
0 0.130809 0.869332
1 0.1303 0.893136
1 0.136181 0.00547814
1 0.139911 0.0465845
1 0.135417 0.0938441
2 0.140966 0.275674
2 0.139473 0.328728
0 0.140336 0.394201
2 0.136245 0.409113
2 0.137016 0.426897
1 0.135742 0.491652
1 0.139084 0.517153
2 0.140266 0.536282
2 0.139119 0.618364
1 0.138159 0.68274
1 0.13857 0.850421
1 0.135864 0.938324
1 0.144774 0.0222671
1 0.145005 0.221675
0 0.142639 0.307402
2 0.143718 0.354402
2 0.143364 0.374055
1 0.146286 0.413755
2 0.146393 0.441256
1 0.142377 0.451704
0 0.146842 0.476573
2 0.146446 0.500829
0 0.141475 0.557094
1 0.147134 0.57506
2 0.142998 0.633146
2 0.147055 0.660018
1 0.143803 0.809265
2 0.144321 0.907341
0 0.148584 0.0630532
1 0.153269 0.150862
2 0.149712 0.247068
2 0.151865 0.387
2 0.150791 0.512484
2 0.15187 0.561825
2 0.148157 0.589207
0 0.152554 0.619378
1 0.149657 0.643961
2 0.148025 0.674314
2 0.149969 0.726296
1 0.148986 0.748346
1 0.149644 0.77704
1 0.148658 0.869537
1 0.152553 0.889413
1 0.154632 0.0885429
1 0.157411 0.113234
1 0.157153 0.181001
0 0.159028 0.217146
0 0.155374 0.261211
2 0.158414 0.36049
2 0.158619 0.397711
2 0.154664 0.424353
1 0.156849 0.434627
2 0.159202 0.451363
2 0.154848 0.464967
2 0.155362 0.482253
1 0.156294 0.541675
2 0.155947 0.604633
2 0.157509 0.699286
2 0.159061 0.800004
0 0.158406 0.832043
1 0.15875 0.921045
0 0.157783 0.960351
0 0.159646 0.0162198
1 0.160191 0.0374373
1 0.162091 0.0558519
0 0.162929 0.128105
2 0.160103 0.296962
2 0.164479 0.313619
2 0.160106 0.342729
1 0.164707 0.383456
2 0.160867 0.411354
2 0.164573 0.502987
1 0.163399 0.518765
2 0.162727 0.531717
1 0.160862 0.590867
2 0.165511 0.629783
2 0.162488 0.673419
2 0.161611 0.763542
1 0.160293 0.851303
1 0.168213 0.00274143
0 0.171179 0.16612
2 0.166197 0.238177
2 0.16814 0.2662
1 0.170404 0.280535
1 0.166859 0.325351
2 0.166529 0.372773
2 0.169315 0.423035
2 0.168049 0.435942
1 0.170482 0.457613
2 0.168155 0.467138
2 0.17167 0.55172
2 0.166123 0.571653
2 0.170191 0.584071
2 0.167726 0.612606
2 0.16997 0.656071
0 0.169924 0.715289
2 0.168464 0.741805
2 0.170212 0.780173
1 0.167968 0.816473
0 0.168303 0.878016
1 0.166 0.98375
1 0.172245 0.0235876
1 0.176711 0.0424235
1 0.171813 0.0784774
1 0.174764 0.205154
2 0.177161 0.291131
2 0.175247 0.334025
1 0.175404 0.351592
2 0.172162 0.401595
2 0.177842 0.445763
2 0.17178 0.481064
1 0.176593 0.490616
2 0.174895 0.518365
1 0.176756 0.53589
2 0.17351 0.59628
1 0.172916 0.685463
2 0.174721 0.696993
1 0.17659 0.760156
1 0.174608 0.901349
1 0.179284 0.0621316
0 0.180663 0.0959315
1 0.179453 0.121361
1 0.179067 0.186416
1 0.183377 0.242869
2 0.183385 0.273432
2 0.182465 0.313904
2 0.180189 0.366741
1 0.178521 0.414481
2 0.182778 0.478789
2 0.18078 0.503865
1 0.18395 0.515463
2 0.178719 0.565073
1 0.17852 0.575062
2 0.180463 0.605693
1 0.180413 0.617026
2 0.179188 0.631482
1 0.179787 0.646264
2 0.180859 0.721781
2 0.183325 0.801101
2 0.183129 0.836993
1 0.179687 0.863232
1 0.180381 0.936423
1 0.189827 0.00226636
1 0.184407 0.138389
1 0.185654 0.156818
2 0.189024 0.196257
2 0.188856 0.256346
1 0.189841 0.325232
2 0.186661 0.37999
2 0.18705 0.391701
2 0.185781 0.421147
2 0.185268 0.434858
2 0.184809 0.454395
1 0.188031 0.4676
2 0.188303 0.533418
0 0.185747 0.553007
2 0.184746 0.58622
2 0.184254 0.668662
2 0.187555 0.682227
2 0.186128 0.706095
0 0.18408 0.785872
1 0.188298 0.817072
1 0.186467 0.956655
2 0.191413 0.17313
2 0.195107 0.238409
2 0.191805 0.291492
2 0.195629 0.304856
2 0.192269 0.337964
2 0.19106 0.356754
2 0.192132 0.40524
2 0.196209 0.429344
2 0.195929 0.474598
2 0.194925 0.487591
2 0.196266 0.499562
2 0.196198 0.542903
2 0.195233 0.570325
2 0.195654 0.586096
2 0.195243 0.614527
2 0.19305 0.628906
2 0.19072 0.643848
2 0.192523 0.659223
1 0.192945 0.72319
2 0.191578 0.746934
2 0.194204 0.762569
1 0.190498 0.912359
1 0.190886 0.979539
1 0.198263 0.0239275
1 0.19683 0.0456576
1 0.201321 0.101574
1 0.197218 0.12244
0 0.198438 0.143794
1 0.197977 0.205483
1 0.200501 0.261543
2 0.201162 0.388641
2 0.199923 0.419141
0 0.197956 0.450286
2 0.199169 0.461497
2 0.198181 0.510731
2 0.198424 0.524888
2 0.201195 0.600324
2 0.202247 0.647938
2 0.198763 0.68703
1 0.198746 0.853557
1 0.201047 0.886467
0 0.202629 0.0695914
1 0.206303 0.161494
0 0.207019 0.197339
2 0.204215 0.217123
1 0.205525 0.23183
2 0.204138 0.275645
0 0.205714 0.30797
2 0.20536 0.327868
0 0.20423 0.365369
1 0.203226 0.400286
2 0.208368 0.443897
2 0.205855 0.485017
1 0.206643 0.493582
2 0.205221 0.554883
2 0.204584 0.622689
2 0.203686 0.666421
1 0.207457 0.678158
2 0.202497 0.707207
2 0.206198 0.728101
0 0.206643 0.743361
1 0.20246 0.776513
2 0.203234 0.794251
0 0.208129 0.866424
0 0.204305 0.93766
1 0.213025 0.0836567
1 0.213566 0.180273
2 0.211812 0.253362
2 0.211237 0.290946
2 0.208795 0.344066
2 0.209008 0.379851
2 0.212937 0.389993
1 0.208805 0.426056
2 0.211493 0.474055
2 0.213824 0.515085
1 0.209001 0.522981
2 0.208929 0.534395
2 0.209638 0.580436
1 0.209984 0.592855
2 0.210595 0.610875
1 0.209113 0.638917
2 0.211051 0.696611
2 0.213328 0.761961
2 0.211287 0.815049
1 0.213127 0.840181
1 0.211722 0.907298
1 0.219583 0.00262887
0 0.215187 0.0225091
1 0.215402 0.114561
1 0.220738 0.14961
1 0.21794 0.21546
2 0.217479 0.238695
1 0.219549 0.282096
2 0.216421 0.302998
1 0.218125 0.3412
2 0.215764 0.353599
2 0.216393 0.418448
2 0.220456 0.442455
1 0.214976 0.465219
2 0.215634 0.499273
1 0.217115 0.551411
2 0.219135 0.562182
2 0.2191 0.596021
2 0.215141 0.66046
2 0.219678 0.68199
2 0.218401 0.720646
2 0.21861 0.745883
1 0.22073 0.890404
1 0.221528 0.0663132
2 0.2259 0.191206
1 0.223777 0.261686
2 0.225417 0.316141
2 0.221586 0.330433
2 0.223055 0.367902
2 0.22601 0.397794
0 0.222914 0.410072
2 0.225243 0.432257
2 0.224929 0.461316
2 0.223941 0.488995
2 0.222774 0.528645
2 0.226069 0.547489
2 0.22162 0.574
2 0.22253 0.613578
2 0.221968 0.626249
2 0.222557 0.642888
1 0.224793 0.657577
2 0.226234 0.667227
1 0.223827 0.704311
2 0.223472 0.780268
0 0.224699 0.826643
1 0.226739 0.957747
1 0.22317 0.981448
1 0.228604 0.0458716
1 0.228651 0.12808
2 0.229213 0.207556
2 0.230259 0.27028
2 0.228094 0.293046
1 0.228837 0.304846
2 0.228891 0.349833
2 0.232922 0.362474
1 0.231212 0.383818
1 0.231547 0.50418
2 0.231871 0.516888
1 0.232069 0.525352
2 0.229591 0.558756
2 0.228731 0.591032
0 0.230824 0.606688
2 0.232724 0.619539
1 0.232161 0.681756
2 0.227963 0.692639
2 0.230283 0.733932
1 0.230081 0.758025
1 0.22796 0.792119
2 0.228714 0.812435
1 0.228233 0.862118
1 0.234366 0.106087
1 0.238062 0.186791
0 0.237323 0.226757
2 0.236985 0.242786
2 0.233631 0.339848
2 0.236871 0.405444
1 0.237384 0.4291
2 0.239186 0.442137
2 0.233388 0.449841
0 0.233243 0.464666
2 0.233281 0.474388
2 0.235498 0.485611
2 0.235441 0.537638
1 0.236275 0.568201
2 0.236761 0.5813
2 0.235537 0.640081
2 0.235925 0.656405
2 0.233201 0.716766
2 0.237701 0.74554
1 0.235305 0.905447
1 0.233136 0.926317
1 0.239934 0.00190684
2 0.245298 0.0823335
2 0.244207 0.20326
2 0.24194 0.254486
0 0.242245 0.266188
2 0.240621 0.279674
2 0.24177 0.304349
2 0.239906 0.319184
2 0.240571 0.350921
2 0.241511 0.392415
2 0.239728 0.417333
1 0.242516 0.450309
2 0.239594 0.458484
2 0.244476 0.469597
1 0.241684 0.480318
2 0.244264 0.499257
2 0.244042 0.517753
2 0.241179 0.557844
2 0.245051 0.597672
2 0.243648 0.612124
2 0.242192 0.630412
2 0.240648 0.674551
2 0.243049 0.688074
2 0.245104 0.712765
1 0.243995 0.735746
2 0.240382 0.766052
1 0.240733 0.806955
2 0.240228 0.835497
1 0.245979 0.0236187
1 0.250147 0.0462389
1 0.246487 0.127077
0 0.247626 0.144098
1 0.247566 0.166065
0 0.246335 0.338768
2 0.249285 0.373398
1 0.251405 0.39227
2 0.250931 0.409881
2 0.249758 0.484134
2 0.251392 0.506893
2 0.251176 0.52788
2 0.246032 0.537303
2 0.245624 0.548471
2 0.24755 0.580533
2 0.248261 0.622274
1 0.248318 0.645885
0 0.248175 0.665559
2 0.250832 0.703305
2 0.246454 0.725723
0 0.245977 0.780075
2 0.251182 0.79424
1 0.246956 0.84718
1 0.24914 0.88993
2 0.248788 0.942065
1 0.250647 0.969971
2 0.252887 0.187923
1 0.253786 0.218518
1 0.254022 0.238327
2 0.25587 0.273621
2 0.254777 0.303431
1 0.253497 0.312628
2 0.257173 0.322517
2 0.253003 0.346419
1 0.255529 0.357085
2 0.257321 0.383155
2 0.254061 0.426297
1 0.255597 0.434426
2 0.252518 0.447649
2 0.25718 0.457488
0 0.256565 0.496646
2 0.253884 0.518836
2 0.256557 0.546398
2 0.254278 0.566453
1 0.252152 0.588698
2 0.25742 0.605624
2 0.251594 0.634001
2 0.254397 0.675227
2 0.254809 0.69078
2 0.25731 0.718841
2 0.252102 0.824936
1 0.252117 0.864813
1 0.256929 0.921832
2 0.263751 0.233742
1 0.258716 0.258728
2 0.262415 0.284933
1 0.258846 0.294689
2 0.262938 0.352676
2 0.258003 0.367389
2 0.260791 0.397956
2 0.260192 0.407778
2 0.262984 0.44861
2 0.262828 0.465512
1 0.262237 0.48077
2 0.259983 0.5117
1 0.263433 0.519474
2 0.257904 0.534778
2 0.261634 0.554364
2 0.261116 0.583198
2 0.258109 0.623858
2 0.261053 0.637579
2 0.262479 0.649872
2 0.259259 0.661284
0 0.260256 0.709794
2 0.262366 0.733766
1 0.261175 0.745865
2 0.258536 0.764941
1 0.261353 0.833937
1 0.260856 0.905102
0 0.26 0.996273
1 0.267958 0.0143374
1 0.264711 0.0784215
1 0.266557 0.134392
1 0.266248 0.171304
1 0.267138 0.192139
2 0.264315 0.210166
2 0.269733 0.251841
2 0.267064 0.327479
1 0.264572 0.338401
2 0.266634 0.362821
2 0.269893 0.374335
0 0.269427 0.393311
1 0.266033 0.418821
2 0.267522 0.436985
2 0.26859 0.508869
2 0.268555 0.546176
1 0.269581 0.558404
2 0.26443 0.564759
2 0.268823 0.574241
1 0.264666 0.617843
2 0.267699 0.628858
1 0.265706 0.686976
1 0.268602 0.726621
1 0.264759 0.777591
2 0.265346 0.792189
2 0.264822 0.814459
0 0.264491 0.884849
1 0.276058 0.0583361
1 0.273107 0.103224
2 0.272874 0.182103
2 0.271881 0.275467
2 0.272506 0.293743
2 0.271576 0.310042
2 0.27342 0.355583
2 0.271489 0.407584
2 0.272538 0.425351
1 0.274106 0.459231
2 0.272168 0.469962
2 0.270603 0.491998
2 0.273771 0.53662
2 0.274581 0.566411
2 0.274578 0.592633
2 0.271983 0.601345
1 0.272586 0.643317
2 0.275682 0.657857
2 0.271675 0.671097
2 0.27444 0.698284
2 0.27299 0.715511
2 0.273723 0.736005
2 0.272383 0.751652
2 0.271398 0.769589
1 0.272606 0.854999
1 0.273428 0.918368
1 0.274509 0.93539
1 0.271826 0.958791
0 0.278216 0.116827
0 0.281025 0.155815
1 0.279027 0.212869
2 0.2816 0.23079
1 0.278349 0.246864
2 0.28098 0.286175
1 0.28167 0.326128
2 0.278568 0.367593
2 0.277929 0.387355
1 0.276264 0.435326
2 0.279891 0.447742
2 0.281487 0.482462
2 0.278133 0.4998
2 0.281752 0.521319
0 0.279132 0.530612
2 0.278965 0.548592
2 0.276449 0.583649
2 0.278052 0.619773
2 0.279234 0.687303
0 0.280501 0.743202
2 0.281132 0.760272
2 0.2774 0.781945
2 0.277685 0.797451
0 0.279347 0.816536
2 0.276778 0.837122
1 0.278938 0.873284
1 0.278774 0.985978
0 0.283187 0.0391098
1 0.286994 0.130053
1 0.283509 0.182205
2 0.282303 0.194672
0 0.282614 0.266616
2 0.285321 0.316994
2 0.282524 0.343578
2 0.283883 0.380351
2 0.282638 0.400356
2 0.284241 0.414993
2 0.285832 0.433324
2 0.288337 0.450825
2 0.285644 0.463869
2 0.284368 0.473977
2 0.284424 0.490825
1 0.287362 0.500423
2 0.284422 0.508861
2 0.287547 0.537425
2 0.283149 0.564158
2 0.286105 0.577102
0 0.283586 0.590448
2 0.282549 0.63385
2 0.283196 0.645231
2 0.283282 0.666364
1 0.286772 0.677899
1 0.284142 0.703249
2 0.286477 0.734994
1 0.28325 0.904202
0 0.28621 0.970184
1 0.289313 0.0041328
1 0.291609 0.16581
2 0.294013 0.177207
0 0.291109 0.199903
2 0.293479 0.222216
2 0.292282 0.241532
2 0.290178 0.257134
1 0.293425 0.290226
2 0.288944 0.301139
2 0.29254 0.329921
2 0.294068 0.339692
2 0.290176 0.358413
2 0.293292 0.367551
1 0.288934 0.392004
2 0.293377 0.41614
1 0.293549 0.427858
2 0.29352 0.438336
2 0.293355 0.467813
2 0.29214 0.478141
2 0.292944 0.48743
2 0.293279 0.556598
2 0.289063 0.604561
2 0.29032 0.618151
2 0.292238 0.627679
2 0.294278 0.654435
2 0.292681 0.664688
2 0.289991 0.689937
2 0.289521 0.712705
1 0.290601 0.722891
1 0.289829 0.767748
2 0.291631 0.778099
1 0.292229 0.80202
2 0.291794 0.824949
0 0.29293 0.851304
1 0.290603 0.920504
1 0.292594 0.946158
1 0.295608 0.231997
2 0.299549 0.270528
0 0.295864 0.308119
2 0.299493 0.323072
2 0.296185 0.378071
2 0.296604 0.398593
2 0.299635 0.446904
0 0.294523 0.456995
2 0.295147 0.495867
2 0.294759 0.512986
1 0.296217 0.520545
2 0.296464 0.569119
2 0.296167 0.583288
2 0.29945 0.593569
1 0.297822 0.612266
2 0.297214 0.643432
2 0.299615 0.673926
2 0.29954 0.727763
2 0.298211 0.742975
2 0.297663 0.759421
1 0.297669 0.871614
1 0.294645 0.890458
1 0.303724 0.0263239
1 0.303647 0.050954
1 0.302574 0.0899983
2 0.303118 0.209123
1 0.301551 0.259477
2 0.306709 0.278843
2 0.30485 0.311738
1 0.302441 0.331858
0 0.30229 0.349344
2 0.304509 0.364028
1 0.303626 0.374547
2 0.30645 0.386549
2 0.305855 0.400009
0 0.302675 0.41293
2 0.303461 0.429213
2 0.302958 0.467423
1 0.304626 0.484132
2 0.305764 0.501115
2 0.30304 0.509848
2 0.305344 0.534028
1 0.30573 0.545206
2 0.30183 0.557119
1 0.306484 0.56853
2 0.301918 0.575979
2 0.305317 0.585536
2 0.306668 0.599193
2 0.306708 0.653918
0 0.30268 0.665237
2 0.306565 0.683561
2 0.3009 0.702623
0 0.3051 0.781603
2 0.305866 0.794591
2 0.303979 0.809149
1 0.301891 0.836155
1 0.309266 0.17008
2 0.307022 0.183769
2 0.306886 0.233949
2 0.306784 0.247848
2 0.310925 0.266304
2 0.307684 0.294643
2 0.310534 0.326484
2 0.31086 0.340946
2 0.311251 0.418027
2 0.312366 0.430116
2 0.310094 0.439059
1 0.307272 0.446472
2 0.309526 0.455451
2 0.311802 0.463669
2 0.309759 0.47559
2 0.311456 0.609193
2 0.312389 0.636105
1 0.307506 0.644033
2 0.307827 0.714226
2 0.306806 0.735441
1 0.307349 0.765791
0 0.310574 0.908083
1 0.307779 0.922289
1 0.309314 0.939374
1 0.312633 0.961091
1 0.306935 0.979817
1 0.307765 0.999722
1 0.313669 0.11982
1 0.313991 0.151602
1 0.318395 0.191032
2 0.317624 0.200614
1 0.314458 0.211382
1 0.317987 0.235287
0 0.315709 0.25741
2 0.317391 0.286171
2 0.314452 0.310388
2 0.314863 0.354817
2 0.31433 0.370972
2 0.314458 0.382512
2 0.317748 0.396926
1 0.318536 0.405334
1 0.315776 0.470582
2 0.317282 0.494521
0 0.313816 0.501492
2 0.31496 0.51521
2 0.315152 0.524254
2 0.313495 0.5525
2 0.316664 0.575999
2 0.316694 0.584381
1 0.316466 0.594275
2 0.313267 0.617725
2 0.318576 0.649467
2 0.314966 0.660836
2 0.31372 0.692792
2 0.316263 0.704849
2 0.314544 0.723014
2 0.315478 0.760096
2 0.318305 0.791085
1 0.316094 0.811314
2 0.315243 0.827361
1 0.316751 0.85467
1 0.31426 0.883088
1 0.321841 0.010762
2 0.319187 0.172483
2 0.321178 0.22262
2 0.3215 0.24816
2 0.322427 0.276788
2 0.322314 0.30204
2 0.323245 0.316602
2 0.319542 0.33311
2 0.321259 0.343278
2 0.323974 0.368544
2 0.324118 0.388947
2 0.321334 0.429726
2 0.324517 0.438872
2 0.32145 0.448422
2 0.32442 0.462996
2 0.31942 0.4863
2 0.319936 0.506399
2 0.325151 0.526924
0 0.322488 0.537304
1 0.324734 0.557162
2 0.31931 0.56496
2 0.324958 0.572685
2 0.325093 0.58681
2 0.320882 0.601093
2 0.321732 0.615708
1 0.322466 0.623697
2 0.31945 0.669307
1 0.321946 0.682105
1 0.323788 0.717322
0 0.320172 0.742016
2 0.321993 0.771556
1 0.320568 0.781091
2 0.320861 0.864908
1 0.322249 0.897281
1 0.328899 0.0432987
1 0.329271 0.0834965
2 0.325973 0.14746
1 0.329653 0.17325
2 0.325268 0.26518
0 0.326757 0.290348
1 0.331 0.311602
1 0.329859 0.337108
2 0.328976 0.355175
2 0.329569 0.400878
2 0.329008 0.4155
2 0.32755 0.479414
2 0.329053 0.492398
2 0.327206 0.502393
1 0.325993 0.512521
2 0.32783 0.547232
2 0.329801 0.603626
2 0.328589 0.632088
2 0.331063 0.653917
2 0.326106 0.662422
2 0.328769 0.674545
2 0.330454 0.690314
2 0.326233 0.733473
2 0.32709 0.758357
2 0.328667 0.801014
2 0.326335 0.816925
2 0.328488 0.842426
0 0.330393 0.876891
1 0.329184 0.956138
0 0.330542 0.984888
0 0.332929 0.106599
0 0.331431 0.156489
0 0.332961 0.193456
1 0.333271 0.214824
2 0.334648 0.242325
2 0.332075 0.253358
2 0.336857 0.267287
2 0.336383 0.304401
2 0.331783 0.322325
2 0.33435 0.346357
2 0.335154 0.371986
1 0.337114 0.380499
2 0.333228 0.387765
2 0.333794 0.424505
2 0.33234 0.43579
1 0.331798 0.449253
1 0.334381 0.472172
1 0.336797 0.490495
2 0.334954 0.498735
2 0.334395 0.514949
2 0.335741 0.530199
2 0.33453 0.538824
2 0.332287 0.556722
2 0.33424 0.567044
2 0.332211 0.580575
2 0.33598 0.589302
2 0.335254 0.617339
1 0.336556 0.646928
2 0.332609 0.705582
2 0.332518 0.721104
1 0.335951 0.732283
2 0.331607 0.785171
1 0.337017 0.849206
1 0.335052 0.931694
1 0.342719 0.00587713
1 0.34349 0.131248
2 0.339598 0.184435
2 0.343231 0.205278
2 0.341797 0.226428
1 0.340318 0.234805
2 0.343034 0.250533
1 0.339522 0.259296
2 0.337886 0.284378
1 0.340961 0.35738
2 0.3413 0.390506
2 0.338132 0.403045
1 0.341413 0.414877
2 0.338076 0.445163
2 0.342056 0.454737
2 0.341441 0.468599
2 0.343404 0.542861
2 0.339679 0.55203
2 0.340484 0.561325
1 0.341275 0.599951
2 0.341914 0.611349
2 0.340396 0.625448
2 0.338923 0.637638
2 0.339548 0.661651
2 0.341986 0.672826
2 0.343025 0.714799
2 0.34072 0.739192
1 0.338654 0.751371
2 0.342031 0.77012
0 0.343356 0.79568
2 0.339207 0.807436
1 0.338056 0.831939
2 0.338363 0.863886
1 0.337931 0.905677
0 0.339084 0.945725
1 0.339673 0.97354
2 0.349583 0.0438927
1 0.349103 0.0920367
2 0.347546 0.156568
2 0.344743 0.172353
1 0.348423 0.275285
2 0.347543 0.288601
1 0.344227 0.298354
2 0.347645 0.318256
2 0.343941 0.331567
2 0.343606 0.340919
2 0.347146 0.352491
2 0.344719 0.376559
2 0.347208 0.400285
2 0.349308 0.422484
2 0.343696 0.433029
1 0.34729 0.440072
2 0.346162 0.480281
2 0.348707 0.488629
2 0.34388 0.501591
2 0.345743 0.515687
1 0.344169 0.522769
2 0.347993 0.55838
1 0.346834 0.567971
2 0.344992 0.575014
2 0.34966 0.605196
2 0.348461 0.617636
2 0.344983 0.64518
1 0.348754 0.667692
2 0.345034 0.683863
2 0.347063 0.696522
2 0.345192 0.727115
2 0.348534 0.749087
2 0.346056 0.78503
1 0.346714 0.81494
2 0.347516 0.844687
1 0.349268 0.862905
1 0.354312 0.11339
1 0.355538 0.165038
2 0.353174 0.197223
0 0.352857 0.219467
2 0.355125 0.269224
2 0.354162 0.304308
2 0.354008 0.358423
2 0.350481 0.369012
2 0.352333 0.38341
2 0.355613 0.392264
2 0.350228 0.410626
2 0.350141 0.44848
0 0.351388 0.459397
2 0.353685 0.470005
2 0.35546 0.481458
1 0.355497 0.503123
2 0.352873 0.524725
2 0.352324 0.534423
2 0.352915 0.542407
2 0.354289 0.552289
2 0.353518 0.572204
2 0.35299 0.582777
2 0.351656 0.591281
2 0.352286 0.625395
2 0.352054 0.637442
2 0.350925 0.652562
2 0.354302 0.683097
1 0.35478 0.693269
2 0.354061 0.708116
1 0.351636 0.71611
2 0.354534 0.724236
1 0.354378 0.737956
0 0.35413 0.758019
1 0.349696 0.773959
2 0.355041 0.791646
2 0.349773 0.874097
2 0.352618 0.890807
0 0.354677 0.909681
2 0.353752 0.927159
1 0.355155 0.964332
1 0.360316 0.0600517
2 0.360829 0.173402
1 0.35615 0.187732
1 0.358223 0.232576
2 0.35797 0.24353
2 0.356662 0.254413
2 0.359195 0.292531
0 0.35733 0.320594
2 0.357616 0.329138
1 0.36075 0.336935
2 0.359218 0.347754
1 0.360792 0.377452
2 0.356277 0.40056
2 0.356221 0.430017
2 0.355956 0.439399
2 0.360591 0.447952
2 0.356842 0.489488
2 0.360582 0.516119
2 0.360042 0.531665
2 0.356006 0.561917
2 0.358982 0.601869
1 0.357255 0.617376
2 0.360574 0.629168
2 0.361229 0.646951
2 0.359167 0.672475
2 0.360428 0.732474
2 0.361353 0.749407
2 0.361324 0.775893
1 0.359501 0.802404
2 0.355971 0.822005
1 0.357573 0.834032
2 0.360248 0.850475
1 0.359653 0.940584
1 0.356292 0.983166
1 0.366107 0.0245484
2 0.364284 0.158339
2 0.367495 0.185759
1 0.367458 0.21542
2 0.367464 0.227365
0 0.366965 0.250001
2 0.366102 0.26624
2 0.363473 0.276056
2 0.366574 0.306793
2 0.366232 0.31752
1 0.365241 0.355767
2 0.365828 0.366423
2 0.362899 0.387107
2 0.366152 0.395978
1 0.364067 0.40382
2 0.363261 0.41291
2 0.365544 0.455766
1 0.364708 0.469724
2 0.362827 0.495601
2 0.366546 0.503344
0 0.367699 0.528208
2 0.365838 0.538491
1 0.367376 0.548298
2 0.366459 0.560786
0 0.364558 0.574089
2 0.363609 0.581963
1 0.365863 0.592351
2 0.365285 0.609007
2 0.365693 0.638784
2 0.362239 0.662507
2 0.363715 0.692603
2 0.368044 0.705936
2 0.366021 0.760259
2 0.364803 0.81194
2 0.366681 0.827609
2 0.364006 0.872607
1 0.363808 0.885743
1 0.366363 0.908291
1 0.367112 0.925792
1 0.369931 0.0834737
0 0.373123 0.167589
2 0.369455 0.198462
2 0.369736 0.238439
1 0.373334 0.286274
2 0.369249 0.294598
2 0.369913 0.328253
2 0.372014 0.340823
2 0.372838 0.351612
2 0.373067 0.41065
0 0.371508 0.418361
2 0.369256 0.43068
2 0.372439 0.439955
1 0.369121 0.446818
2 0.373448 0.452753
2 0.368967 0.46369
2 0.371836 0.471135
2 0.373577 0.48215
2 0.373589 0.496229
2 0.371795 0.510273
2 0.371082 0.518115
2 0.374176 0.559175
2 0.371724 0.586444
2 0.369691 0.615831
2 0.370393 0.626695
2 0.373223 0.64602
2 0.369982 0.658335
2 0.369628 0.667348
0 0.368546 0.67899
1 0.372665 0.720576
2 0.373545 0.732991
2 0.370371 0.744222
2 0.373799 0.780248
2 0.37333 0.803761
2 0.373039 0.843515
0 0.369496 0.955092
1 0.370012 0.970378
0 0.374213 0.994079
0 0.37857 0.0696039
1 0.378352 0.117754
1 0.379056 0.140301
2 0.379727 0.152185
2 0.377959 0.177993
2 0.377835 0.208314
2 0.378944 0.219456
1 0.380098 0.23286
2 0.375453 0.250492
2 0.378485 0.260992
1 0.380116 0.268932
1 0.377885 0.303688
2 0.374689 0.312613
2 0.376844 0.321573
1 0.379003 0.333025
2 0.378211 0.361395
0 0.376402 0.374824
2 0.376507 0.382575
2 0.374603 0.396192
2 0.378437 0.404758
2 0.379386 0.487985
2 0.378539 0.504667
1 0.379714 0.515062
2 0.377049 0.524548
2 0.374965 0.537964
2 0.379039 0.552784
2 0.378093 0.568112
2 0.376188 0.575489
2 0.377157 0.593247
2 0.375096 0.604201
2 0.379325 0.622251
1 0.380302 0.662807
2 0.376836 0.68651
2 0.377852 0.703669
2 0.378834 0.714424
1 0.3747 0.757133
0 0.379345 0.788902
1 0.374445 0.816552
1 0.377604 0.834034
1 0.376924 0.856493
1 0.379708 0.8747
2 0.376528 0.887544
2 0.378725 0.919685
1 0.37912 0.94181
1 0.383374 0.0155163
1 0.381474 0.0524078
1 0.384868 0.187286
0 0.385553 0.202878
2 0.384828 0.243259
2 0.381183 0.283884
2 0.383284 0.295425
2 0.385931 0.308211
2 0.385444 0.337773
2 0.381348 0.347434
2 0.386221 0.37994
2 0.382869 0.388935
2 0.380553 0.414958
2 0.383359 0.42773
2 0.386349 0.43508
2 0.38194 0.447201
2 0.382921 0.455645
1 0.38089 0.463905
1 0.381972 0.481701
2 0.385706 0.521536
2 0.384498 0.53653
2 0.385189 0.544341
1 0.385249 0.571129
2 0.381971 0.581178
2 0.383869 0.589102
2 0.386269 0.605719
1 0.380508 0.614033
0 0.383483 0.640002
2 0.384248 0.675111
2 0.385138 0.690934
2 0.384921 0.731657
2 0.383655 0.747923
2 0.381156 0.763555
2 0.385425 0.800044
2 0.383864 0.811412
2 0.385874 0.827946
2 0.38504 0.848267
2 0.384198 0.863462
2 0.383109 0.903533
1 0.385365 0.977025
2 0.391647 0.138656
2 0.392007 0.171245
2 0.389375 0.257541
2 0.392144 0.286872
2 0.387081 0.318053
2 0.392171 0.344663
2 0.390108 0.355091
2 0.388383 0.367295
1 0.389897 0.394216
2 0.387768 0.403145
2 0.388587 0.413129
2 0.389548 0.422125
2 0.387711 0.466486
2 0.391357 0.477686
2 0.387053 0.491881
2 0.389525 0.500842
2 0.386856 0.554818
2 0.389271 0.564097
2 0.392539 0.571185
2 0.392581 0.586965
2 0.389889 0.597376
2 0.388087 0.617495
2 0.386578 0.629768
2 0.389309 0.649627
2 0.387656 0.664378
2 0.388719 0.704844
2 0.387812 0.720611
1 0.389375 0.772017
2 0.392044 0.786568
2 0.390125 0.881385
1 0.388746 0.892863
2 0.39104 0.94193
1 0.387656 0.956488
1 0.394288 0.08654
1 0.396145 0.150797
2 0.397379 0.185439
2 0.39528 0.198399
1 0.394069 0.219183
2 0.394236 0.229878
2 0.397086 0.247326
1 0.398252 0.264436
2 0.398714 0.276688
2 0.397399 0.304725
1 0.396576 0.321154
2 0.397606 0.331119
1 0.398368 0.355268
2 0.396065 0.380206
2 0.396582 0.38822
2 0.395816 0.40662
1 0.396964 0.419049
2 0.392956 0.439675
0 0.395272 0.456771
1 0.398547 0.472725
1 0.394854 0.496424
2 0.395296 0.506971
2 0.393447 0.51701
2 0.396315 0.530145
2 0.398435 0.541646
2 0.393259 0.549307
2 0.398346 0.560478
2 0.396131 0.610574
2 0.394309 0.62364
2 0.394686 0.641693
2 0.396032 0.65857
1 0.394095 0.678223
2 0.393933 0.697286
1 0.39582 0.727323
0 0.393912 0.752971
2 0.393248 0.761329
2 0.398228 0.770947
2 0.397279 0.806639
1 0.39532 0.822066
2 0.398611 0.833477
1 0.394293 0.842671
1 0.392937 0.920512
1 0.402633 0.00508969
1 0.39941 0.0433692
1 0.403059 0.110974
1 0.402553 0.171632
1 0.404683 0.195979
2 0.404532 0.205705
0 0.399453 0.239226
1 0.40129 0.294419
2 0.400708 0.312985
1 0.40185 0.33776
2 0.400597 0.346915
2 0.401481 0.366065
2 0.403609 0.403531
2 0.403352 0.422581
2 0.400331 0.435095
2 0.400392 0.451063
2 0.40113 0.46138
2 0.404511 0.468227
2 0.399179 0.489937
1 0.401512 0.513798
2 0.402982 0.524571
1 0.402102 0.535559
2 0.403653 0.553895
2 0.401805 0.568203
2 0.399743 0.58459
2 0.399788 0.593405
2 0.40336 0.618996
1 0.402845 0.628996
2 0.400725 0.651391
2 0.400947 0.691156
2 0.402563 0.719177
2 0.403639 0.731584
2 0.400054 0.746384
2 0.398806 0.794564
2 0.403962 0.867438
1 0.401706 0.878664
1 0.404584 0.897919
2 0.399649 0.907534
0 0.403604 0.927532
1 0.403945 0.964479
1 0.401523 0.985329
2 0.407909 0.072507
2 0.405302 0.131287
2 0.410918 0.153894
2 0.409238 0.184233
2 0.407526 0.223669
2 0.409687 0.240502
2 0.407763 0.253055
2 0.405743 0.267976
2 0.409155 0.28213
2 0.406346 0.324481
2 0.407932 0.353103
0 0.409373 0.366848
2 0.404919 0.377132
2 0.405488 0.385441
2 0.405571 0.394281
2 0.407713 0.413766
2 0.407194 0.445519
2 0.408018 0.478629
2 0.411028 0.49133
2 0.405164 0.501349
2 0.409577 0.515386
2 0.41033 0.531206
2 0.409104 0.542584
2 0.406437 0.561132
2 0.405838 0.576038
2 0.409463 0.589783
0 0.409408 0.599857
2 0.406657 0.607696
2 0.404978 0.643007
2 0.409154 0.652536
1 0.40497 0.661799
2 0.408941 0.672509
2 0.406367 0.683847
1 0.40931 0.69268
2 0.405238 0.702306
0 0.409675 0.710279
2 0.408786 0.742509
1 0.409328 0.759882
2 0.40886 0.776452
1 0.407879 0.793793
2 0.408519 0.845404
0 0.415171 0.0315369
2 0.414049 0.263515
0 0.416025 0.274025
1 0.416966 0.305601
2 0.411494 0.31147
2 0.413297 0.332751
2 0.413379 0.343764
2 0.417052 0.354929
2 0.416819 0.364515
2 0.414609 0.374767
2 0.416486 0.386343
1 0.411899 0.397096
2 0.416705 0.402086
1 0.416094 0.41549
2 0.411339 0.42321
2 0.414764 0.430915
1 0.413661 0.438295
2 0.412466 0.452357
2 0.414585 0.459846
2 0.413805 0.467473
2 0.415055 0.483289
2 0.415248 0.499689
2 0.411339 0.50666
2 0.412644 0.523155
2 0.412827 0.565973
2 0.414599 0.573612
1 0.413853 0.583363
2 0.411479 0.618244
2 0.415865 0.626591
2 0.414987 0.663982
2 0.413548 0.718753
2 0.41322 0.733859
2 0.416974 0.750109
2 0.414537 0.767082
2 0.4151 0.786843
2 0.416476 0.798497
2 0.413101 0.818351
1 0.414987 0.853643
2 0.411229 0.8824
2 0.414024 0.902472
1 0.412375 0.937839
0 0.415732 0.975518
1 0.420913 0.0469257
1 0.421296 0.0671465
1 0.420948 0.0901335
2 0.423128 0.130442
1 0.422829 0.144426
2 0.423065 0.165883
2 0.422046 0.17935
2 0.419392 0.193598
0 0.419901 0.210788
2 0.417501 0.229197
1 0.418677 0.245509
2 0.41817 0.284508
2 0.417971 0.293928
2 0.42172 0.312236
0 0.421719 0.325648
2 0.421169 0.336905
1 0.421511 0.345013
2 0.422866 0.372904
1 0.421902 0.380059
2 0.42276 0.409229
2 0.422089 0.420381
2 0.420255 0.453892
1 0.42131 0.460782
2 0.421753 0.47703
2 0.417992 0.516944
2 0.417943 0.531489
0 0.417585 0.544989
2 0.420895 0.556055
1 0.419298 0.564144
2 0.420574 0.601025
2 0.421528 0.609343
1 0.419516 0.619766
2 0.419526 0.640218
2 0.420279 0.648911
2 0.418622 0.680947
2 0.419297 0.694986
2 0.419826 0.708055
1 0.422327 0.732532
2 0.419157 0.829551
0 0.418129 0.872098
2 0.422945 0.919428
1 0.421566 0.955493
1 0.419505 0.99005
2 0.426287 0.217868
2 0.427996 0.245605
2 0.428369 0.27918
2 0.424274 0.300399
2 0.428171 0.353049
2 0.428651 0.414259
2 0.424297 0.431849
2 0.425473 0.442154
2 0.426725 0.469578
2 0.423668 0.491484
2 0.42926 0.500952
1 0.425457 0.508294
2 0.428416 0.516274
2 0.427409 0.527448
2 0.424672 0.533906
2 0.425977 0.546688
2 0.4284 0.56168
2 0.42796 0.574737
2 0.423494 0.58347
2 0.424419 0.592282
1 0.42767 0.603803
2 0.428171 0.631681
1 0.426308 0.655523
2 0.428139 0.663351
1 0.425306 0.677481
2 0.427211 0.713004
2 0.427351 0.72457
0 0.427544 0.768812
1 0.428979 0.834799
2 0.426607 0.850354
2 0.424856 0.881568
1 0.428941 0.900411
2 0.431661 0.0805278
1 0.43256 0.112811
1 0.433744 0.189334
2 0.429785 0.207373
2 0.430425 0.231017
2 0.429893 0.257512
1 0.431825 0.271297
2 0.434811 0.290517
2 0.434762 0.300916
2 0.435124 0.313141
2 0.429831 0.324194
2 0.430104 0.338291
2 0.430149 0.36113
2 0.433532 0.369881
2 0.434509 0.377633
2 0.433429 0.388786
2 0.429917 0.395889
2 0.43065 0.406065
2 0.433732 0.420109
1 0.430466 0.434588
0 0.435499 0.451519
2 0.431321 0.463019
2 0.433729 0.470024
2 0.429795 0.479625
2 0.434773 0.486617
2 0.435515 0.525843
2 0.430227 0.538337
2 0.430337 0.553733
2 0.431861 0.593234
2 0.430306 0.611283
2 0.430758 0.620175
0 0.433593 0.626378
2 0.435408 0.634159
2 0.431418 0.644415
2 0.433287 0.654958
2 0.431779 0.671427
2 0.435369 0.679128
2 0.434045 0.691216
1 0.43011 0.700254
2 0.430464 0.736242
2 0.432213 0.749726
2 0.432984 0.781074
2 0.430703 0.794968
1 0.431406 0.809034
2 0.434425 0.826961
1 0.433154 0.916058
2 0.433546 0.949035
1 0.432418 0.972314
1 0.440684 0.0129948
2 0.439078 0.0992287
2 0.440559 0.125546
2 0.44024 0.148709
2 0.436816 0.17586
2 0.440579 0.206434
1 0.439269 0.216564
2 0.440838 0.228757
1 0.441216 0.237135
2 0.43826 0.245658
2 0.439703 0.262634
2 0.43981 0.320434
2 0.438753 0.333529
2 0.441367 0.34385
2 0.437604 0.355438
2 0.438861 0.36374
1 0.436446 0.400496
2 0.436074 0.427022
2 0.435984 0.444729
2 0.441463 0.465853
1 0.437895 0.476948
2 0.436993 0.493345
2 0.437911 0.501379
2 0.438839 0.5162
1 0.441457 0.53442
2 0.439021 0.545899
1 0.439537 0.567792
2 0.436112 0.578201
2 0.440686 0.586783
2 0.437276 0.607581
2 0.441591 0.613547
0 0.440773 0.658638
2 0.43814 0.666289
2 0.440679 0.712105
2 0.439115 0.725551
2 0.440579 0.744797
2 0.440297 0.769345
2 0.438095 0.862099
2 0.440706 0.8847
1 0.442478 0.0456034
2 0.443679 0.164319
1 0.442711 0.287136
1 0.443073 0.311682
2 0.447818 0.348575
1 0.443405 0.372693
2 0.44223 0.384367
2 0.443256 0.397617
2 0.441918 0.405822
0 0.441744 0.414567
2 0.443992 0.427802
2 0.442451 0.440397
2 0.444099 0.457691
2 0.444951 0.475721
2 0.444177 0.482605
2 0.443604 0.509344
2 0.442658 0.522908
2 0.441893 0.559851
2 0.445434 0.578207
2 0.442396 0.62402
2 0.441812 0.645384
2 0.444825 0.679619
2 0.441803 0.699528
0 0.444919 0.7333
2 0.442083 0.757703
2 0.442394 0.791028
2 0.443271 0.819953
2 0.445694 0.847255
1 0.445123 0.875255
1 0.447356 0.893334
2 0.444794 0.909831
1 0.444188 0.934509
1 0.447344 0.953623
1 0.449949 0.0651397
2 0.453399 0.145106
2 0.45301 0.178349
2 0.453013 0.192297
2 0.450211 0.224424
2 0.449309 0.241868
0 0.449842 0.250312
1 0.451831 0.27033
2 0.448711 0.281044
2 0.448666 0.298411
2 0.452735 0.317601
2 0.450382 0.329718
2 0.453125 0.337471
0 0.448582 0.359196
2 0.448635 0.367886
1 0.448158 0.388118
2 0.450255 0.422859
2 0.449241 0.435325
2 0.452926 0.448729
1 0.453073 0.462815
2 0.452323 0.472459
2 0.448782 0.488447
0 0.448809 0.499502
2 0.447994 0.516628
2 0.44861 0.531489
2 0.452848 0.538317
2 0.450944 0.54884
2 0.449887 0.557647
2 0.453406 0.567527
2 0.449866 0.591467
1 0.449595 0.599246
2 0.451691 0.607365
2 0.448971 0.618089
2 0.448568 0.634779
2 0.450015 0.644316
2 0.448244 0.65489
2 0.451535 0.667087
1 0.453381 0.684298
2 0.447882 0.688818
1 0.449897 0.713556
2 0.452045 0.729571
2 0.448822 0.740975
2 0.449771 0.75149
2 0.448676 0.764448
2 0.448643 0.776063
2 0.449261 0.803464
2 0.449066 0.83455
2 0.452458 0.860946
0 0.452907 0.925845
1 0.452461 0.977449
1 0.457051 0.0237572
0 0.454046 0.0855512
1 0.456343 0.130028
0 0.455294 0.167124
2 0.456923 0.203802
2 0.45933 0.242154
2 0.459939 0.283897
1 0.459078 0.303583
2 0.459571 0.326198
1 0.459579 0.333849
2 0.457331 0.357829
2 0.454647 0.377572
2 0.454263 0.391528
2 0.455382 0.402128
2 0.457591 0.413423
1 0.459999 0.420794
1 0.455491 0.437234
2 0.455151 0.484754
2 0.456863 0.491865
2 0.459105 0.50014
2 0.455194 0.511918
2 0.457066 0.525571
2 0.459341 0.533244
2 0.457188 0.596371
2 0.4596 0.605486
1 0.456763 0.616838
1 0.455267 0.635698
2 0.457445 0.649103
1 0.456174 0.661623
2 0.456881 0.677029
2 0.456385 0.695045
2 0.455 0.707057
2 0.459126 0.718459
2 0.457712 0.737664
2 0.457042 0.757458
1 0.455252 0.78343
0 0.45866 0.804351
2 0.455423 0.814393
1 0.458458 0.825936
1 0.454949 0.914398
2 0.454572 0.964917
1 0.454089 0.996019
2 0.461399 0.102177
2 0.46583 0.163142
2 0.462929 0.212789
2 0.462725 0.228433
2 0.463959 0.252382
2 0.462784 0.261751
2 0.462175 0.295244
0 0.464713 0.318248
1 0.463041 0.35079
2 0.465608 0.357914
2 0.460951 0.364633
2 0.461336 0.382806
1 0.46101 0.398422
2 0.464693 0.407843
2 0.460504 0.429448
2 0.461865 0.443576
2 0.461147 0.463018
2 0.461255 0.471957
2 0.466167 0.478992
1 0.465391 0.49009
2 0.462139 0.50962
2 0.460647 0.51794
2 0.466206 0.524746
1 0.465013 0.539892
2 0.462429 0.547714
2 0.461522 0.560175
2 0.462213 0.570032
2 0.460272 0.576887
2 0.460877 0.588352
2 0.462085 0.629724
2 0.463128 0.662016
2 0.46301 0.670259
2 0.464738 0.686442
2 0.465633 0.694729
2 0.462448 0.729845
2 0.462115 0.747284
2 0.46254 0.765941
2 0.465401 0.795662
1 0.464376 0.854702
2 0.460862 0.875933
2 0.461922 0.905151
1 0.464459 0.937236
1 0.466233 0.959884
2 0.470695 0.121523
2 0.467129 0.140784
2 0.468058 0.180485
0 0.470803 0.205715
1 0.469336 0.243183
2 0.466516 0.271844
2 0.4671 0.334289
2 0.46638 0.343103
1 0.467648 0.36871
2 0.467456 0.377805
2 0.471257 0.391771
2 0.470091 0.400724
2 0.471502 0.417009
2 0.466951 0.435306
2 0.469244 0.445727
2 0.468596 0.455751
1 0.471473 0.461738
2 0.469591 0.468731
2 0.471279 0.496108
1 0.467915 0.512327
2 0.469961 0.5306
2 0.4711 0.550541
0 0.472273 0.561239
2 0.468809 0.588283
2 0.469182 0.599749
2 0.467111 0.610653
2 0.469838 0.619702
2 0.469596 0.639705
2 0.46779 0.64809
2 0.467681 0.678887
2 0.466661 0.704615
2 0.46996 0.713714
1 0.466552 0.722665
1 0.472295 0.745076
2 0.471045 0.755751
2 0.471486 0.772263
2 0.469356 0.810026
2 0.471838 0.822973
2 0.469579 0.841897
2 0.46873 0.890708
2 0.471475 0.923894
1 0.474935 0.0403063
1 0.473918 0.067671
2 0.476305 0.0918468
1 0.478131 0.135198
2 0.472597 0.194111
2 0.47386 0.236173
2 0.47627 0.259035
2 0.477283 0.28623
2 0.472459 0.30324
2 0.476536 0.319976
1 0.4771 0.330652
2 0.474409 0.344226
2 0.473994 0.352772
2 0.476223 0.360549
2 0.477769 0.379133
2 0.478502 0.387723
0 0.477371 0.396702
2 0.472957 0.425377
2 0.476965 0.442818
2 0.475286 0.4534
2 0.477822 0.462293
2 0.47412 0.47522
2 0.475094 0.487532
2 0.475982 0.504889
2 0.476208 0.523253
2 0.472845 0.539589
2 0.473105 0.571147
2 0.475277 0.585074
1 0.473256 0.593316
2 0.476851 0.605302
2 0.47402 0.613326
2 0.47623 0.628292
2 0.475414 0.646881
1 0.477262 0.665046
2 0.475862 0.699657
2 0.475686 0.734234
2 0.472661 0.782871
2 0.476956 0.861842
1 0.477025 0.898702
0 0.473935 0.951139
1 0.475358 0.979203
1 0.47388 0.999983
0 0.478913 0.0171178
1 0.480453 0.106755
2 0.482854 0.148056
2 0.478573 0.15962
2 0.482526 0.171936
1 0.481538 0.184399
2 0.482701 0.201078
2 0.481454 0.214092
1 0.482912 0.229464
2 0.480286 0.24826
1 0.478711 0.268145
2 0.48205 0.294624
1 0.481221 0.305423
2 0.484559 0.314544
2 0.480887 0.338895
1 0.48424 0.368085
2 0.484164 0.375044
2 0.48142 0.402726
2 0.480571 0.417803
2 0.48361 0.429839
0 0.482818 0.436901
2 0.48153 0.46849
2 0.481011 0.481691
2 0.482768 0.488265
2 0.479293 0.494424
2 0.483761 0.507132
2 0.483366 0.514478
2 0.484285 0.522372
2 0.479466 0.530816
2 0.483429 0.543358
2 0.480252 0.55017
2 0.479679 0.568358
2 0.482152 0.576618
2 0.47973 0.598486
2 0.484273 0.608621
1 0.479587 0.61819
2 0.480569 0.641049
2 0.478876 0.656064
2 0.479877 0.673179
1 0.481168 0.681358
2 0.483869 0.689854
0 0.481851 0.705625
2 0.479998 0.714449
2 0.480901 0.724836
2 0.481274 0.74914
2 0.482676 0.759189
1 0.480098 0.767491
2 0.484163 0.781625
2 0.482001 0.804661
2 0.483272 0.835992
2 0.479587 0.847742
2 0.47937 0.874511
1 0.481969 0.941138
1 0.488963 0.0542292
1 0.489499 0.20837
0 0.488089 0.245325
2 0.487807 0.265634
2 0.486207 0.280871
2 0.487172 0.322353
2 0.485035 0.330514
2 0.4852 0.350287
2 0.489881 0.363339
2 0.487217 0.392592
1 0.488186 0.407456
2 0.489226 0.421385
2 0.487315 0.448835
2 0.488061 0.456147
0 0.485256 0.475372
2 0.490708 0.497215
2 0.488804 0.538538
2 0.489224 0.556975
2 0.487089 0.567261
2 0.486498 0.582232
1 0.489193 0.603005
2 0.488552 0.630781
0 0.487567 0.644153
2 0.486593 0.658618
2 0.485843 0.666688
2 0.487992 0.718099
2 0.487144 0.741859
2 0.490499 0.751646
1 0.487598 0.797748
2 0.488354 0.813473
2 0.485427 0.825185
2 0.484914 0.88996
2 0.488779 0.907837
1 0.488354 0.966103
1 0.496381 0.0231661
2 0.494484 0.0829106
2 0.49173 0.120221
2 0.493113 0.137632
2 0.491497 0.181235
2 0.493189 0.228613
2 0.492723 0.2553
2 0.490858 0.295802
2 0.496679 0.303538
2 0.492887 0.31188
2 0.49211 0.343451
2 0.492793 0.354814
2 0.492708 0.375544
2 0.49491 0.382818
1 0.494503 0.389718
2 0.493126 0.399863
2 0.494685 0.438261
2 0.495119 0.449614
2 0.494938 0.462656
2 0.493584 0.470399
2 0.490803 0.481029
2 0.491498 0.48962
2 0.491789 0.506974
1 0.49641 0.515033
2 0.490828 0.520347
2 0.491336 0.532128
2 0.495456 0.553407
2 0.495325 0.560374
2 0.494263 0.567602
1 0.494752 0.580209
2 0.491216 0.59647
2 0.494767 0.607693
2 0.491056 0.616063
2 0.495048 0.635273
2 0.495167 0.659523
2 0.491553 0.674079
2 0.491075 0.684798
2 0.491844 0.693185
2 0.492185 0.705238
1 0.494552 0.726895
2 0.491864 0.766402
2 0.494324 0.804237
1 0.494327 0.834136
0 0.496068 0.852709
0 0.491649 0.919154
2 0.495066 0.953299
1 0.491055 0.99176
0 0.499741 0.108536
1 0.499289 0.147599
2 0.49972 0.158167
2 0.502983 0.174585
2 0.502298 0.193073
2 0.499621 0.209505
2 0.501921 0.220124
1 0.50297 0.235196
2 0.502697 0.256577
1 0.502797 0.271437
2 0.498644 0.278674
0 0.498005 0.287759
2 0.500847 0.31709
0 0.497313 0.332376
2 0.499313 0.339235
1 0.499836 0.356096
1 0.501198 0.373455
2 0.502006 0.393657
2 0.49913 0.40891
1 0.500463 0.422518
2 0.500267 0.43115
2 0.499071 0.487297
2 0.499565 0.499414
2 0.500387 0.506474
2 0.501065 0.521023
2 0.498151 0.530477
2 0.498298 0.540368
2 0.499919 0.548145
2 0.502975 0.556591
2 0.502676 0.567724
2 0.501089 0.583185
2 0.497387 0.59249
2 0.502001 0.611794
2 0.500092 0.619882
2 0.502718 0.639091
2 0.500271 0.653028
1 0.49854 0.666433
2 0.501291 0.685717
2 0.50203 0.694024
2 0.49973 0.709115
2 0.502997 0.717544
2 0.502294 0.735996
1 0.499321 0.756516
0 0.50223 0.778292
2 0.499854 0.787656
2 0.50163 0.820534
2 0.498588 0.842674
2 0.496941 0.872643
1 0.501537 0.902479
2 0.502463 0.918359
1 0.50049 0.938986
1 0.50655 0.00253902
0 0.505158 0.0462133
1 0.508403 0.0831782
2 0.509164 0.242697
2 0.505191 0.296549
1 0.504447 0.30423
2 0.503931 0.325471
2 0.50722 0.351885
2 0.504789 0.366656
2 0.507635 0.385616
1 0.505202 0.402629
2 0.508976 0.41252
1 0.503846 0.444815
2 0.504089 0.453962
2 0.503395 0.467113
1 0.50412 0.473869
2 0.508432 0.482714
1 0.506394 0.493402
0 0.505575 0.5303
2 0.505641 0.541185
2 0.508775 0.574259
2 0.50611 0.590129
1 0.506466 0.60039
1 0.506101 0.628899
1 0.5075 0.646033
2 0.506225 0.67774
1 0.507924 0.703411
2 0.503329 0.748748
2 0.503582 0.769586
2 0.507519 0.797797
2 0.504857 0.810198
2 0.507643 0.854333
2 0.50832 0.887731
1 0.507667 0.956916
0 0.506106 0.985616
2 0.51523 0.108593
2 0.509422 0.124241
2 0.512516 0.205231
1 0.51348 0.216566
2 0.512582 0.226041
2 0.513214 0.255383
2 0.511906 0.271204
2 0.509884 0.284848
2 0.513312 0.315523
2 0.511547 0.328818
1 0.513981 0.336821
2 0.512401 0.367894
2 0.510106 0.378473
2 0.514563 0.420554
2 0.513535 0.429541
2 0.509874 0.436586
2 0.511952 0.463549
2 0.511657 0.474282
2 0.513059 0.507485
2 0.509243 0.51814
2 0.514059 0.525583
2 0.513164 0.53783
1 0.50961 0.551171
2 0.514031 0.556379
2 0.510418 0.565261
2 0.514241 0.583407
2 0.513415 0.593862
2 0.511198 0.614967
2 0.514449 0.627228
2 0.514238 0.649707
2 0.509876 0.657386
2 0.510428 0.669739
1 0.514603 0.682345
2 0.5126 0.695382
2 0.514582 0.709262
2 0.510279 0.723286
1 0.510709 0.737452
2 0.510074 0.754739
2 0.513915 0.767867
2 0.514126 0.78484
1 0.509492 0.874612
1 0.51385 0.925569
1 0.519442 0.0384348
2 0.517263 0.136626
2 0.516024 0.150887
2 0.520579 0.164488
1 0.515538 0.174772
2 0.518909 0.235328
2 0.520509 0.309221
2 0.520661 0.32405
2 0.516215 0.348252
1 0.518828 0.358232
2 0.520308 0.400408
2 0.517325 0.410149
2 0.515788 0.445177
2 0.519592 0.467842
2 0.520211 0.474835
2 0.521394 0.484268
2 0.515464 0.487958
2 0.516149 0.495476
2 0.520392 0.509986
2 0.520672 0.526649
2 0.519467 0.544238
1 0.517318 0.569253
1 0.518817 0.587969
2 0.51621 0.608462
2 0.520613 0.619506
0 0.520563 0.631967
2 0.516089 0.640971
2 0.516889 0.661275
2 0.520639 0.699408
1 0.51867 0.719073
2 0.518245 0.728327
2 0.516804 0.74286
1 0.521302 0.757824
1 0.519859 0.778407
2 0.52042 0.802935
1 0.516837 0.812755
2 0.517283 0.833017
2 0.519634 0.844766
2 0.516172 0.864144
2 0.519305 0.877823
0 0.520244 0.893239
2 0.520225 0.907499
1 0.526239 0.016467
2 0.527311 0.0570376
1 0.523643 0.0700107
2 0.524144 0.0871882
1 0.52745 0.115249
2 0.524301 0.180817
2 0.526668 0.200029
2 0.523102 0.222487
2 0.522112 0.245803
2 0.525466 0.255219
2 0.522173 0.280341
1 0.5218 0.290089
2 0.526353 0.302594
2 0.527574 0.35501
2 0.522413 0.365506
1 0.523391 0.380337
2 0.521603 0.391065
0 0.525836 0.404634
2 0.525054 0.415075
2 0.522424 0.435076
2 0.522222 0.450701
0 0.526644 0.466871
2 0.526625 0.4798
2 0.526961 0.492255
2 0.524373 0.503244
2 0.522656 0.516742
2 0.526702 0.529431
2 0.52618 0.542451
2 0.522878 0.563393
2 0.52193 0.574176
2 0.52742 0.588559
2 0.522811 0.594857
2 0.525823 0.607432
2 0.52676 0.628724
2 0.524955 0.639318
1 0.526945 0.647474
2 0.527571 0.660265
1 0.525831 0.668885
2 0.523807 0.687324
2 0.526296 0.711409
2 0.526686 0.786063
1 0.523251 0.855028
0 0.525875 0.928364
1 0.523402 0.947474
1 0.521571 0.96707
1 0.522598 0.993436
2 0.531348 0.134106
1 0.529676 0.149531
2 0.531511 0.170878
2 0.532076 0.190107
1 0.530369 0.263489
2 0.529924 0.273988
2 0.530067 0.286469
2 0.531087 0.3107
2 0.528329 0.32056
1 0.530492 0.328679
2 0.527905 0.341122
2 0.528749 0.372528
2 0.53188 0.380774
2 0.528548 0.396978
2 0.53142 0.408227
1 0.529683 0.42288
2 0.531457 0.43111
2 0.529741 0.44145
1 0.530967 0.449698
2 0.529299 0.45866
2 0.529308 0.498471
2 0.52972 0.509459
1 0.528082 0.519838
2 0.528009 0.556893
2 0.527892 0.600461
1 0.528253 0.619035
2 0.532557 0.652999
2 0.52912 0.679308
0 0.531391 0.692126
2 0.529911 0.700335
1 0.533628 0.707583
2 0.530697 0.72024
2 0.529109 0.729411
2 0.533124 0.748113
2 0.53107 0.757376
2 0.527728 0.767442
2 0.531085 0.795939
0 0.528867 0.827823
2 0.532855 0.846337
1 0.532824 0.918197
1 0.536149 0.210976
2 0.53429 0.220215
2 0.534638 0.244294
2 0.538685 0.263522
0 0.537244 0.279364
1 0.539531 0.301809
2 0.539531 0.324417
2 0.535606 0.361065
2 0.537486 0.370429
2 0.537176 0.393655
2 0.538751 0.41173
2 0.537896 0.425199
2 0.539423 0.444553
2 0.537786 0.457733
2 0.536904 0.464993
2 0.537543 0.472983
2 0.535511 0.480217
1 0.535501 0.487932
2 0.537489 0.495226
2 0.536046 0.506835
2 0.538781 0.515537
2 0.534232 0.527759
2 0.536907 0.54615
2 0.534696 0.554539
1 0.535856 0.565017
2 0.53401 0.572657
2 0.535786 0.581592
2 0.536373 0.590558
1 0.538507 0.598362
2 0.538952 0.606005
2 0.535056 0.619185
2 0.537185 0.63169
2 0.537348 0.640422
2 0.538457 0.679297
2 0.536198 0.736986
1 0.539823 0.789498
2 0.536403 0.811771
2 0.537839 0.833943
2 0.537642 0.860264
1 0.535341 0.871592
2 0.539013 0.881549
2 0.537571 0.906691
0 0.534023 0.960213
1 0.535292 0.978101
0 0.543008 0.0089048
1 0.540259 0.0346188
2 0.545842 0.102802
2 0.541923 0.119996
2 0.54595 0.142461
2 0.542198 0.160391
2 0.542013 0.182942
2 0.541957 0.195747
2 0.545175 0.214586
0 0.540405 0.232364
2 0.544291 0.254163
2 0.540969 0.289516
2 0.542158 0.334145
2 0.540469 0.343842
2 0.541892 0.379096
1 0.540426 0.387306
2 0.540356 0.402403
2 0.545285 0.419107
2 0.543682 0.463223
2 0.544118 0.476189
2 0.543583 0.499687
2 0.545353 0.519233
2 0.540669 0.524997
1 0.540071 0.539581
2 0.545734 0.547259
2 0.543248 0.586602
2 0.543557 0.619494
2 0.543584 0.627033
2 0.545553 0.641941
2 0.541641 0.649508
2 0.540029 0.664157
1 0.545799 0.673019
2 0.540415 0.699001
2 0.543127 0.708384
2 0.540143 0.717723
0 0.542077 0.726884
1 0.543911 0.76558
2 0.542175 0.779043
2 0.54197 0.931393
1 0.546226 0.0540595
2 0.550545 0.172101
2 0.546538 0.238763
2 0.547345 0.266802
2 0.552049 0.291508
2 0.550492 0.302108
2 0.54714 0.311739
2 0.54973 0.328694
1 0.54701 0.358996
2 0.547277 0.369699
2 0.549108 0.38229
2 0.550015 0.395431
1 0.550161 0.403108
1 0.548258 0.432536
2 0.549304 0.445012
1 0.546547 0.45487
2 0.548014 0.468847
2 0.546249 0.482641
2 0.551957 0.496654
2 0.549432 0.505972
0 0.551579 0.515416
2 0.548663 0.532946
2 0.547895 0.540537
2 0.547018 0.556937
2 0.548613 0.564624
2 0.546107 0.577543
2 0.550507 0.586325
2 0.551226 0.59575
2 0.552138 0.614636
1 0.550478 0.634985
2 0.548017 0.654006
2 0.548887 0.661953
2 0.550147 0.682183
1 0.546213 0.69102
2 0.549713 0.719156
2 0.547534 0.73501
2 0.549048 0.744292
2 0.546362 0.75744
2 0.550189 0.802198
2 0.546731 0.81687
1 0.549597 0.826585
1 0.546075 0.853583
1 0.548273 0.904633
1 0.546112 0.956188
1 0.554157 0.0769187
2 0.556258 0.115446
2 0.553778 0.130239
2 0.554698 0.185678
2 0.555556 0.196975
2 0.557025 0.211257
2 0.555845 0.22991
2 0.55449 0.25057
1 0.556543 0.265356
1 0.557632 0.28541
2 0.556321 0.321108
2 0.553189 0.344975
2 0.557966 0.360836
0 0.556134 0.374108
2 0.557367 0.389552
2 0.553209 0.412475
2 0.552865 0.421125
2 0.557935 0.429203
2 0.555965 0.449865
2 0.557746 0.475707
2 0.552821 0.485444
2 0.556541 0.526133
2 0.55664 0.534512
2 0.553346 0.550922
1 0.554911 0.55731
2 0.553665 0.577975
2 0.554242 0.605001
2 0.552695 0.623678
2 0.555477 0.647108
0 0.555848 0.654497
2 0.557264 0.673618
2 0.552981 0.695688
1 0.554023 0.707096
1 0.556706 0.736162
2 0.552163 0.765212
2 0.553057 0.782419
2 0.557139 0.8336
2 0.552261 0.84493
2 0.557973 0.861073
2 0.552934 0.883603
1 0.553114 0.940218
1 0.5576 0.970764
1 0.552849 0.989949
1 0.562096 0.0315014
2 0.560861 0.141477
0 0.561721 0.156656
1 0.558317 0.220543
2 0.558848 0.239755
2 0.558767 0.277225
2 0.563891 0.290304
2 0.561852 0.299185
2 0.564202 0.341069
2 0.559549 0.405544
1 0.559053 0.418835
2 0.564206 0.424185
2 0.561483 0.439871
2 0.559932 0.457421
2 0.559651 0.468051
1 0.560001 0.490079
2 0.558569 0.505831
2 0.55957 0.517486
2 0.562929 0.530707
2 0.558591 0.542729
2 0.563322 0.558423
2 0.562301 0.566916
0 0.564342 0.572997
2 0.564098 0.581887
2 0.559669 0.589571
1 0.563219 0.611404
2 0.56433 0.619666
2 0.560935 0.631706
2 0.558967 0.664293
2 0.560314 0.683731
2 0.562752 0.691926
2 0.562354 0.714602
2 0.560491 0.723663
2 0.560492 0.754266
2 0.56259 0.768613
0 0.560108 0.78838
1 0.562685 0.805981
1 0.564334 0.844
2 0.561808 0.900196
1 0.559197 0.919144
1 0.569744 0.114387
2 0.565236 0.172912
2 0.567349 0.189023
2 0.570114 0.217256
2 0.566344 0.232688
1 0.570273 0.251023
2 0.568562 0.263381
2 0.569613 0.273471
1 0.567199 0.306919
0 0.56533 0.326721
2 0.565509 0.349368
2 0.565723 0.365712
2 0.567711 0.37802
1 0.564907 0.389021
2 0.567403 0.39791
2 0.565512 0.41388
2 0.570459 0.430376
2 0.566741 0.454793
2 0.567586 0.462616
2 0.567969 0.471167
2 0.566892 0.482784
2 0.565913 0.495073
2 0.56503 0.503329
2 0.566353 0.512721
2 0.567328 0.539755
2 0.56785 0.550355
2 0.564738 0.603055
2 0.570391 0.637953
2 0.564661 0.644383
2 0.567268 0.656004
2 0.570173 0.680115
0 0.569847 0.703549
2 0.569405 0.727021
2 0.56768 0.740942
2 0.569896 0.756298
2 0.568522 0.827953
1 0.564427 0.88103
0 0.566401 0.929661
1 0.573889 0.0494376
2 0.573708 0.130712
2 0.57381 0.159267
2 0.574089 0.204538
2 0.575538 0.227127
2 0.572226 0.24256
2 0.572586 0.286562
2 0.573148 0.298616
2 0.571772 0.316367
2 0.573264 0.324979
2 0.575085 0.355069
2 0.575758 0.37742
2 0.575155 0.387719
2 0.575133 0.400308
1 0.575258 0.409325
2 0.57395 0.418134
2 0.57464 0.436472
2 0.575312 0.44403
2 0.574556 0.45474
2 0.57609 0.468708
2 0.574282 0.477316
0 0.575605 0.486605
2 0.574217 0.497761
2 0.575486 0.509983
1 0.573743 0.523384
2 0.574138 0.555126
2 0.571063 0.561891
2 0.572036 0.578847
2 0.573042 0.588987
2 0.572141 0.596641
2 0.573026 0.605018
2 0.571772 0.613011
2 0.575693 0.629926
2 0.572938 0.663272
1 0.570561 0.671839
2 0.576303 0.70763
2 0.573876 0.765027
1 0.575207 0.778638
2 0.571915 0.7868
2 0.576524 0.801597
2 0.572542 0.816455
2 0.570764 0.862378
2 0.576077 0.874186
2 0.575815 0.888275
1 0.576068 0.908997
1 0.571692 0.993823
1 0.577326 0.0146523
2 0.57699 0.0663442
0 0.578524 0.0906197
1 0.578851 0.185136
0 0.582686 0.234008
2 0.581079 0.250743
2 0.578466 0.278382
2 0.577245 0.309585
2 0.576837 0.339652
2 0.577028 0.369608
0 0.578618 0.43066
2 0.581837 0.457871
1 0.582705 0.465046
2 0.579541 0.504117
2 0.579575 0.51831
2 0.577585 0.53046
2 0.580594 0.541551
1 0.581057 0.559953
2 0.576955 0.56596
1 0.580025 0.586425
1 0.580094 0.60374
0 0.578062 0.621519
2 0.579089 0.644484
2 0.577552 0.654561
2 0.580548 0.66924
2 0.580588 0.679682
1 0.576992 0.690894
1 0.577967 0.72592
1 0.582412 0.744708
1 0.579847 0.822358
2 0.58207 0.841394
2 0.58044 0.948193
1 0.577678 0.965222
1 0.58822 0.0358598
2 0.585057 0.104335
2 0.58375 0.166752
2 0.586092 0.213422
2 0.586359 0.26157
2 0.586293 0.271225
2 0.584465 0.296384
2 0.588759 0.312613
2 0.583137 0.325748
2 0.586005 0.345258
1 0.583783 0.358697
2 0.583752 0.384529
2 0.584118 0.399318
2 0.588271 0.41522
2 0.583629 0.42267
2 0.588934 0.430749
2 0.5837 0.436702
1 0.583685 0.444259
2 0.586522 0.470316
2 0.583593 0.47698
2 0.584161 0.486719
2 0.58806 0.493093
2 0.587885 0.500241
1 0.587454 0.508708
0 0.587077 0.543257
2 0.588197 0.561004
2 0.583242 0.569706
2 0.587606 0.580297
2 0.583713 0.593284
2 0.58821 0.60808
2 0.58564 0.616715
2 0.587747 0.624665
1 0.585455 0.637437
2 0.588869 0.679086
2 0.586367 0.69269
1 0.58418 0.707699
2 0.582836 0.718759
2 0.588147 0.726028
2 0.587184 0.735608
2 0.585337 0.753521
2 0.584548 0.765517
2 0.585343 0.793374
0 0.588285 0.857279
2 0.58773 0.904716
0 0.583832 0.981264
1 0.59157 0.0604071
2 0.59175 0.131903
2 0.590303 0.148161
2 0.592395 0.200405
2 0.590815 0.230216
2 0.58968 0.241572
2 0.590509 0.282701
1 0.591102 0.323308
2 0.594705 0.334676
2 0.590193 0.369699
2 0.59339 0.397539
2 0.593865 0.424768
2 0.59302 0.438098
2 0.594014 0.450507
2 0.592425 0.462198
2 0.590766 0.4775
1 0.594794 0.483514
2 0.594688 0.509514
2 0.589172 0.515604
1 0.592061 0.526356
2 0.589291 0.552832
2 0.590143 0.572374
2 0.592595 0.585758
1 0.59435 0.59252
2 0.593801 0.599987
2 0.592446 0.639497
2 0.590827 0.656366
1 0.591117 0.665541
1 0.594441 0.685002
2 0.591743 0.699722
2 0.594444 0.715429
2 0.59178 0.744313
2 0.590788 0.777098
1 0.593636 0.789892
2 0.591935 0.821667
2 0.590833 0.877193
2 0.589561 0.928362
1 0.59538 0.00763528
1 0.600082 0.0823572
1 0.598684 0.120901
2 0.595823 0.189642
2 0.598286 0.210103
2 0.596114 0.255549
2 0.595182 0.267581
0 0.598362 0.293288
2 0.597119 0.345163
2 0.597611 0.357954
2 0.597869 0.381032
1 0.596152 0.38978
2 0.598684 0.403915
2 0.599041 0.456536
2 0.597457 0.469949
2 0.596185 0.500014
2 0.596588 0.536681
2 0.600404 0.55072
1 0.597418 0.556725
2 0.601085 0.563262
2 0.600652 0.596665
1 0.59829 0.609159
2 0.595156 0.631594
2 0.595913 0.648616
2 0.596698 0.67329
2 0.597602 0.706657
2 0.601211 0.730316
2 0.599983 0.751277
1 0.595493 0.762662
2 0.596167 0.808754
1 0.600725 0.817248
2 0.596901 0.834033
2 0.596917 0.848111
2 0.601108 0.893482
1 0.601145 0.907146
0 0.605553 0.0318983
2 0.602977 0.144103
1 0.605892 0.160111
2 0.601643 0.174394
2 0.606937 0.191742
1 0.604412 0.225084
1 0.602323 0.247507
2 0.604343 0.280666
2 0.60454 0.299325
2 0.601977 0.308325
2 0.604226 0.333869
1 0.605341 0.360773
2 0.603162 0.36984
2 0.606737 0.39685
2 0.602149 0.411477
2 0.601623 0.430618
2 0.606105 0.439383
2 0.604096 0.449249
0 0.605065 0.472508
2 0.602785 0.483714
2 0.604829 0.495126
1 0.603923 0.512044
2 0.602028 0.524816
2 0.607348 0.536465
0 0.606562 0.568643
2 0.602278 0.578309
2 0.60319 0.623804
2 0.607177 0.631916
1 0.605186 0.652596
2 0.603172 0.660644
2 0.603207 0.691242
2 0.603816 0.713115
2 0.604235 0.742076
2 0.60181 0.769745
2 0.605707 0.785837
2 0.603064 0.798348
2 0.60368 0.868285
0 0.602732 0.927689
1 0.602141 0.943243
1 0.605647 0.984973
1 0.611383 0.202017
2 0.611702 0.214237
2 0.613458 0.227453
2 0.611282 0.257619
2 0.607652 0.271028
2 0.611604 0.290168
2 0.612471 0.308595
2 0.607985 0.322162
0 0.610054 0.345234
2 0.613253 0.371519
0 0.612403 0.380161
0 0.610036 0.416964
2 0.611733 0.426743
2 0.61238 0.448883
2 0.609899 0.458879
2 0.612967 0.467008
2 0.612623 0.47945
2 0.611743 0.505004
2 0.612512 0.552642
2 0.611601 0.579284
2 0.612168 0.587265
2 0.613381 0.596354
1 0.610208 0.623628
2 0.608009 0.641089
2 0.607896 0.680979
2 0.610725 0.697197
0 0.608548 0.705635
2 0.610437 0.725376
2 0.610161 0.756214
0 0.6113 0.777902
1 0.612493 0.800638
2 0.608519 0.824757
1 0.611585 0.834552
2 0.612808 0.85002
2 0.617419 0.111807
2 0.615407 0.177541
2 0.619094 0.237801
1 0.618285 0.271171
2 0.616573 0.280821
2 0.615045 0.299128
2 0.619495 0.32227
2 0.615022 0.336296
2 0.61791 0.355465
2 0.618334 0.390099
1 0.61831 0.399323
2 0.615202 0.406106
1 0.619393 0.432854
2 0.61679 0.486074
2 0.615058 0.4959
2 0.614895 0.51853
1 0.615262 0.526524
2 0.615419 0.534576
2 0.614777 0.543701
2 0.613554 0.571359
2 0.614435 0.61716
2 0.615855 0.63036
2 0.617816 0.646758
2 0.616062 0.656834
1 0.61491 0.666378
2 0.614746 0.67497
2 0.614581 0.710564
2 0.617682 0.745953
2 0.619358 0.763673
1 0.616194 0.876704
2 0.617384 0.895928
1 0.614432 0.964725
1 0.625468 0.0241251
0 0.620133 0.129347
2 0.619784 0.154382
2 0.622501 0.188161
2 0.623294 0.216846
2 0.624237 0.228606
2 0.624686 0.248938
1 0.621054 0.305479
2 0.624493 0.329985
2 0.622145 0.347183
2 0.622641 0.367387
2 0.625034 0.410187
2 0.624139 0.41989
2 0.623686 0.440936
2 0.624592 0.448993
2 0.620225 0.462008
2 0.621905 0.473448
1 0.625041 0.484623
2 0.623577 0.49156
2 0.625037 0.501134
2 0.619767 0.508202
2 0.625165 0.523585
2 0.625289 0.541482
1 0.624345 0.550455
1 0.623879 0.574554
2 0.621313 0.586385
1 0.621859 0.608155
2 0.62302 0.615042
2 0.623208 0.640493
2 0.622517 0.668933
2 0.620657 0.688844
2 0.619659 0.70199
2 0.621767 0.71707
1 0.621632 0.732092
2 0.621211 0.784616
2 0.622934 0.804639
2 0.624565 0.822511
2 0.62509 0.836129
1 0.623267 0.920242
2 0.620847 0.93337
2 0.628207 0.174676
2 0.627177 0.19941
2 0.629348 0.262559
2 0.628865 0.280597
2 0.629579 0.293817
2 0.629545 0.30976
2 0.628197 0.319923
2 0.62935 0.352201
2 0.630445 0.360972
1 0.630564 0.368822
2 0.628085 0.37919
2 0.630501 0.396977
2 0.626815 0.427609
1 0.626001 0.456331
2 0.629905 0.475989
2 0.630365 0.495502
1 0.62654 0.514956
2 0.626428 0.531839
2 0.631811 0.548268
2 0.629021 0.557338
2 0.627175 0.565649
2 0.628196 0.5814
2 0.626134 0.596563
2 0.63156 0.603484
1 0.62812 0.62804
0 0.629214 0.647327
2 0.629328 0.675405
2 0.628297 0.699273
1 0.627208 0.708946
2 0.631113 0.717884
2 0.62851 0.741477
1 0.629909 0.773809
1 0.627149 0.850194
2 0.627771 0.866398
0 0.629275 0.972009
1 0.634418 0.0609695
0 0.633709 0.0823056
2 0.633347 0.146746
2 0.635032 0.189844
1 0.637727 0.205497
2 0.634204 0.219631
2 0.632445 0.237732
2 0.635344 0.253213
2 0.636506 0.270607
2 0.636057 0.334087
2 0.636896 0.374706
1 0.633543 0.390624
2 0.636488 0.404261
1 0.634491 0.411441
0 0.636348 0.438484
2 0.637816 0.446282
2 0.635666 0.456823
2 0.632781 0.467911
2 0.634882 0.481803
1 0.637481 0.5008
2 0.637592 0.515226
2 0.635906 0.525488
0 0.636231 0.533769
2 0.637673 0.5541
2 0.634698 0.576565
0 0.636479 0.58348
2 0.634559 0.654393
2 0.637082 0.66989
1 0.636712 0.690787
2 0.632775 0.756055
2 0.637393 0.793634
2 0.632931 0.809176
1 0.637413 0.823651
1 0.637163 0.9028
1 0.634076 0.955015
1 0.634641 0.99082
2 0.640823 0.0396268
1 0.63947 0.106015
2 0.640981 0.130511
0 0.640576 0.174444
2 0.644065 0.197708
0 0.640152 0.22838
2 0.639759 0.301006
2 0.640998 0.311224
1 0.64082 0.346856
2 0.639362 0.361951
2 0.641854 0.395356
1 0.643027 0.425932
1 0.642992 0.453072
2 0.64207 0.468555
2 0.640739 0.48819
2 0.638079 0.507634
1 0.642779 0.519447
2 0.643903 0.545164
2 0.641528 0.565243
2 0.643655 0.574048
2 0.638379 0.597768
2 0.638451 0.60861
2 0.638537 0.621758
2 0.641261 0.629436
2 0.641851 0.638677
1 0.643759 0.660086
2 0.639435 0.682596
2 0.642381 0.698446
2 0.638725 0.712728
2 0.638228 0.734906
2 0.643039 0.746313
2 0.640522 0.765321
2 0.641833 0.783649
2 0.639362 0.839228
0 0.644126 0.850572
1 0.638366 0.880724
2 0.639843 0.915323
1 0.648529 0.0806956
1 0.644461 0.143179
2 0.648595 0.183501
2 0.648417 0.209913
2 0.647117 0.235349
1 0.6466 0.25689
2 0.646317 0.266867
1 0.645078 0.283665
1 0.645382 0.322853
2 0.645207 0.333703
2 0.650304 0.343564
2 0.646847 0.3537
2 0.648668 0.364191
0 0.646555 0.373608
2 0.644644 0.386535
2 0.646677 0.404056
2 0.649109 0.417565
2 0.644379 0.436921
0 0.645732 0.474801
2 0.648717 0.487505
2 0.645832 0.495185
2 0.648243 0.510611
2 0.648165 0.525572
2 0.648097 0.534307
2 0.644585 0.588111
2 0.650012 0.598226
2 0.649429 0.607011
1 0.645856 0.618499
2 0.648289 0.646757
2 0.649478 0.677271
2 0.647874 0.689356
0 0.646642 0.726847
2 0.64877 0.773359
2 0.647186 0.810475
2 0.64853 0.824554
1 0.649648 0.935134
1 0.6517 0.0234769
2 0.6527 0.0959126
2 0.653657 0.158047
2 0.650331 0.224813
2 0.65571 0.257671
2 0.6547 0.287716
2 0.651071 0.302541
2 0.651715 0.312097
2 0.655689 0.388215
1 0.654896 0.403758
2 0.654208 0.434281
2 0.652019 0.446554
2 0.651448 0.454767
2 0.652748 0.47135
2 0.654869 0.480072
2 0.655924 0.498714
2 0.654653 0.515955
1 0.650878 0.557042
1 0.650719 0.578673
2 0.653927 0.587572
2 0.653946 0.630233
2 0.651293 0.638532
2 0.652121 0.657675
2 0.652202 0.701124
2 0.652082 0.713146
2 0.65176 0.735251
2 0.654926 0.759971
0 0.653751 0.785633
2 0.651697 0.79984
2 0.653623 0.841616
2 0.655876 0.856823
2 0.652175 0.879948
1 0.654397 0.960988
1 0.652949 0.981037
1 0.657887 0.00304426
1 0.659501 0.0497274
2 0.658907 0.0685113
2 0.660468 0.188553
2 0.66042 0.215518
2 0.656649 0.240033
2 0.656444 0.270064
1 0.661523 0.301667
2 0.660915 0.315165
2 0.656709 0.35475
2 0.657347 0.368508
2 0.660984 0.378455
2 0.660235 0.398833
2 0.657645 0.417822
2 0.661873 0.453355
2 0.658544 0.460858
1 0.661505 0.490375
2 0.659137 0.507918
2 0.657114 0.523958
1 0.656839 0.533863
2 0.65653 0.548304
2 0.659299 0.557081
2 0.658435 0.571232
2 0.657431 0.601988
2 0.656976 0.646995
2 0.6609 0.658091
0 0.661151 0.667674
2 0.662193 0.69758
1 0.662195 0.706938
2 0.66159 0.721599
2 0.658657 0.745785
2 0.659619 0.776836
1 0.66192 0.805798
1 0.65844 0.870161
1 0.657122 0.899966
0 0.659339 0.916113
1 0.663842 0.116786
1 0.664346 0.147736
1 0.665574 0.168857
1 0.665307 0.228937
2 0.668282 0.271467
2 0.666294 0.289947
2 0.662721 0.329614
2 0.663381 0.343935
2 0.666764 0.353079
2 0.662813 0.361106
2 0.667642 0.393317
2 0.667685 0.410568
2 0.664894 0.429064
2 0.666813 0.439665
1 0.665325 0.447174
1 0.667624 0.462185
2 0.668401 0.473198
2 0.667882 0.518857
2 0.665559 0.527471
2 0.666499 0.536936
2 0.666994 0.565377
2 0.663459 0.58154
2 0.667384 0.593104
2 0.663593 0.616723
1 0.664019 0.625598
2 0.663026 0.636607
2 0.668492 0.680149
2 0.66488 0.688763
2 0.66827 0.741664
1 0.666476 0.759958
2 0.668469 0.792264
2 0.665205 0.829931
1 0.663759 0.845652
1 0.670757 0.0896379
1 0.672271 0.188606
2 0.672084 0.209192
2 0.673222 0.242315
2 0.671108 0.253091
2 0.670209 0.305617
2 0.673264 0.324501
2 0.66933 0.337242
2 0.67366 0.34671
1 0.673572 0.358969
1 0.670263 0.380991
2 0.671771 0.453121
2 0.671256 0.492629
1 0.671374 0.503933
2 0.674507 0.524825
2 0.674557 0.547276
1 0.669162 0.554398
1 0.670588 0.577234
2 0.670593 0.608356
1 0.671406 0.650079
2 0.673871 0.658877
2 0.673294 0.670344
2 0.672881 0.700338
2 0.673821 0.711391
2 0.671384 0.729109
2 0.669446 0.770147
2 0.670272 0.814432
2 0.669216 0.855106
0 0.672548 0.878523
1 0.669998 0.948903
0 0.673595 0.985192
1 0.679712 0.0144515
0 0.674994 0.123432
2 0.676788 0.141463
2 0.679228 0.164361
2 0.677996 0.278484
2 0.67671 0.292276
1 0.677769 0.337116
2 0.675171 0.371458
2 0.678652 0.386469
1 0.676763 0.398161
2 0.680239 0.408667
0 0.677919 0.416158
2 0.675151 0.423145
1 0.675266 0.430416
2 0.676068 0.443547
2 0.67648 0.468203
2 0.675761 0.478315
2 0.677654 0.507099
0 0.680087 0.518918
2 0.676423 0.538154
2 0.678904 0.560477
2 0.680699 0.570457
2 0.675943 0.58636
1 0.676049 0.596914
2 0.677505 0.620067
2 0.675902 0.632859
2 0.678796 0.643327
1 0.680276 0.675788
2 0.676949 0.690109
2 0.677506 0.7495
2 0.677635 0.760847
2 0.680079 0.777712
1 0.676632 0.831228
1 0.679021 0.860021
2 0.676827 0.892494
1 0.676789 0.905835
1 0.679685 0.930447
1 0.680112 0.969893
1 0.68257 0.0435556
1 0.683626 0.0628129
0 0.683258 0.0821307
1 0.686299 0.100389
1 0.68652 0.134396
1 0.686044 0.15516
2 0.686912 0.179605
2 0.686852 0.226089
1 0.686877 0.237574
2 0.683238 0.247716
1 0.683085 0.262135
0 0.685512 0.299595
2 0.686496 0.328309
2 0.682589 0.364478
2 0.685663 0.372819
2 0.683925 0.427289
2 0.685369 0.455944
2 0.684836 0.471852
1 0.68258 0.490403
2 0.685886 0.499006
2 0.68589 0.523763
1 0.686141 0.539984
1 0.685593 0.56352
2 0.683304 0.581228
2 0.682372 0.603225
1 0.685518 0.620384
2 0.6851 0.632047
2 0.683658 0.655479
2 0.683247 0.700068
2 0.681409 0.735397
2 0.681526 0.78901
1 0.682618 0.812284
2 0.68639 0.824589
0 0.692292 0.191387
2 0.692838 0.202361
1 0.688589 0.215764
2 0.69296 0.253675
2 0.688368 0.273761
2 0.691592 0.31636
2 0.688257 0.346789
1 0.689088 0.380854
2 0.687619 0.40273
2 0.690418 0.41964
2 0.689528 0.440983
1 0.689578 0.450202
2 0.693102 0.467429
2 0.688982 0.485749
2 0.69153 0.513124
2 0.688779 0.547793
2 0.692239 0.57084
2 0.687868 0.591677
2 0.688914 0.612276
2 0.688634 0.647325
2 0.690817 0.672457
2 0.69046 0.690483
2 0.68833 0.720892
1 0.691598 0.744254
2 0.688997 0.761328
2 0.689817 0.800073
1 0.691822 0.98258
2 0.698516 0.138858
1 0.699049 0.172345
2 0.697558 0.221082
2 0.697937 0.236826
2 0.697154 0.266194
2 0.695943 0.283062
2 0.698796 0.303916
2 0.697433 0.335685
2 0.699307 0.346063
2 0.696434 0.358459
2 0.696863 0.367849
2 0.694314 0.388851
2 0.697611 0.401372
1 0.694471 0.41078
1 0.696055 0.429222
2 0.697843 0.43669
2 0.696089 0.454801
1 0.694903 0.476936
1 0.697396 0.495872
1 0.698727 0.515593
2 0.695131 0.529585
2 0.69679 0.541849
2 0.698071 0.555319
2 0.698727 0.563961
2 0.696393 0.580293
2 0.695945 0.620151
2 0.694252 0.63966
2 0.693364 0.663119
0 0.693448 0.703641
2 0.696534 0.714485
2 0.694155 0.779214
2 0.699368 0.789807
2 0.693646 0.81384
2 0.693346 0.841047
1 0.695725 0.853675
2 0.695582 0.865746
1 0.696034 0.928479
1 0.702394 0.0771871
2 0.701389 0.118309
1 0.70513 0.152479
2 0.705371 0.207911
1 0.704608 0.229086
2 0.705236 0.25443
1 0.702052 0.327953
1 0.704614 0.370385
2 0.704317 0.388452
2 0.699628 0.417257
0 0.702151 0.443626
1 0.701257 0.462305
2 0.702229 0.478995
2 0.701394 0.488994
2 0.705503 0.510033
2 0.702162 0.52323
2 0.700218 0.58992
2 0.703922 0.601263
2 0.70387 0.611588
2 0.705312 0.625919
2 0.705213 0.635898
2 0.700886 0.651322
2 0.70198 0.671634
2 0.70064 0.695169
2 0.700525 0.733124
2 0.701099 0.743948
2 0.705521 0.756704
2 0.700162 0.769544
1 0.70159 0.801386
0 0.699486 0.830816
1 0.700084 0.881601
1 0.700164 0.899901
0 0.704629 0.91496
2 0.699581 0.948466
0 0.710942 0.0252843
1 0.710942 0.0450953
2 0.70575 0.164174
2 0.708637 0.179397
1 0.708583 0.196076
0 0.710605 0.244727
2 0.708721 0.272605
2 0.708634 0.288146
1 0.709797 0.301955
2 0.711221 0.33114
2 0.710734 0.342274
2 0.708645 0.377322
2 0.708805 0.410347
2 0.707038 0.428924
2 0.710957 0.444876
2 0.710067 0.458112
2 0.707712 0.469249
2 0.709306 0.518784
2 0.709069 0.53568
1 0.706188 0.544047
2 0.707292 0.561024
0 0.709073 0.572727
2 0.708404 0.585351
2 0.706398 0.684477
2 0.710931 0.702425
1 0.709766 0.725443
2 0.710102 0.736549
2 0.705796 0.819279
2 0.708458 0.85612
1 0.708338 0.970348
1 0.710026 0.988444
1 0.715862 0.0626357
1 0.716543 0.0973804
2 0.717134 0.214712
2 0.71342 0.234014
2 0.715661 0.258565
2 0.712444 0.31618
0 0.71297 0.352672
2 0.715012 0.364582
2 0.716951 0.38753
1 0.712981 0.400033
1 0.712465 0.420454
2 0.716462 0.4372
2 0.716401 0.465156
1 0.712269 0.491434
2 0.713974 0.501074
0 0.7176 0.517798
2 0.716387 0.550171
2 0.717725 0.588831
1 0.717605 0.599112
2 0.714291 0.608922
2 0.715175 0.632935
2 0.712054 0.644053
2 0.71252 0.662199
2 0.715239 0.671783
2 0.715578 0.688549
2 0.714665 0.711908
1 0.713999 0.747882
0 0.71182 0.784619
2 0.711998 0.806486
1 0.715459 0.842629
1 0.713239 0.871583
1 0.71715 0.894335
1 0.715539 0.947558
1 0.719188 0.131631
2 0.721048 0.168342
1 0.723026 0.265264
2 0.719109 0.281925
2 0.722781 0.297785
1 0.722111 0.319464
2 0.720619 0.335128
2 0.720953 0.374981
2 0.723214 0.395196
2 0.71802 0.410788
2 0.72117 0.419701
2 0.718833 0.451677
1 0.72379 0.458028
0 0.722121 0.475491
2 0.718022 0.485135
2 0.72286 0.502337
2 0.721494 0.511388
1 0.723587 0.532461
2 0.723146 0.540959
2 0.721508 0.565006
2 0.721642 0.579583
2 0.718004 0.62073
2 0.722274 0.649316
0 0.723261 0.662188
1 0.722366 0.696907
2 0.722025 0.720698
2 0.718201 0.757573
2 0.718935 0.769828
2 0.719329 0.791373
1 0.723584 0.824242
1 0.7229 0.931475
1 0.723227 0.998977
1 0.729816 0.0186049
0 0.725897 0.0827662
2 0.726993 0.113397
2 0.72616 0.204293
1 0.729376 0.216302
2 0.724437 0.22603
1 0.729757 0.23679
2 0.726957 0.25487
2 0.727607 0.326619
2 0.724506 0.351615
2 0.724753 0.363771
0 0.72671 0.413179
1 0.725092 0.441801
2 0.725813 0.465834
2 0.72779 0.481947
2 0.728185 0.519493
2 0.726135 0.550539
2 0.727921 0.601736
1 0.725754 0.625393
2 0.725314 0.634267
2 0.727858 0.672316
2 0.725325 0.682737
2 0.726072 0.710332
2 0.724345 0.732099
2 0.725808 0.74567
2 0.725314 0.804985
1 0.725335 0.858729
0 0.729097 0.873713
2 0.729549 0.890947
1 0.730219 0.0496143
1 0.736115 0.0995021
0 0.730195 0.14573
1 0.731703 0.174734
2 0.731429 0.190828
1 0.732976 0.295235
2 0.731598 0.314304
2 0.735646 0.362444
2 0.73129 0.387013
2 0.732351 0.399212
2 0.735481 0.417323
2 0.7324 0.430268
2 0.735072 0.451336
2 0.734029 0.474221
2 0.731056 0.496274
1 0.731691 0.505032
2 0.735941 0.54772
2 0.730983 0.560716
1 0.730544 0.569096
2 0.735869 0.587368
2 0.733847 0.617328
2 0.733396 0.65752
2 0.731568 0.769665
1 0.735917 0.797552
2 0.734244 0.840618
1 0.731153 0.905794
1 0.7321 0.953627
0 0.732422 0.975602
1 0.741779 0.0322082
1 0.741633 0.121435
1 0.740343 0.139905
1 0.73719 0.201663
2 0.739716 0.239191
2 0.739532 0.26751
2 0.738621 0.281308
2 0.73981 0.329418
2 0.73784 0.341006
1 0.739742 0.380963
2 0.74182 0.425455
1 0.738032 0.466956
2 0.73898 0.485153
2 0.741549 0.512673
1 0.739556 0.521017
2 0.73945 0.530437
2 0.739595 0.597405
2 0.741934 0.62704
2 0.741161 0.643701
2 0.740102 0.666111
2 0.737186 0.681036
2 0.737359 0.712608
2 0.740646 0.734461
2 0.737595 0.746634
2 0.736902 0.78408
2 0.737439 0.813358
2 0.738413 0.855327
1 0.739558 0.868506
1 0.740311 0.997101
1 0.742835 0.0646076
1 0.74666 0.0815959
2 0.742546 0.168207
2 0.745212 0.214611
0 0.746671 0.226314
1 0.746427 0.257027
2 0.745233 0.302199
2 0.744902 0.350116
1 0.744775 0.361111
2 0.743186 0.372542
2 0.745146 0.398689
1 0.744646 0.410458
1 0.743219 0.436842
2 0.747664 0.452589
2 0.747222 0.474449
2 0.744054 0.497802
2 0.744394 0.559542
2 0.742624 0.576434
2 0.746615 0.590785
2 0.746639 0.610144
2 0.743741 0.693119
1 0.748314 0.711992
0 0.746996 0.742497
2 0.748215 0.80254
1 0.743096 0.82493
1 0.747731 0.915866
1 0.745381 0.937477
1 0.748312 0.963582
1 0.75122 0.0126607
0 0.751592 0.0468414
1 0.753015 0.162447
1 0.74892 0.189341
0 0.748467 0.282626
1 0.751354 0.31418
2 0.750755 0.326677
2 0.750776 0.340704
2 0.753929 0.372159
2 0.748682 0.387491
2 0.752417 0.40746
2 0.750821 0.431357
2 0.753575 0.463785
0 0.754047 0.503969
2 0.749829 0.547223
2 0.751344 0.572051
2 0.749092 0.620101
1 0.75408 0.639785
2 0.750561 0.65107
1 0.752642 0.67005
2 0.752691 0.680006
2 0.753569 0.704007
2 0.7528 0.726302
2 0.74909 0.756374
1 0.75117 0.773322
2 0.752796 0.820494
1 0.748865 0.84741
1 0.751226 0.881362
1 0.754601 0.107663
1 0.756936 0.210669
2 0.755979 0.249997
2 0.75553 0.273567
2 0.755659 0.3056
1 0.75781 0.333908
2 0.75778 0.354952
1 0.756865 0.384587
2 0.756077 0.394506
2 0.754748 0.417704
2 0.757428 0.440398
0 0.757497 0.451315
1 0.756596 0.484259
2 0.75468 0.521697
2 0.755783 0.531496
1 0.754845 0.553943
2 0.758639 0.583256
2 0.757308 0.592878
1 0.759002 0.607846
2 0.757901 0.660586
2 0.754653 0.789672
2 0.758348 0.837836
1 0.757446 0.865395
0 0.759231 0.92767
1 0.760699 0.943803
1 0.755981 0.982072
1 0.762791 0.0318999
1 0.764267 0.0719956
0 0.764504 0.121418
0 0.766004 0.180444
2 0.764498 0.2009
2 0.761516 0.220821
1 0.761199 0.24036
1 0.764577 0.277875
2 0.761113 0.287193
2 0.763876 0.343692
2 0.764625 0.40373
1 0.766139 0.42085
2 0.761422 0.431051
2 0.76502 0.465927
2 0.761744 0.476872
2 0.763104 0.499303
2 0.761435 0.508817
1 0.7638 0.522935
2 0.762671 0.543128
2 0.763739 0.559347
2 0.761954 0.570763
2 0.761927 0.625787
1 0.76087 0.690948
2 0.763077 0.715917
2 0.762076 0.739712
2 0.762984 0.75434
2 0.762661 0.766929
1 0.764531 0.797107
1 0.762184 0.904622
0 0.765401 0.964971
1 0.768862 0.0061127
1 0.769966 0.0488877
1 0.772867 0.0877329
1 0.770106 0.139335
2 0.768792 0.315822
2 0.768461 0.358081
2 0.768745 0.370347
2 0.771216 0.391257
2 0.767511 0.439615
2 0.767002 0.449677
2 0.772771 0.483858
1 0.771252 0.50195
2 0.771834 0.520114
2 0.770246 0.535512
0 0.771097 0.577732
2 0.768358 0.591492
2 0.7689 0.616057
2 0.767062 0.652805
2 0.769638 0.673686
2 0.768541 0.704309
1 0.769838 0.778786
0 0.771588 0.816289
1 0.771404 0.833788
0 0.772424 0.859024
1 0.767017 0.889352
1 0.778975 0.104821
1 0.775772 0.156249
1 0.773309 0.192729
2 0.775162 0.223539
2 0.776052 0.239459
2 0.774208 0.258747
2 0.773772 0.297298
0 0.775193 0.33659
1 0.778112 0.354165
1 0.777303 0.376396
1 0.778428 0.407849
2 0.777582 0.419604
1 0.774781 0.434277
2 0.773795 0.458543
2 0.779055 0.467073
1 0.773661 0.473564
1 0.775479 0.543668
2 0.777104 0.559911
2 0.773593 0.6032
2 0.775671 0.638682
2 0.775623 0.660852
1 0.773644 0.728144
1 0.775297 0.75254
2 0.775772 0.765541
2 0.775944 0.798093
1 0.775898 0.875278
0 0.775099 0.900687
1 0.777225 0.942772
2 0.783913 0.017697
1 0.783682 0.0630413
1 0.780793 0.172213
1 0.78104 0.267941
1 0.783979 0.292497
2 0.782886 0.305082
1 0.783972 0.316549
2 0.784173 0.326806
2 0.781885 0.399038
2 0.78471 0.441969
2 0.780473 0.52709
2 0.78526 0.570599
2 0.783749 0.597928
2 0.781237 0.614546
2 0.779972 0.626459
1 0.782902 0.648228
2 0.78178 0.671427
1 0.781305 0.682267
2 0.784254 0.692963
2 0.782549 0.740195
1 0.783906 0.92182
1 0.780653 0.969024
1 0.779438 0.98833
0 0.788526 0.0763613
1 0.786589 0.123647
1 0.791178 0.146707
0 0.787006 0.217743
1 0.786982 0.239447
2 0.786562 0.250683
2 0.790161 0.282107
2 0.785395 0.342256
2 0.791077 0.374873
2 0.786681 0.386547
2 0.79109 0.426023
1 0.788848 0.455529
2 0.787026 0.487475
2 0.786762 0.499917
2 0.787861 0.513357
2 0.787299 0.540919
2 0.789766 0.581544
2 0.789762 0.608599
2 0.788169 0.637119
2 0.787772 0.656941
0 0.789442 0.706046
2 0.785314 0.719489
1 0.789534 0.770033
2 0.789437 0.783638
1 0.785619 0.810849
1 0.787005 0.839092
1 0.789448 0.895382
1 0.793467 0.0351758
1 0.795146 0.0905758
0 0.797387 0.161052
1 0.793311 0.182518
1 0.795727 0.202492
2 0.792352 0.228159
2 0.794203 0.268742
2 0.796169 0.312425
2 0.795647 0.35122
2 0.792909 0.409017
2 0.797538 0.43445
2 0.791421 0.470778
1 0.794356 0.48109
2 0.791706 0.525215
2 0.797289 0.542732
2 0.791761 0.553345
2 0.797192 0.619281
2 0.795261 0.686907
2 0.797437 0.809879
1 0.794562 0.85409
1 0.795537 0.875066
1 0.801972 0.00944902
1 0.800202 0.0598387
1 0.801947 0.13394
1 0.802774 0.219653
2 0.798784 0.339276
1 0.800712 0.358703
2 0.803104 0.372858
1 0.799204 0.383936
0 0.801408 0.400071
2 0.801524 0.42143
2 0.803122 0.449713
1 0.79855 0.508588
0 0.800275 0.529118
2 0.798588 0.562232
2 0.801995 0.579774
1 0.799199 0.591391
2 0.798704 0.642497
2 0.79877 0.670726
2 0.799413 0.703233
1 0.800303 0.729472
2 0.800185 0.753287
1 0.803004 0.791079
1 0.803199 0.831612
0 0.799821 0.961501
1 0.799881 0.990914
0 0.804565 0.0463085
0 0.804539 0.112789
1 0.806379 0.151942
2 0.805242 0.178206
2 0.806328 0.242628
0 0.808658 0.265739
1 0.803698 0.28239
2 0.805033 0.292681
1 0.804054 0.318768
2 0.807782 0.389037
1 0.807547 0.414509
1 0.808477 0.442699
2 0.808365 0.460592
2 0.805695 0.477467
2 0.804507 0.516261
2 0.808089 0.541797
1 0.805408 0.552131
2 0.809155 0.565384
2 0.805929 0.60662
0 0.807949 0.632403
2 0.804985 0.653507
2 0.807054 0.681406
1 0.805001 0.693144
2 0.804685 0.715598
1 0.8069 0.773017
0 0.806245 0.886635
1 0.804074 0.944742
1 0.811992 0.166739
1 0.814298 0.194724
2 0.815362 0.276644
2 0.81088 0.325846
1 0.809897 0.338595
2 0.809923 0.357293
2 0.811036 0.493272
2 0.813667 0.503722
2 0.815916 0.529653
2 0.814051 0.580627
2 0.812004 0.59538
2 0.813453 0.641253
2 0.810235 0.664365
2 0.813269 0.704875
2 0.814726 0.746263
0 0.81079 0.756369
1 0.810144 0.84865
1 0.811591 0.869176
1 0.81543 0.897624
1 0.811507 0.920291
1 0.818195 0.0239725
1 0.819235 0.0604304
1 0.816106 0.0827673
1 0.819471 0.0999086
1 0.81921 0.141635
2 0.821359 0.233415
2 0.817026 0.298748
2 0.820111 0.350461
0 0.819585 0.363694
2 0.816973 0.376915
2 0.817841 0.405446
2 0.81785 0.424636
2 0.819352 0.439742
2 0.820023 0.469851
1 0.821863 0.488293
1 0.81657 0.519549
2 0.817031 0.551274
2 0.819814 0.562914
2 0.821563 0.605358
2 0.818023 0.625117
2 0.819935 0.651698
2 0.819735 0.676988
2 0.818102 0.718726
1 0.819862 0.731696
2 0.818518 0.77285
1 0.818829 0.785017
2 0.816663 0.798751
0 0.821392 0.856986
1 0.822493 0.0394011
1 0.82532 0.126413
1 0.827061 0.161014
1 0.82553 0.181263
1 0.826621 0.221658
2 0.822097 0.250039
0 0.822193 0.317632
2 0.824285 0.335082
2 0.823128 0.389929
0 0.826789 0.432999
2 0.824406 0.450512
2 0.825504 0.498654
2 0.825867 0.542419
2 0.827049 0.593201
1 0.827268 0.663299
1 0.823713 0.702808
2 0.825496 0.757532
1 0.822222 0.810903
0 0.827489 0.823013
1 0.826963 0.841773
1 0.827088 0.887192
1 0.827138 0.955379
0 0.832682 0.00705433
1 0.83404 0.0684214
0 0.830121 0.0899317
0 0.832009 0.202888
2 0.834002 0.263534
1 0.828462 0.278585
2 0.833718 0.311871
2 0.832541 0.345604
2 0.829403 0.364223
1 0.833081 0.373881
0 0.834156 0.392838
2 0.832482 0.4134
2 0.834214 0.439625
1 0.832129 0.459283
2 0.832469 0.469692
2 0.830866 0.510595
2 0.829464 0.527357
1 0.828285 0.556907
2 0.833439 0.572536
2 0.834182 0.603654
2 0.82946 0.638923
2 0.830887 0.685151
2 0.833345 0.707247
1 0.831638 0.771928
1 0.833418 0.85965
2 0.832274 0.91001
1 0.828566 0.97675
0 0.839121 0.0402591
1 0.839012 0.100983
2 0.840249 0.123316
1 0.837672 0.147898
1 0.839843 0.192227
1 0.839571 0.298266
1 0.838058 0.323602
1 0.839511 0.357155
2 0.840175 0.401708
2 0.840189 0.480788
2 0.839051 0.496147
1 0.840179 0.513239
2 0.836304 0.550256
1 0.834861 0.586072
1 0.834591 0.627352
2 0.836709 0.671619
1 0.834936 0.718828
1 0.834896 0.737422
2 0.839083 0.788636
1 0.835887 0.803324
1 0.836543 0.933792
1 0.843931 0.171121
2 0.842998 0.231298
1 0.843363 0.244502
2 0.840949 0.284564
2 0.844576 0.369793
2 0.84209 0.386021
2 0.846542 0.422607
2 0.843763 0.44928
0 0.843209 0.471527
2 0.846111 0.5249
0 0.843096 0.539902
2 0.84589 0.62175
2 0.844317 0.648898
1 0.842854 0.683177
1 0.844702 0.835152
1 0.84329 0.879713
1 0.846596 0.894507
1 0.849028 0.00872642
1 0.852503 0.0606998
1 0.847902 0.0789986
1 0.850672 0.13558
0 0.849992 0.266939
2 0.847371 0.333936
2 0.851642 0.348474
1 0.850459 0.434556
2 0.852313 0.483349
2 0.849915 0.550326
2 0.847895 0.563144
2 0.851486 0.580023
0 0.85132 0.599428
2 0.851058 0.66465
2 0.849425 0.705292
0 0.851855 0.743612
1 0.848764 0.765995
1 0.85104 0.783137
1 0.847646 0.819702
1 0.849986 0.852495
0 0.850053 0.95318
1 0.85862 0.0389336
1 0.854548 0.108612
1 0.857794 0.153605
1 0.857088 0.188258
1 0.855668 0.209072
2 0.856413 0.29204
1 0.85318 0.311458
1 0.853063 0.38925
1 0.857999 0.41542
2 0.85816 0.442215
2 0.855009 0.458412
2 0.85338 0.503234
2 0.853912 0.536506
1 0.857539 0.568698
2 0.853002 0.678909
1 0.853157 0.732654
1 0.853872 0.804613
0 0.856083 0.871488
1 0.854985 0.91537
1 0.854875 0.974971
0 0.862801 0.171761
1 0.86178 0.230488
1 0.86446 0.281339
0 0.861852 0.332784
2 0.859692 0.371674
2 0.865006 0.40457
1 0.862176 0.480081
1 0.862333 0.524658
1 0.864176 0.543518
2 0.862818 0.558375
2 0.860605 0.588885
2 0.860639 0.609859
2 0.863185 0.634974
1 0.864394 0.6479
0 0.863865 0.685986
1 0.861505 0.702936
2 0.861966 0.758401
2 0.861385 0.794629
1 0.859121 0.839856
1 0.860112 0.885709
1 0.859029 0.935039
1 0.867118 0.084104
1 0.867278 0.248529
2 0.866684 0.264243
2 0.867144 0.344339
1 0.867681 0.360563
1 0.870368 0.446854
2 0.866156 0.490222
0 0.867126 0.504153
2 0.866127 0.575238
1 0.867994 0.621738
2 0.867415 0.664257
2 0.871121 0.710393
1 0.866978 0.724076
2 0.867782 0.736116
1 0.867798 0.813338
1 0.866595 0.855303
1 0.870417 0.898608
1 0.875561 0.0221515
0 0.873125 0.055512
0 0.876739 0.0992777
1 0.871279 0.121314
0 0.875464 0.135256
1 0.877086 0.182359
1 0.875993 0.29692
2 0.871498 0.30807
1 0.876027 0.375842
2 0.873291 0.39248
0 0.873584 0.414663
2 0.871846 0.430784
2 0.872488 0.461673
2 0.871965 0.477195
2 0.874689 0.512124
2 0.871601 0.535793
1 0.875327 0.584239
2 0.87433 0.597095
2 0.876993 0.630986
2 0.876455 0.692805
1 0.873686 0.774389
0 0.874469 0.838914
1 0.877097 0.879576
1 0.874312 0.947714
0 0.872884 0.99026
1 0.879638 0.221667
2 0.88058 0.323369
1 0.878591 0.48981
2 0.882128 0.551297
2 0.881182 0.568033
2 0.882007 0.615664
1 0.881069 0.674282
1 0.877466 0.799034
1 0.88125 0.853514
1 0.88265 0.968175
1 0.886213 0.0387381
1 0.884878 0.0696633
1 0.889359 0.106746
1 0.885723 0.161943
0 0.888107 0.196859
2 0.883608 0.245152
1 0.885731 0.271307
2 0.888757 0.298345
1 0.884245 0.338686
1 0.884629 0.396272
2 0.888249 0.41254
1 0.888838 0.424174
2 0.886703 0.442601
0 0.883986 0.460753
1 0.883445 0.522142
0 0.884573 0.540157
2 0.886415 0.582509
1 0.884645 0.603938
1 0.883942 0.712061
0 0.886521 0.72381
1 0.884667 0.74071
2 0.885888 0.761522
0 0.888898 0.79051
1 0.889277 0.891482
0 0.886043 0.907757
1 0.888175 0.928228
1 0.891805 0.139385
1 0.894065 0.210666
0 0.891266 0.364158
1 0.892977 0.376698
2 0.894963 0.456683
2 0.890756 0.492417
2 0.893482 0.507635
1 0.892141 0.560776
2 0.89039 0.644744
2 0.892671 0.667802
1 0.893697 0.688785
1 0.889596 0.829544
1 0.892677 0.867336
0 0.893786 0.953858
1 0.889588 0.997096
1 0.900417 0.0189322
1 0.899091 0.121209
1 0.899613 0.170566
1 0.898487 0.233868
1 0.896667 0.252594
0 0.900022 0.269685
1 0.896651 0.31624
2 0.89938 0.34425
1 0.900745 0.357558
2 0.896176 0.399111
2 0.897592 0.429886
1 0.900971 0.444026
2 0.898692 0.472958
2 0.897825 0.541866
2 0.897185 0.599085
1 0.896472 0.620854
1 0.900716 0.711391
1 0.901208 0.756969
1 0.899176 0.778583
1 0.900642 0.808413
1 0.901752 0.845425
1 0.902803 0.0490507
1 0.902445 0.0883746
1 0.907616 0.104883
1 0.907087 0.134861
1 0.905726 0.292747
1 0.903081 0.332111
1 0.907362 0.403965
0 0.905809 0.422673
1 0.902967 0.5278
2 0.907471 0.565756
1 0.905682 0.742522
0 0.902459 0.829409
1 0.907813 0.863012
1 0.906436 0.884357
1 0.902622 0.903531
1 0.905825 0.921828
0 0.91316 0.14932
1 0.910482 0.196708
1 0.911084 0.215205
0 0.9135 0.307885
2 0.912262 0.387901
2 0.914098 0.456909
0 0.909492 0.500077
1 0.908276 0.547279
1 0.910399 0.580623
2 0.912116 0.625458
1 0.909834 0.680927
0 0.912222 0.70386
1 0.912251 0.790199
1 0.913643 0.817961
1 0.911835 0.941065
1 0.909094 0.980446
1 0.915836 0.0680521
1 0.91915 0.123324
1 0.917664 0.167154
1 0.918154 0.253215
2 0.917571 0.331289
1 0.917162 0.347925
1 0.915501 0.374888
2 0.916785 0.429355
1 0.920216 0.444697
1 0.915113 0.483079
1 0.91802 0.517093
2 0.915744 0.532603
1 0.915402 0.652029
1 0.920085 0.725392
1 0.917223 0.841785
1 0.918254 0.908537
1 0.922066 0.0349171
1 0.923219 0.101856
0 0.922347 0.180637
1 0.921414 0.230769
2 0.9218 0.276309
1 0.924957 0.410414
0 0.925054 0.461406
2 0.925582 0.555689
2 0.922425 0.599339
1 0.922509 0.612488
0 0.92405 0.639052
1 0.923275 0.670122
1 0.923761 0.696029
1 0.920248 0.762
1 0.92449 0.778281
0 0.92358 0.855045
1 0.926082 0.874041
1 0.922166 0.89029
1 0.921364 0.999156
0 0.926679 0.0879802
1 0.930011 0.138404
1 0.930288 0.157578
1 0.930981 0.19265
1 0.926383 0.298312
1 0.929388 0.316617
2 0.926799 0.36577
2 0.929703 0.480229
0 0.930057 0.535609
1 0.929027 0.800023
0 0.934125 0.219321
1 0.937001 0.267326
1 0.935292 0.390373
2 0.935327 0.403566
1 0.935888 0.422671
1 0.936912 0.455329
2 0.935264 0.517907
1 0.934953 0.589948
1 0.93491 0.630482
2 0.935692 0.713569
1 0.936045 0.731023
1 0.936313 0.75424
1 0.933311 0.826231
1 0.933192 0.845062
0 0.933243 0.901791
1 0.935333 0.922253
1 0.932943 0.969309
1 0.943442 0.0122113
2 0.942603 0.0372331
1 0.940013 0.0629655
1 0.942909 0.081958
1 0.940237 0.0978796
0 0.942776 0.130278
1 0.941012 0.174053
1 0.942481 0.237235
1 0.944152 0.28261
1 0.942992 0.302232
0 0.943954 0.32534
1 0.939055 0.354265
1 0.942956 0.493371
2 0.94457 0.547562
1 0.939579 0.565271
1 0.943637 0.682954
0 0.939695 0.790346
1 0.944477 0.880271
1 0.939297 0.948482
1 0.943886 0.985072
1 0.948134 0.212247
1 0.94585 0.37361
1 0.946857 0.410689
2 0.949346 0.424102
2 0.948342 0.468441
1 0.945385 0.611899
1 0.948707 0.648207
2 0.94588 0.663711
0 0.949954 0.746104
1 0.948188 0.766291
1 0.947997 0.814336
1 0.950027 0.837036
1 0.945541 0.858926
1 0.950123 0.909333
1 0.954768 0.0519729
1 0.953089 0.141438
0 0.955293 0.252329
1 0.954133 0.448366
2 0.951376 0.581978
1 0.951676 0.712122
1 0.956693 0.959486
1 0.961557 0.0730279
1 0.957203 0.11476
2 0.96066 0.155774
1 0.958095 0.190507
1 0.961834 0.268792
0 0.959823 0.290477
1 0.958064 0.317046
1 0.957175 0.3871
1 0.961375 0.43157
1 0.963092 0.468386
1 0.959107 0.511659
1 0.960811 0.5321
1 0.958503 0.566579
1 0.958656 0.596677
2 0.9611 0.621964
1 0.960276 0.778658
1 0.963155 0.876517
1 0.962248 0.990237
1 0.967904 0.0301168
1 0.966368 0.0921353
1 0.967237 0.130849
1 0.967039 0.214857
1 0.964438 0.337976
1 0.964111 0.366103
0 0.963803 0.409454
0 0.967114 0.499386
1 0.965146 0.697946
1 0.968043 0.720964
1 0.966792 0.799003
0 0.968038 0.838363
2 0.964577 0.9201
1 0.96769 0.936066
1 0.973017 0.111497
1 0.97521 0.149975
1 0.97036 0.242331
0 0.970687 0.447288
1 0.970362 0.484827
1 0.970504 0.645619
1 0.975044 0.737824
1 0.96958 0.817723
1 0.974342 0.85144
1 0.97265 0.892595
1 0.978496 0.0127824
1 0.976077 0.0496866
0 0.979386 0.0659356
1 0.976732 0.169998
1 0.97642 0.306322
1 0.980695 0.50691
0 0.975804 0.548626
1 0.977621 0.602773
1 0.979004 0.667292
1 0.981402 0.756325
1 0.981545 0.868304
1 0.978389 0.910485
1 0.977619 0.955582
0 0.975774 0.976902
1 0.983627 0.0932587
1 0.982863 0.12809
1 0.981993 0.281327
1 0.98243 0.325665
1 0.98543 0.342858
0 0.986203 0.361858
1 0.982826 0.378659
1 0.986359 0.442381
1 0.986253 0.477848
1 0.981598 0.531419
1 0.983416 0.573617
0 0.985716 0.69219
1 0.986766 0.723161
0 0.982159 0.771566
1 0.98592 0.813152
0 0.987607 0.88353
1 0.985842 0.936042
1 0.991452 0.0772935
0 0.988298 0.113991
0 0.992894 0.152244
0 0.989639 0.195827
1 0.990185 0.225673
1 0.991468 0.250437
1 0.989968 0.406318
1 0.991569 0.425284
1 0.993295 0.633739
1 0.99209 0.790774
1 0.987997 0.834097
1 0.991548 0.850879
1 0.995034 0.0251575
1 0.997289 0.0483986
1 0.998815 0.131181
1 0.998295 0.170943
0 0.996493 0.292524
1 0.994239 0.311594
1 0.997039 0.388772
1 0.994668 0.462542
1 0.999526 0.492967
0 0.998424 0.735317
1 0.99447 0.903433
1 0.993892 0.989875
