1 0.00561745 0.104542
1 0.000563814 0.223501
1 0.000372691 0.312558
0 0.00455666 0.481619
1 0.00488019 0.540188
0 0.00578368 0.58386
1 0.000158257 0.685591
1 0.00470034 0.775923
1 0.00551911 0.874838
1 0.0043009 0.899296
1 0.00799656 0.00878322
1 0.0121765 0.0660986
1 0.00821825 0.146289
1 0.00935102 0.279932
1 0.00714587 0.357329
2 0.0116065 0.385489
1 0.00961107 0.503081
1 0.00786084 0.598743
1 0.0077219 0.615101
1 0.00900984 0.643644
0 0.00851123 0.668761
1 0.00969301 0.82093
1 0.0157405 0.0385036
1 0.0173209 0.211431
0 0.0124729 0.25497
0 0.0153946 0.297994
1 0.0175195 0.3332
1 0.0140488 0.438979
0 0.0153185 0.518841
1 0.0130519 0.7022
1 0.0138743 0.725159
1 0.0158411 0.758339
0 0.0179568 0.858655
1 0.0143263 0.916065
1 0.0125379 0.932117
1 0.0125093 0.948479
1 0.0126941 0.965057
1 0.0232174 0.0934452
1 0.0235849 0.182642
1 0.0207736 0.23555
1 0.0224447 0.4087
1 0.0216239 0.550769
1 0.0193957 0.574408
0 0.0224838 0.6198
0 0.0198615 0.80395
1 0.0221429 0.836915
0 0.0272623 0.0282774
0 0.0276016 0.074672
1 0.0271618 0.114167
1 0.0258134 0.136629
1 0.0299467 0.265152
1 0.0297863 0.291228
1 0.0272601 0.314262
1 0.025574 0.351818
1 0.0268254 0.602791
1 0.0306229 0.648929
1 0.0268219 0.677136
1 0.0275506 0.742493
1 0.0270991 0.778926
1 0.030346 0.818689
1 0.0251278 0.902399
1 0.0283385 0.971087
0 0.0255595 0.990608
1 0.0331164 0.00779446
1 0.0321177 0.450835
1 0.0307398 0.481494
0 0.0309886 0.563056
1 0.0368053 0.854958
1 0.0319942 0.884901
2 0.0327126 0.944008
1 0.042387 0.0835832
0 0.0380906 0.162222
0 0.0386605 0.20899
1 0.0420936 0.228471
0 0.0417689 0.331582
1 0.0379136 0.373776
1 0.0383666 0.425376
1 0.0391996 0.523882
1 0.0382957 0.619429
1 0.0380279 0.758866
1 0.0421169 0.799226
1 0.0388304 0.914446
1 0.0446334 0.0285742
1 0.0463173 0.0504836
1 0.0459478 0.282011
1 0.0486569 0.463376
1 0.0438493 0.503402
1 0.0457124 0.56735
1 0.0481056 0.58421
1 0.0433635 0.697736
1 0.0445189 0.721766
0 0.0448835 0.739546
0 0.0444937 0.775785
1 0.0432262 0.83279
1 0.044993 0.898107
1 0.0456107 0.959361
1 0.0475387 0.98754
1 0.050835 0.00568973
1 0.054731 0.110739
1 0.0491747 0.141236
1 0.050699 0.184178
1 0.0549909 0.301239
1 0.0537351 0.390322
0 0.0491658 0.411749
1 0.0503446 0.544779
1 0.0534171 0.640161
0 0.0544506 0.657393
1 0.0503556 0.676212
1 0.0500298 0.87517
1 0.0604718 0.0187827
1 0.0584545 0.0721607
1 0.0609578 0.431562
0 0.0587528 0.489443
1 0.0553317 0.600939
2 0.0576424 0.615651
1 0.0592392 0.749641
1 0.0600673 0.786199
1 0.0603953 0.807435
1 0.0613382 0.827435
0 0.0590191 0.907029
1 0.0661174 0.0338738
1 0.0653294 0.0545545
1 0.0673764 0.0905699
2 0.062552 0.245366
1 0.0660698 0.271985
1 0.0652799 0.360309
1 0.0643834 0.531411
2 0.0662485 0.580476
1 0.0617281 0.933448
0 0.0722007 0.000627098
0 0.0694098 0.127264
1 0.0707771 0.203284
1 0.072044 0.335083
1 0.0703037 0.670487
1 0.0698945 0.690444
1 0.0683265 0.714798
1 0.0683117 0.733813
1 0.0692865 0.769356
0 0.0700053 0.861054
1 0.0710103 0.894729
1 0.073176 0.953955
1 0.0715145 0.975422
0 0.0784283 0.0444577
1 0.0787223 0.111551
1 0.0797305 0.16585
1 0.0780376 0.309035
2 0.0739272 0.467606
2 0.0771582 0.48812
0 0.0780779 0.55329
1 0.0778275 0.568408
1 0.079439 0.637772
1 0.0778968 0.751285
2 0.0788127 0.786536
1 0.0830078 0.0149218
1 0.0851965 0.139658
1 0.0809718 0.235571
0 0.0807935 0.291445
2 0.0821144 0.365567
1 0.084211 0.420842
2 0.0803615 0.435134
1 0.0799224 0.450967
2 0.08101 0.505501
1 0.0809269 0.517948
1 0.0835975 0.540989
1 0.0816823 0.608752
2 0.0851424 0.623324
1 0.0847489 0.834982
1 0.0911393 0.0279836
1 0.0890085 0.0633272
0 0.0866096 0.089346
1 0.0902644 0.264347
1 0.0864497 0.395295
2 0.0913079 0.460317
1 0.0907362 0.476085
1 0.0869353 0.583987
2 0.0884892 0.648878
2 0.0913228 0.676451
1 0.085928 0.723921
1 0.0876943 0.812334
1 0.0898243 0.906979
1 0.0888587 0.936116
2 0.0939763 0.489286
2 0.0957831 0.525751
2 0.0969083 0.54434
2 0.0944485 0.563509
1 0.0978419 0.658239
1 0.094272 0.689739
0 0.0956996 0.752345
1 0.0954377 0.769218
1 0.0962609 0.868639
1 0.0981218 0.993104
0 0.0985469 0.014886
1 0.103392 0.0737972
1 0.098946 0.123446
1 0.101336 0.186981
0 0.0995318 0.209434
2 0.102032 0.345855
2 0.098393 0.600408
2 0.103979 0.618721
0 0.104009 0.701339
1 0.099351 0.953847
1 0.10918 0.00649553
1 0.107213 0.0375912
1 0.108297 0.363135
1 0.107506 0.389729
0 0.104988 0.412095
2 0.104466 0.436349
2 0.105805 0.47972
2 0.10747 0.502174
1 0.105712 0.514181
2 0.108584 0.572858
0 0.104576 0.586783
1 0.110356 0.606368
2 0.109748 0.668785
1 0.105504 0.715061
0 0.113302 0.0511714
1 0.112417 0.0955045
1 0.112386 0.276469
1 0.112752 0.318014
1 0.112819 0.45075
1 0.110718 0.55251
0 0.114215 0.62659
2 0.11227 0.645048
1 0.112369 0.736135
1 0.116355 0.771635
1 0.111548 0.791274
0 0.11043 0.815612
1 0.114815 0.848933
1 0.112108 0.892713
0 0.113159 0.914365
1 0.119705 0.022904
1 0.119912 0.065984
1 0.119042 0.112815
1 0.118988 0.165846
1 0.120359 0.233721
2 0.122601 0.330572
2 0.117909 0.375224
2 0.121422 0.391384
2 0.121244 0.414844
2 0.117969 0.462635
1 0.12188 0.496899
2 0.116857 0.529819
1 0.120338 0.573181
2 0.117436 0.684343
1 0.121426 0.939254
0 0.126215 0.00162015
0 0.125813 0.0830543
1 0.126867 0.141192
1 0.124455 0.208878
0 0.128126 0.255276
1 0.123494 0.42986
2 0.124043 0.442709
1 0.126877 0.471638
2 0.123177 0.483476
1 0.125413 0.539757
2 0.12604 0.550948
2 0.127589 0.594971
1 0.126548 0.804922
0 0.125014 0.96
1 0.129741 0.0397281
0 0.130983 0.348729
2 0.13257 0.36792
1 0.13334 0.386993
0 0.134203 0.449442
2 0.131661 0.507483
2 0.131541 0.524933
1 0.132188 0.619044
2 0.131035 0.630993
1 0.132205 0.655854
2 0.130106 0.670285
1 0.129925 0.686359
1 0.130656 0.72827
1 0.13421 0.873776
1 0.129943 0.906704
1 0.139902 0.0269301
1 0.135908 0.0618273
1 0.137439 0.186205
2 0.138692 0.330111
2 0.135913 0.407995
2 0.138051 0.427164
2 0.140058 0.469958
2 0.139332 0.541083
2 0.135465 0.570022
1 0.138595 0.588114
2 0.135735 0.606147
1 0.135608 0.752967
1 0.140937 0.774532
1 0.135983 0.822143
1 0.141579 0.0836367
1 0.14509 0.101864
0 0.144977 0.12773
1 0.143571 0.164625
1 0.142761 0.285924
1 0.14409 0.316612
2 0.14654 0.36677
2 0.142275 0.440334
1 0.142671 0.48943
1 0.144484 0.515175
2 0.147094 0.525375
2 0.146234 0.629196
2 0.146082 0.65393
2 0.146273 0.669013
2 0.142956 0.683337
0 0.145151 0.789201
0 0.145711 0.85214
1 0.142292 0.932069
1 0.1447 0.976216
1 0.148224 0.0472466
1 0.148337 0.227954
1 0.149301 0.250095
2 0.152821 0.3059
2 0.151142 0.35235
2 0.148038 0.39253
0 0.147636 0.407726
2 0.151051 0.430539
2 0.148805 0.499182
0 0.147636 0.550205
2 0.148201 0.575268
2 0.151226 0.588347
2 0.151311 0.604049
2 0.152951 0.642116
2 0.149009 0.700924
2 0.15202 0.745187
1 0.153107 0.806316
1 0.152409 0.834912
1 0.149955 0.905641
1 0.153821 0.00932921
0 0.155129 0.0303181
1 0.154693 0.0716358
1 0.158758 0.153672
0 0.159183 0.177735
2 0.15931 0.287544
2 0.156172 0.323468
1 0.159501 0.381874
1 0.153967 0.44305
2 0.155747 0.484633
2 0.153992 0.51078
2 0.153776 0.536593
2 0.157668 0.559476
2 0.158477 0.615446
2 0.158047 0.686379
0 0.15566 0.714541
1 0.164157 0.0903354
1 0.160091 0.114311
1 0.161385 0.133494
1 0.163315 0.200932
0 0.16316 0.217593
2 0.164919 0.260597
1 0.160968 0.341963
2 0.163039 0.359029
2 0.162593 0.396869
1 0.163634 0.424253
2 0.159862 0.452054
2 0.161903 0.467785
1 0.163932 0.478387
2 0.160911 0.495727
2 0.165079 0.519649
1 0.163269 0.534091
2 0.162342 0.577985
1 0.162366 0.591749
1 0.164001 0.628386
1 0.161282 0.660011
2 0.164161 0.698746
1 0.161102 0.736541
1 0.164646 0.877924
1 0.16281 0.93212
1 0.162941 0.955412
1 0.17104 0.245959
2 0.171692 0.332296
2 0.17072 0.380357
2 0.169069 0.410652
2 0.169981 0.435916
2 0.167306 0.567058
2 0.171467 0.613643
2 0.169488 0.648379
2 0.166052 0.675087
1 0.165777 0.771256
1 0.169039 0.97908
1 0.176928 0.0113073
1 0.176727 0.0382082
1 0.172366 0.0581365
1 0.177757 0.115606
1 0.173716 0.166457
2 0.174578 0.305328
2 0.17515 0.400036
2 0.174472 0.423768
2 0.177485 0.45542
2 0.17292 0.469784
2 0.174966 0.48394
2 0.172065 0.496266
1 0.174055 0.512261
2 0.17316 0.533299
2 0.172153 0.553363
2 0.176724 0.578841
2 0.172182 0.600723
1 0.17546 0.692808
2 0.175098 0.749421
0 0.17707 0.822374
1 0.177834 0.85033
1 0.174133 0.895185
0 0.178484 0.0738513
1 0.182879 0.0900804
1 0.180589 0.132874
1 0.182012 0.185027
1 0.182679 0.206572
1 0.179814 0.227591
2 0.180827 0.269671
1 0.182599 0.285368
2 0.179734 0.318826
2 0.18112 0.3514
0 0.179628 0.372877
1 0.183651 0.417174
2 0.180333 0.54489
0 0.183355 0.571357
2 0.179819 0.628221
2 0.182465 0.648588
0 0.183226 0.667097
2 0.17911 0.707304
1 0.178302 0.720371
1 0.182153 0.789016
1 0.183244 0.87188
1 0.18038 0.92061
2 0.186145 0.253812
2 0.188384 0.367158
2 0.185017 0.389559
2 0.189931 0.403783
2 0.189127 0.433227
1 0.184744 0.448648
2 0.18762 0.464081
2 0.187056 0.507042
2 0.187815 0.526995
2 0.184919 0.596921
2 0.189124 0.614189
2 0.188053 0.679149
2 0.187128 0.732653
1 0.186741 0.810399
1 0.186412 0.953902
1 0.188727 0.993332
1 0.192082 0.0495568
2 0.195728 0.103229
1 0.195016 0.1224
0 0.194965 0.15747
2 0.193804 0.21391
2 0.195554 0.281799
2 0.190886 0.310035
2 0.190227 0.328127
2 0.190345 0.340564
2 0.195582 0.379846
2 0.193219 0.41449
2 0.194006 0.443943
1 0.194319 0.475862
2 0.190316 0.486711
2 0.193304 0.543566
2 0.191468 0.561661
1 0.190421 0.635515
2 0.195041 0.661806
2 0.19355 0.71233
2 0.190783 0.767088
0 0.195851 0.894041
0 0.193378 0.935337
0 0.197712 0.028779
1 0.19997 0.170101
2 0.197711 0.234428
0 0.198381 0.26134
1 0.201977 0.313059
2 0.202291 0.324173
1 0.200535 0.365329
2 0.202416 0.42326
1 0.201165 0.437071
2 0.198409 0.454227
0 0.197258 0.498738
1 0.202027 0.5153
2 0.198681 0.529442
2 0.202321 0.553252
2 0.199591 0.583746
2 0.19724 0.603479
2 0.199826 0.641312
2 0.197533 0.687567
0 0.19945 0.749736
1 0.202103 0.778814
2 0.200588 0.791975
2 0.198231 0.8258
1 0.201123 0.842091
1 0.2021 0.865455
1 0.200607 0.915125
1 0.206877 0.0104276
1 0.203319 0.0798868
1 0.20767 0.192922
2 0.202999 0.29534
0 0.206982 0.338136
2 0.20671 0.349196
1 0.202592 0.387395
2 0.206308 0.398722
1 0.203983 0.407908
0 0.207836 0.454618
2 0.205699 0.468675
2 0.205453 0.484672
2 0.205747 0.504967
2 0.208134 0.524476
2 0.208339 0.53987
2 0.202734 0.564981
2 0.206795 0.592184
0 0.202981 0.615863
2 0.207342 0.626414
2 0.203807 0.676488
2 0.20346 0.70383
1 0.203696 0.724447
1 0.207798 0.949719
1 0.21018 0.0601271
1 0.211631 0.112225
1 0.213999 0.138542
1 0.214693 0.158273
0 0.211267 0.209481
2 0.214187 0.288346
2 0.214288 0.312224
2 0.210612 0.363976
2 0.21382 0.412591
2 0.212788 0.446547
2 0.209797 0.495287
1 0.214325 0.554356
2 0.214645 0.569933
1 0.210413 0.580656
2 0.211886 0.611236
1 0.213056 0.647439
2 0.209237 0.657346
2 0.213826 0.694109
2 0.214346 0.721929
0 0.213909 0.853799
1 0.219417 0.0404036
1 0.215638 0.228808
2 0.219296 0.247054
1 0.21793 0.2708
2 0.217579 0.377988
2 0.216431 0.392373
1 0.219421 0.422071
2 0.215557 0.430314
1 0.220012 0.467058
2 0.220694 0.475723
1 0.215111 0.484386
2 0.215986 0.509687
2 0.215579 0.532572
2 0.217831 0.597037
2 0.219929 0.65932
1 0.215094 0.674958
2 0.21608 0.751332
2 0.216067 0.765265
2 0.217942 0.788202
1 0.218213 0.802377
2 0.219363 0.825749
2 0.218087 0.877206
1 0.216524 0.896525
1 0.218429 0.967417
1 0.223525 0.0896456
1 0.222129 0.175743
1 0.226691 0.295456
1 0.22371 0.329073
2 0.22172 0.344183
1 0.225684 0.353558
0 0.22478 0.400415
2 0.224928 0.458107
1 0.222443 0.503574
2 0.224981 0.518032
1 0.224516 0.529473
2 0.223931 0.542374
2 0.22239 0.585971
2 0.222599 0.613843
2 0.226108 0.632694
2 0.223208 0.642982
2 0.224352 0.708676
2 0.222192 0.737836
2 0.225622 0.991295
2 0.232672 0.201643
1 0.229553 0.212759
1 0.231388 0.244085
2 0.229937 0.316915
2 0.231813 0.33396
2 0.229341 0.362558
2 0.227555 0.411726
2 0.227367 0.440964
2 0.231046 0.476955
2 0.23307 0.50861
2 0.230017 0.557186
2 0.227206 0.566783
2 0.232112 0.580314
2 0.230268 0.605645
2 0.227707 0.669793
2 0.230275 0.682465
0 0.22741 0.696433
1 0.229221 0.725789
1 0.227932 0.746766
2 0.22883 0.77525
2 0.231716 0.838563
1 0.23157 0.85218
1 0.232717 0.872048
0 0.230384 0.906097
1 0.227277 0.931694
1 0.238165 0.00578544
0 0.23379 0.0698355
1 0.235964 0.107164
1 0.237663 0.138879
1 0.238112 0.182224
2 0.233879 0.227576
2 0.233747 0.255006
2 0.233212 0.281284
2 0.236185 0.299789
2 0.234739 0.34765
1 0.233319 0.372118
2 0.234768 0.421792
2 0.23827 0.430928
2 0.23814 0.45418
2 0.233475 0.465877
2 0.236246 0.490414
2 0.236152 0.531558
0 0.238314 0.545938
2 0.236405 0.592857
2 0.238717 0.620147
1 0.235855 0.630007
2 0.236997 0.648282
2 0.236704 0.701876
2 0.235981 0.738507
0 0.236513 0.764692
2 0.233842 0.792352
0 0.23655 0.820859
1 0.242069 0.0249539
1 0.244034 0.0879406
0 0.24267 0.151942
1 0.241476 0.163553
2 0.244114 0.246408
1 0.241684 0.262192
2 0.241222 0.312216
1 0.244087 0.331069
2 0.24301 0.363414
2 0.239492 0.389603
2 0.240502 0.409918
0 0.241909 0.440165
2 0.242109 0.515223
1 0.243845 0.525941
2 0.240831 0.570053
2 0.23986 0.609039
2 0.242411 0.636575
2 0.239943 0.663234
1 0.240185 0.678418
1 0.243593 0.710733
2 0.244473 0.748996
2 0.240179 0.808309
1 0.241148 0.889627
1 0.239671 0.957359
1 0.250028 0.0553045
0 0.249952 0.114945
2 0.251216 0.194763
0 0.248106 0.236096
2 0.248898 0.280364
2 0.249769 0.299949
1 0.247287 0.354007
2 0.247262 0.378867
1 0.247904 0.39899
2 0.250052 0.434369
2 0.245675 0.465583
2 0.245624 0.481454
1 0.248894 0.489393
2 0.2473 0.498224
2 0.246557 0.534152
2 0.251131 0.542352
2 0.246891 0.552716
1 0.251233 0.568502
2 0.245999 0.590667
2 0.250018 0.602693
2 0.248874 0.613106
2 0.25066 0.66148
2 0.2498 0.672872
2 0.24961 0.687083
2 0.249908 0.700674
2 0.24806 0.722157
2 0.248543 0.737177
2 0.246445 0.826897
1 0.246512 0.915357
1 0.24919 0.934963
1 0.248575 0.981161
1 0.25501 0.184018
1 0.251987 0.215315
2 0.253767 0.264427
1 0.252736 0.309498
2 0.252367 0.336734
2 0.255762 0.361072
1 0.25384 0.372624
2 0.25636 0.39125
2 0.25249 0.41928
2 0.252876 0.444841
1 0.254249 0.462076
2 0.25442 0.474865
0 0.252492 0.511634
2 0.252233 0.52339
2 0.255307 0.584386
1 0.257181 0.597145
2 0.254804 0.62396
1 0.252301 0.649835
1 0.255795 0.748962
2 0.252813 0.763853
2 0.251659 0.779781
2 0.253239 0.7983
1 0.256312 0.812783
2 0.257389 0.839776
1 0.253059 0.855953
1 0.256153 0.880193
0 0.257055 0.965485
1 0.260718 0.0138185
1 0.257968 0.130521
1 0.261687 0.16518
1 0.262606 0.1998
2 0.258464 0.235878
1 0.261277 0.281883
2 0.258652 0.291563
2 0.26201 0.321039
1 0.26278 0.332504
2 0.260382 0.343663
2 0.261169 0.454353
2 0.263343 0.463678
2 0.263333 0.479283
2 0.260383 0.488929
2 0.259829 0.50327
2 0.262613 0.522215
2 0.263218 0.531784
2 0.258192 0.558213
2 0.259759 0.571344
2 0.257983 0.63667
2 0.262543 0.660581
2 0.260422 0.677063
2 0.262589 0.688538
1 0.261216 0.698798
2 0.260265 0.728686
1 0.257706 0.788258
1 0.265194 0.0763298
2 0.263913 0.21807
1 0.269874 0.227467
2 0.265592 0.254023
2 0.267461 0.273573
2 0.265449 0.37959
2 0.264722 0.395993
2 0.264965 0.410306
1 0.26915 0.418699
2 0.265974 0.426226
1 0.264832 0.439756
2 0.266987 0.510532
1 0.264299 0.546918
2 0.268532 0.569253
2 0.266769 0.582325
2 0.26774 0.595609
2 0.265104 0.612474
2 0.267505 0.629641
2 0.264177 0.645117
1 0.267924 0.668985
2 0.265852 0.716806
2 0.269801 0.749373
1 0.26867 0.764533
2 0.26747 0.808805
1 0.266999 0.828508
2 0.266994 0.869131
2 0.264623 0.889305
1 0.266913 0.904041
1 0.267234 0.949574
1 0.269079 0.992667
0 0.271825 0.0326
2 0.273749 0.202543
2 0.272936 0.240962
2 0.271207 0.301814
2 0.273675 0.326136
2 0.27022 0.338521
2 0.275082 0.350108
0 0.271697 0.365315
2 0.271758 0.402816
2 0.2735 0.464645
2 0.273939 0.478421
1 0.273386 0.486769
2 0.274801 0.530993
2 0.274292 0.608245
2 0.274515 0.646528
2 0.275758 0.657026
2 0.274135 0.691678
2 0.272266 0.704876
1 0.270458 0.725462
1 0.272943 0.84903
0 0.270778 0.923241
1 0.278093 0.0536618
1 0.276821 0.100805
1 0.280927 0.133538
2 0.277553 0.186284
2 0.281122 0.224793
2 0.277146 0.262332
2 0.281637 0.27331
2 0.277244 0.290769
2 0.281503 0.341327
2 0.27839 0.377965
2 0.27863 0.39035
2 0.281843 0.402498
2 0.281497 0.411727
2 0.277533 0.425508
2 0.276139 0.444205
1 0.276688 0.453381
2 0.281696 0.482499
2 0.277386 0.4934
2 0.280535 0.507858
1 0.277195 0.516354
2 0.276269 0.546267
2 0.280797 0.558965
2 0.279689 0.572629
2 0.27769 0.589761
2 0.27694 0.631347
1 0.281217 0.638871
2 0.27829 0.67027
2 0.279499 0.681953
2 0.280324 0.713162
2 0.278044 0.73167
1 0.279535 0.741511
2 0.278703 0.758936
2 0.276233 0.782227
2 0.279204 0.798473
1 0.277885 0.808958
2 0.276865 0.837983
1 0.278311 0.886389
0 0.287996 0.121799
1 0.28639 0.151571
0 0.286524 0.167491
1 0.284784 0.198753
0 0.287459 0.216836
1 0.283853 0.237031
2 0.287697 0.250651
1 0.286701 0.262519
0 0.282987 0.283791
1 0.282435 0.309065
2 0.282661 0.317657
0 0.284339 0.32863
1 0.284544 0.352728
2 0.284617 0.368421
2 0.286616 0.419381
2 0.284835 0.432533
2 0.285533 0.456817
2 0.284361 0.470246
2 0.285338 0.524219
2 0.283683 0.540652
0 0.283258 0.598648
2 0.283379 0.615183
0 0.283025 0.694004
2 0.286488 0.8249
2 0.284538 0.856198
1 0.283235 0.868914
1 0.287277 0.910118
1 0.283085 0.939309
1 0.28538 0.960328
1 0.289 0.0207442
2 0.294427 0.0713945
2 0.29259 0.180439
2 0.294112 0.276536
2 0.289143 0.296367
2 0.294165 0.306282
2 0.292493 0.319956
2 0.29148 0.340327
2 0.291022 0.360772
2 0.28951 0.378703
1 0.293227 0.403421
2 0.293346 0.429878
2 0.292222 0.444176
2 0.29314 0.462249
0 0.289201 0.497376
2 0.293979 0.515184
2 0.293686 0.561199
1 0.288382 0.56767
2 0.289124 0.587872
2 0.28926 0.622151
2 0.289601 0.632454
2 0.290288 0.653799
2 0.288597 0.671458
2 0.292099 0.681446
2 0.291509 0.696236
2 0.290525 0.71281
2 0.290366 0.749854
1 0.288398 0.761405
2 0.293066 0.880897
0 0.292523 0.977578
1 0.28965 0.997189
1 0.299893 0.0445557
2 0.30012 0.212846
2 0.295458 0.227623
2 0.299839 0.249392
2 0.297408 0.260151
2 0.297093 0.287092
2 0.298014 0.353655
1 0.300269 0.378066
2 0.296797 0.392451
2 0.294587 0.411283
0 0.299913 0.425985
2 0.300578 0.436118
2 0.300194 0.448243
1 0.297839 0.455395
1 0.295011 0.47971
2 0.294584 0.487583
2 0.295461 0.506387
2 0.294707 0.533612
0 0.295351 0.542567
2 0.294909 0.552198
2 0.300292 0.579812
2 0.298243 0.594871
2 0.296249 0.604004
2 0.296336 0.615208
2 0.294772 0.663214
1 0.295396 0.726667
2 0.297067 0.738651
2 0.295574 0.767537
0 0.2948 0.77941
2 0.296576 0.801566
0 0.294874 0.839949
1 0.297101 0.858826
0 0.299783 0.899848
1 0.30113 0.0929971
2 0.302941 0.125355
1 0.305863 0.173167
2 0.305092 0.276483
1 0.304301 0.29554
2 0.304272 0.304931
1 0.301571 0.313819
2 0.305562 0.330547
2 0.303917 0.340123
2 0.302248 0.368054
2 0.306266 0.384612
2 0.305891 0.405624
2 0.306231 0.417813
2 0.306198 0.454362
2 0.302433 0.463883
2 0.30391 0.501374
2 0.302713 0.514661
2 0.304782 0.538733
2 0.304549 0.568603
1 0.302641 0.587631
2 0.302703 0.627363
2 0.301177 0.643088
2 0.306049 0.657103
2 0.303097 0.676226
2 0.30205 0.698356
1 0.301031 0.70956
1 0.306279 0.746358
2 0.304261 0.782708
2 0.305551 0.841877
1 0.30387 0.930807
1 0.305276 0.955176
1 0.308396 0.140297
2 0.308209 0.159033
2 0.306754 0.185327
1 0.311418 0.196324
1 0.309001 0.215697
1 0.310905 0.257983
2 0.31119 0.290403
1 0.312161 0.346027
2 0.312383 0.37567
2 0.307085 0.393393
2 0.312808 0.412244
2 0.308919 0.428764
1 0.31221 0.442799
2 0.311081 0.469123
1 0.309257 0.491667
2 0.310979 0.507965
2 0.307376 0.525945
2 0.310647 0.548836
2 0.308721 0.561112
2 0.312458 0.592869
2 0.307624 0.606046
1 0.30911 0.621445
2 0.30789 0.636937
1 0.307951 0.648326
2 0.311405 0.66764
2 0.312854 0.684417
2 0.309117 0.714055
2 0.306965 0.755997
1 0.310905 0.76638
1 0.309038 0.805137
2 0.307069 0.818242
1 0.308939 0.828939
2 0.311803 0.854835
1 0.309033 0.876745
1 0.309455 0.910923
1 0.309421 0.982624
1 0.310482 0.999737
0 0.316334 0.0144389
1 0.314473 0.0638349
2 0.318112 0.177447
2 0.316165 0.205029
1 0.313854 0.235639
2 0.316145 0.249629
1 0.313694 0.277673
2 0.317071 0.29926
2 0.313116 0.337967
2 0.318091 0.356883
2 0.315447 0.384217
2 0.31609 0.396493
1 0.317281 0.405749
2 0.315982 0.421521
1 0.315557 0.461119
2 0.315409 0.485714
1 0.314959 0.518528
2 0.317176 0.528704
2 0.315493 0.541042
2 0.318426 0.571922
2 0.314419 0.581888
2 0.315338 0.629992
2 0.316838 0.654733
2 0.315217 0.700514
0 0.317913 0.708752
2 0.313352 0.726952
2 0.315868 0.747894
2 0.316406 0.77456
1 0.31646 0.784022
1 0.32172 0.0338187
1 0.32133 0.159418
2 0.320012 0.227254
2 0.320532 0.260577
2 0.324638 0.285025
2 0.319103 0.316899
1 0.321317 0.326082
2 0.325065 0.335375
0 0.321689 0.365431
2 0.322112 0.374406
1 0.324948 0.424654
2 0.319357 0.436853
2 0.320941 0.450027
2 0.324309 0.461252
2 0.319299 0.47085
2 0.323442 0.480529
2 0.323591 0.494332
2 0.32401 0.508282
2 0.32497 0.521755
1 0.320322 0.552772
2 0.324759 0.592051
2 0.320323 0.60213
2 0.320645 0.617859
2 0.324162 0.63189
2 0.324241 0.645774
1 0.323897 0.686834
2 0.323941 0.695507
2 0.322145 0.721818
2 0.322077 0.73239
0 0.324498 0.801596
2 0.325 0.816239
2 0.32011 0.837627
0 0.323152 0.869741
1 0.321979 0.89352
0 0.322204 0.940774
2 0.326299 0.111837
1 0.330936 0.141532
0 0.330803 0.239765
2 0.32886 0.272002
1 0.326663 0.307159
2 0.327777 0.35057
1 0.32562 0.381901
2 0.325279 0.395047
2 0.328645 0.418066
2 0.328226 0.432401
2 0.329983 0.488619
2 0.330832 0.516115
2 0.326885 0.535533
2 0.32663 0.55746
2 0.328399 0.57733
2 0.327863 0.611604
2 0.330457 0.66347
2 0.32679 0.675184
2 0.329378 0.713854
0 0.325669 0.746775
2 0.32646 0.756408
2 0.327611 0.77015
2 0.325781 0.782596
1 0.32931 0.959629
1 0.327551 0.982635
1 0.336392 0.0955227
0 0.33437 0.171537
1 0.333046 0.196597
1 0.331784 0.217222
2 0.334212 0.228035
1 0.332863 0.260759
2 0.334935 0.287898
2 0.336499 0.299932
2 0.334232 0.316983
2 0.33529 0.337777
2 0.334274 0.366972
2 0.33249 0.377972
2 0.333045 0.387826
2 0.332042 0.410236
2 0.335051 0.453142
2 0.332698 0.463436
2 0.335207 0.47243
1 0.332336 0.480891
2 0.333485 0.503498
2 0.335972 0.532565
2 0.334777 0.540844
2 0.335037 0.549902
2 0.336006 0.569052
2 0.33645 0.589672
2 0.335462 0.600617
2 0.331389 0.619689
2 0.332956 0.63101
2 0.33531 0.639429
1 0.334374 0.64977
2 0.33501 0.679585
2 0.333694 0.702156
2 0.333453 0.72684
2 0.333286 0.737388
1 0.336834 0.771812
2 0.335364 0.794488
0 0.336848 0.834302
2 0.331322 0.846243
1 0.331355 0.922585
1 0.333423 0.999595
1 0.338163 0.0715567
2 0.34069 0.190607
2 0.337676 0.207
2 0.339821 0.241085
2 0.341386 0.261247
0 0.337979 0.276004
0 0.342861 0.330332
2 0.341691 0.352694
2 0.343525 0.383895
2 0.341657 0.392672
1 0.338245 0.401444
2 0.337722 0.421164
1 0.341322 0.440601
2 0.343147 0.470789
2 0.341021 0.489807
1 0.342105 0.501434
2 0.34219 0.508834
0 0.342827 0.521906
2 0.34313 0.538461
2 0.340917 0.561532
2 0.33897 0.580886
1 0.339826 0.614469
2 0.342799 0.623534
2 0.343413 0.649219
2 0.343481 0.669108
2 0.337435 0.692644
2 0.340381 0.719712
2 0.339484 0.781208
2 0.33791 0.822039
2 0.343468 0.861925
1 0.338633 0.906283
1 0.341168 0.941246
2 0.343051 0.971406
1 0.348986 0.019105
0 0.345176 0.0539296
1 0.344366 0.117069
2 0.349678 0.144689
1 0.348736 0.162109
2 0.348178 0.230627
2 0.349253 0.268522
2 0.346213 0.289922
2 0.345709 0.311366
2 0.346234 0.323135
2 0.346209 0.337657
1 0.344749 0.364477
2 0.345105 0.373406
2 0.343606 0.409723
2 0.345985 0.423038
2 0.348839 0.437771
2 0.346492 0.45166
0 0.349157 0.476961
2 0.34893 0.494182
2 0.348435 0.529805
2 0.347953 0.55122
1 0.34732 0.56705
2 0.349462 0.575471
2 0.346112 0.590033
2 0.344913 0.604225
2 0.348419 0.63374
1 0.345397 0.679973
2 0.346476 0.690689
2 0.345009 0.707236
2 0.345028 0.72859
2 0.346797 0.738466
1 0.345317 0.747858
2 0.344552 0.75991
2 0.345372 0.807322
1 0.348876 0.817156
2 0.346815 0.841969
1 0.344622 0.873695
1 0.344476 0.890768
2 0.351949 0.0906074
2 0.355684 0.172983
2 0.35359 0.193954
2 0.350851 0.246565
1 0.353 0.2567
2 0.350726 0.300345
2 0.355123 0.30916
2 0.35334 0.331938
2 0.353751 0.344355
2 0.353318 0.362197
1 0.352276 0.38937
2 0.354569 0.398171
1 0.352524 0.412542
2 0.354996 0.451383
2 0.351849 0.462824
2 0.353964 0.500618
2 0.350794 0.50896
2 0.354496 0.517779
2 0.353065 0.541246
2 0.350908 0.558805
2 0.353679 0.597607
2 0.350159 0.611909
1 0.353864 0.659968
2 0.354432 0.703801
1 0.354575 0.717567
0 0.353428 0.766325
2 0.355005 0.783141
2 0.3497 0.793847
1 0.350635 0.919802
1 0.354444 0.990072
2 0.359575 0.157524
2 0.357434 0.207068
1 0.355883 0.218725
2 0.360271 0.227783
1 0.358113 0.236657
1 0.357363 0.279342
1 0.361597 0.327512
2 0.360516 0.352519
2 0.361672 0.364539
2 0.35755 0.379421
2 0.36106 0.403135
2 0.361642 0.43348
1 0.358804 0.440905
2 0.360848 0.461622
2 0.361741 0.475714
2 0.359404 0.484879
1 0.358312 0.532582
2 0.358175 0.547663
2 0.359388 0.560335
2 0.356618 0.570892
2 0.359792 0.610478
2 0.357294 0.623592
2 0.360546 0.634484
0 0.359623 0.642758
2 0.35936 0.651356
2 0.36062 0.680574
2 0.361874 0.692319
2 0.357681 0.731737
2 0.358139 0.746183
2 0.356263 0.757987
1 0.35852 0.793742
2 0.360518 0.806012
1 0.360392 0.886415
0 0.360404 0.909535
1 0.359465 0.94704
1 0.358298 0.965882
1 0.363157 0.0510219
0 0.362399 0.128347
2 0.367441 0.144159
0 0.363037 0.19702
2 0.364344 0.243065
2 0.36295 0.261833
2 0.362366 0.272811
2 0.363296 0.286729
2 0.366822 0.3162
2 0.363214 0.342403
0 0.364486 0.376756
2 0.365677 0.392059
2 0.362724 0.41416
2 0.362966 0.424504
2 0.364962 0.45216
1 0.367634 0.46304
2 0.364206 0.497462
2 0.363015 0.506333
2 0.362818 0.521873
2 0.365026 0.571259
2 0.361989 0.585491
2 0.363117 0.59639
2 0.36602 0.603846
2 0.367195 0.654665
2 0.362683 0.665731
2 0.365826 0.701734
2 0.363672 0.712891
2 0.365257 0.723567
2 0.366171 0.738232
1 0.366575 0.748923
2 0.363475 0.775032
2 0.366298 0.786957
1 0.363855 0.826664
2 0.366569 0.835661
1 0.362573 0.846965
2 0.365289 0.85661
1 0.363205 0.869189
1 0.373679 0.0725733
1 0.369341 0.107472
2 0.370667 0.179291
2 0.37093 0.205939
2 0.37196 0.233893
2 0.374071 0.256655
0 0.371217 0.288771
1 0.369667 0.306763
2 0.370195 0.331003
2 0.371246 0.347487
2 0.373381 0.359542
2 0.37201 0.386202
2 0.371393 0.400859
2 0.372053 0.409628
0 0.372318 0.420713
2 0.369885 0.43612
2 0.370402 0.446701
2 0.370725 0.475045
2 0.369137 0.48269
2 0.372255 0.491845
1 0.37325 0.499846
2 0.371467 0.519145
2 0.369624 0.531944
1 0.371199 0.549632
2 0.370487 0.560933
1 0.372209 0.570063
2 0.369499 0.577993
0 0.369453 0.589564
2 0.371427 0.613861
1 0.371615 0.623237
2 0.37417 0.638462
1 0.368726 0.686298
2 0.374171 0.696523
2 0.373746 0.718742
2 0.374055 0.759741
2 0.373241 0.818148
0 0.371689 0.946385
1 0.372099 0.987095
1 0.37629 0.00722977
1 0.375375 0.164332
2 0.374574 0.193808
1 0.37985 0.208514
2 0.378763 0.223476
2 0.376433 0.246853
1 0.374653 0.272284
2 0.378148 0.321735
2 0.375161 0.338792
1 0.380085 0.346327
2 0.379967 0.380933
1 0.379594 0.394124
2 0.377998 0.435242
1 0.378231 0.443747
2 0.377034 0.460132
2 0.375494 0.509188
2 0.37932 0.536404
2 0.375682 0.602558
2 0.377884 0.627465
2 0.379466 0.646426
1 0.376795 0.660854
2 0.375855 0.676833
2 0.379524 0.689031
1 0.375239 0.70766
2 0.375821 0.73025
2 0.37618 0.781433
2 0.376726 0.80384
2 0.379321 0.832281
2 0.375297 0.866118
1 0.375951 0.898093
1 0.376025 0.916222
1 0.376273 0.935946
1 0.376989 0.971914
1 0.381195 0.0333146
1 0.383417 0.0906446
1 0.382181 0.12512
1 0.385293 0.145373
1 0.382556 0.187609
1 0.385355 0.233567
2 0.383054 0.278964
2 0.381187 0.294316
2 0.38457 0.310158
1 0.380887 0.371973
2 0.381685 0.420278
2 0.383045 0.454864
1 0.385171 0.466212
2 0.385701 0.477427
2 0.382784 0.486946
2 0.381984 0.497147
2 0.384533 0.506973
1 0.386207 0.535227
2 0.383234 0.543598
2 0.380683 0.550945
2 0.382192 0.55937
2 0.381164 0.5695
2 0.386206 0.577565
2 0.381112 0.586082
2 0.382943 0.596319
2 0.384177 0.609857
2 0.385706 0.624183
2 0.38263 0.704659
0 0.382303 0.737799
1 0.384297 0.773394
2 0.386168 0.785128
1 0.382023 0.793547
0 0.383251 0.812571
2 0.382062 0.849751
0 0.384194 0.884256
1 0.381958 0.955851
2 0.387192 0.171649
2 0.39059 0.195041
2 0.392226 0.212593
2 0.386826 0.247146
1 0.39201 0.270452
2 0.389787 0.301982
2 0.38724 0.321794
2 0.389217 0.331818
2 0.387566 0.343562
2 0.387228 0.3523
2 0.391965 0.361977
2 0.387322 0.377057
2 0.388303 0.389881
2 0.386752 0.403245
2 0.388988 0.415653
2 0.387426 0.435625
2 0.391894 0.446281
2 0.392356 0.45987
0 0.390739 0.487133
1 0.388731 0.512743
2 0.387528 0.519495
2 0.389715 0.528991
2 0.392035 0.544829
2 0.389315 0.569882
2 0.389262 0.584904
2 0.39054 0.593391
2 0.392272 0.608534
2 0.387199 0.63224
2 0.392248 0.644668
2 0.386743 0.650579
2 0.391963 0.660078
2 0.3866 0.667805
1 0.392404 0.673804
2 0.392348 0.68216
2 0.391039 0.698972
2 0.387187 0.718914
2 0.387775 0.730466
2 0.386532 0.749929
2 0.392112 0.765842
2 0.388018 0.802744
1 0.390514 0.831278
2 0.389431 0.870502
1 0.392276 0.919891
0 0.387263 0.992211
1 0.395644 0.0166108
0 0.393005 0.0495579
2 0.396936 0.130367
2 0.39342 0.158845
0 0.39765 0.224376
1 0.397431 0.250935
2 0.392799 0.259749
2 0.395538 0.283825
1 0.397849 0.29675
2 0.397104 0.369691
2 0.396946 0.38078
2 0.397256 0.396716
2 0.39372 0.42307
1 0.395091 0.438175
0 0.394387 0.453354
2 0.393276 0.476881
2 0.396401 0.491855
2 0.392833 0.504612
2 0.397732 0.510568
2 0.398112 0.520896
0 0.396968 0.550059
2 0.395646 0.557698
1 0.396446 0.589184
2 0.396275 0.61968
2 0.39568 0.62803
2 0.394582 0.636214
2 0.395937 0.652272
2 0.398299 0.665745
2 0.39663 0.714476
2 0.39571 0.821329
2 0.397817 0.841367
1 0.395773 0.852835
1 0.393469 0.972835
1 0.402538 0.0342863
2 0.399956 0.103865
2 0.399907 0.145665
2 0.399058 0.186201
2 0.404244 0.207545
2 0.403365 0.271293
2 0.403637 0.302931
2 0.400524 0.315133
2 0.398808 0.325073
2 0.399378 0.336618
2 0.398863 0.350338
2 0.400157 0.388711
2 0.403154 0.40363
2 0.401253 0.419546
2 0.399339 0.432783
2 0.404808 0.450592
2 0.403643 0.459234
2 0.400907 0.466733
1 0.404111 0.498419
2 0.403983 0.515362
2 0.402128 0.532413
2 0.399134 0.539223
2 0.403746 0.553652
1 0.402602 0.569353
2 0.399005 0.575757
2 0.402716 0.593619
1 0.402339 0.606458
2 0.404515 0.61857
2 0.404448 0.644518
1 0.403029 0.653388
0 0.39933 0.69253
2 0.402239 0.700662
1 0.399922 0.722161
2 0.400372 0.738516
1 0.399002 0.749164
2 0.403356 0.765103
2 0.400082 0.789202
2 0.399064 0.806162
2 0.403532 0.830705
1 0.403987 0.869187
2 0.399092 0.881401
1 0.398887 0.895864
1 0.399566 0.955857
1 0.409228 0.066172
2 0.409016 0.0812178
1 0.407568 0.116749
2 0.410963 0.156709
1 0.405795 0.171744
0 0.409927 0.189387
2 0.4083 0.22074
2 0.405843 0.234262
2 0.407233 0.251999
0 0.408531 0.262603
2 0.407867 0.294867
1 0.406408 0.331471
1 0.410175 0.35039
2 0.408476 0.359042
2 0.40982 0.367296
1 0.409323 0.388649
1 0.405015 0.413299
2 0.409631 0.421737
2 0.409391 0.432171
2 0.410751 0.442255
1 0.4101 0.471488
2 0.40553 0.481614
2 0.407486 0.491458
2 0.405382 0.508114
2 0.408271 0.525828
2 0.407624 0.547121
2 0.409374 0.562099
2 0.407099 0.581195
2 0.409913 0.591399
2 0.411019 0.611219
2 0.409655 0.624969
2 0.407133 0.634385
2 0.410626 0.656554
2 0.408223 0.665457
2 0.404915 0.673211
2 0.405859 0.686075
2 0.408333 0.714706
2 0.408706 0.72941
2 0.406836 0.746757
1 0.406843 0.775398
1 0.40793 0.7987
2 0.407006 0.815008
0 0.409041 0.929924
1 0.408613 0.941227
1 0.41044 0.978049
1 0.41106 0.0061216
1 0.416847 0.0471605
0 0.416411 0.0969733
2 0.413897 0.134424
2 0.416667 0.200191
2 0.416296 0.242977
2 0.412748 0.280884
0 0.412427 0.310619
2 0.413406 0.328645
2 0.416944 0.337936
2 0.413071 0.381358
2 0.41611 0.396239
2 0.414896 0.410545
0 0.416732 0.423057
2 0.413767 0.453924
2 0.413304 0.462251
2 0.4144 0.481444
2 0.412235 0.497744
2 0.412757 0.506011
1 0.413071 0.521077
2 0.412711 0.53498
2 0.412836 0.57503
2 0.415809 0.584744
2 0.416849 0.59581
2 0.41465 0.603822
2 0.417071 0.643611
2 0.413478 0.692537
1 0.414944 0.708869
2 0.41416 0.722174
2 0.413986 0.763612
2 0.414659 0.792486
1 0.412779 0.826906
0 0.411701 0.844415
2 0.414775 0.879794
1 0.412498 0.90611
2 0.4212 0.165368
2 0.418939 0.179863
1 0.419273 0.210015
2 0.42039 0.227928
2 0.417298 0.265513
1 0.421669 0.275
2 0.423014 0.283651
2 0.417425 0.295699
2 0.420205 0.311519
2 0.4218 0.329125
2 0.422012 0.348086
2 0.417567 0.359141
2 0.42255 0.369031
2 0.422064 0.379098
2 0.422099 0.388179
2 0.422141 0.417211
2 0.423102 0.425921
2 0.422001 0.436115
1 0.423177 0.448363
2 0.419569 0.468014
2 0.419626 0.498012
2 0.42228 0.508257
2 0.422243 0.533864
1 0.418591 0.541987
2 0.418574 0.550515
2 0.422031 0.569306
1 0.420872 0.578728
1 0.421781 0.61407
2 0.419048 0.620366
0 0.421236 0.629815
1 0.420562 0.651585
1 0.418054 0.668026
2 0.418004 0.675862
2 0.421435 0.704035
1 0.421603 0.732442
2 0.42167 0.742509
2 0.417252 0.751829
2 0.418956 0.773338
2 0.418477 0.81519
2 0.422176 0.83825
2 0.422227 0.850848
2 0.419276 0.865563
1 0.422302 0.930649
1 0.421444 0.955017
0 0.429186 0.013804
2 0.427388 0.104972
1 0.425253 0.150089
1 0.428354 0.184912
2 0.427463 0.197382
2 0.429012 0.217468
1 0.424559 0.238981
2 0.426973 0.253835
2 0.428201 0.267839
2 0.427341 0.295514
1 0.428009 0.319019
2 0.426131 0.340975
0 0.424649 0.361018
2 0.427896 0.394061
2 0.424403 0.402081
1 0.424619 0.409724
2 0.426034 0.456598
2 0.426037 0.464773
2 0.424999 0.47329
2 0.425498 0.490484
1 0.426728 0.50034
2 0.424853 0.520375
2 0.42911 0.538797
2 0.4251 0.545426
2 0.4235 0.557991
2 0.426922 0.575585
2 0.423737 0.585661
2 0.428084 0.593368
2 0.425541 0.607134
2 0.428235 0.629179
2 0.423652 0.637103
2 0.429314 0.644477
2 0.425984 0.670141
2 0.428399 0.699268
2 0.423748 0.72334
0 0.428957 0.776012
2 0.427924 0.790362
2 0.426609 0.823073
1 0.426348 0.89495
1 0.431154 0.12443
2 0.43273 0.136382
2 0.432949 0.158146
2 0.433862 0.238899
2 0.433186 0.335364
2 0.432715 0.365458
2 0.430759 0.379133
1 0.430217 0.387244
2 0.43358 0.401079
2 0.431912 0.409726
2 0.435314 0.420136
1 0.431349 0.433092
2 0.43451 0.441505
2 0.430554 0.449154
2 0.434445 0.457123
2 0.431963 0.468876
2 0.432355 0.476226
2 0.43264 0.485183
2 0.431105 0.506898
0 0.43185 0.520091
2 0.430241 0.528956
2 0.430327 0.553344
2 0.433956 0.559963
2 0.434273 0.574247
2 0.431327 0.584084
2 0.433858 0.604126
2 0.434117 0.613948
2 0.43462 0.636238
2 0.429596 0.661797
2 0.433344 0.678739
2 0.429748 0.68694
2 0.433213 0.714184
2 0.434414 0.728175
2 0.43189 0.741253
2 0.431089 0.762883
1 0.429652 0.804336
0 0.430698 0.87876
1 0.429821 0.915158
1 0.434068 0.944412
1 0.438448 0.0274878
2 0.441397 0.055594
1 0.43771 0.0760014
1 0.438639 0.214416
2 0.440942 0.230869
1 0.438705 0.268454
2 0.436338 0.27853
2 0.439463 0.289529
2 0.436728 0.30041
2 0.436826 0.317779
2 0.439908 0.34155
1 0.437817 0.353199
2 0.439305 0.375109
2 0.437271 0.393848
2 0.441229 0.403101
2 0.437404 0.428579
2 0.441316 0.449521
0 0.441409 0.472083
2 0.438727 0.47915
2 0.440518 0.487998
2 0.440003 0.498666
2 0.441238 0.511095
2 0.439293 0.531477
2 0.440652 0.541261
2 0.440742 0.549617
0 0.440445 0.566705
2 0.438709 0.586788
1 0.439279 0.624473
2 0.437776 0.644478
1 0.439879 0.673888
2 0.440858 0.682898
2 0.437805 0.69302
1 0.436052 0.706062
2 0.441362 0.74587
1 0.440652 0.7571
2 0.437185 0.780102
2 0.435756 0.814653
2 0.439316 0.827562
2 0.437159 0.845383
1 0.436277 0.860245
0 0.440304 0.919912
1 0.435937 0.977683
1 0.43756 0.996598
1 0.446427 0.0960386
2 0.446569 0.156279
2 0.445102 0.175085
2 0.442782 0.187609
2 0.446598 0.201715
2 0.443334 0.243621
2 0.446179 0.305226
2 0.444799 0.356016
2 0.443654 0.365882
1 0.446072 0.375818
2 0.446319 0.384028
1 0.442811 0.418483
2 0.445702 0.435664
2 0.443145 0.460993
2 0.445971 0.52077
2 0.447382 0.532117
2 0.443963 0.55644
2 0.444423 0.581805
2 0.443921 0.594879
2 0.442503 0.602607
2 0.442304 0.614167
1 0.444581 0.642576
2 0.443153 0.658955
2 0.446789 0.669377
2 0.446963 0.707358
2 0.4434 0.722741
1 0.446265 0.734288
2 0.446018 0.766341
1 0.447502 0.79205
2 0.443679 0.800789
2 0.443062 0.868243
2 0.443812 0.891071
2 0.44772 0.935252
0 0.444843 0.966043
1 0.453904 0.0655457
2 0.450682 0.107716
0 0.451596 0.137196
2 0.453252 0.226763
0 0.451415 0.236632
2 0.448686 0.257808
2 0.452043 0.271115
2 0.45001 0.284398
2 0.448548 0.314754
2 0.449217 0.325313
0 0.448034 0.332392
2 0.45072 0.34139
2 0.453695 0.355992
2 0.452774 0.372053
2 0.449629 0.397496
2 0.45103 0.427864
1 0.448941 0.442061
2 0.450705 0.464392
2 0.448484 0.47443
2 0.452546 0.480255
2 0.451196 0.490637
2 0.452469 0.498958
2 0.450551 0.508527
2 0.452514 0.518043
2 0.450914 0.554465
2 0.449369 0.574453
2 0.450782 0.592355
1 0.450551 0.601294
2 0.44845 0.625505
2 0.45226 0.632358
2 0.453757 0.644096
0 0.451153 0.663889
2 0.452417 0.676096
2 0.44798 0.687818
2 0.447983 0.697253
2 0.453118 0.719551
2 0.45195 0.740894
2 0.451293 0.752186
2 0.448431 0.778487
1 0.4486 0.812719
0 0.451389 0.831325
2 0.451635 0.851379
1 0.450695 0.947962
1 0.457311 0.0368363
2 0.459667 0.0937767
2 0.455625 0.124105
2 0.459285 0.159543
1 0.458916 0.171799
2 0.456504 0.186871
0 0.455838 0.196257
2 0.455588 0.210407
2 0.457159 0.243555
2 0.458835 0.281636
0 0.456552 0.297725
2 0.456038 0.306677
1 0.456551 0.315672
2 0.455274 0.364051
2 0.454829 0.388546
2 0.45873 0.400311
2 0.454304 0.411254
2 0.454918 0.419073
2 0.455537 0.437036
2 0.454171 0.452384
1 0.457267 0.50498
1 0.456591 0.529397
2 0.458623 0.560333
2 0.459045 0.570372
1 0.458089 0.58229
2 0.454295 0.609365
2 0.454717 0.654403
2 0.458789 0.662065
2 0.460021 0.673164
2 0.456146 0.728146
2 0.460006 0.736386
2 0.454648 0.760969
1 0.457696 0.769883
2 0.455308 0.786861
2 0.457665 0.819837
2 0.455178 0.883082
1 0.456653 0.897335
2 0.456181 0.909983
1 0.457962 0.928013
1 0.465215 0.107959
2 0.462685 0.142822
2 0.4659 0.233978
1 0.461889 0.250098
2 0.462356 0.262902
1 0.466077 0.270415
2 0.465868 0.306181
2 0.465138 0.319015
2 0.46083 0.342453
2 0.462775 0.350655
1 0.463032 0.360118
2 0.465794 0.367284
2 0.463454 0.377205
0 0.461422 0.394313
2 0.463866 0.408094
1 0.465375 0.419094
1 0.465292 0.435612
2 0.462823 0.447405
2 0.462128 0.462765
1 0.464043 0.473539
2 0.461299 0.490399
2 0.464935 0.497038
2 0.462075 0.521789
2 0.460552 0.537746
2 0.462615 0.545251
2 0.465467 0.554233
2 0.463962 0.578259
2 0.460338 0.595608
2 0.465395 0.604819
2 0.462326 0.611916
1 0.461767 0.620997
2 0.46239 0.628877
1 0.463448 0.63715
2 0.46397 0.644209
2 0.465873 0.652662
1 0.463975 0.6836
2 0.461285 0.690873
0 0.460821 0.704603
2 0.46346 0.714441
1 0.466007 0.72955
2 0.464307 0.750806
2 0.463261 0.803382
2 0.462506 0.836318
2 0.462358 0.860685
1 0.4619 0.870845
2 0.46368 0.94892
1 0.470217 0.00292229
2 0.468876 0.0531145
1 0.467439 0.0812183
2 0.472005 0.166508
2 0.469992 0.189862
2 0.469735 0.202823
1 0.469816 0.219115
2 0.472161 0.249374
2 0.472373 0.263253
2 0.467684 0.283152
2 0.472008 0.2922
2 0.470453 0.327559
2 0.471445 0.342083
2 0.471574 0.350615
1 0.470014 0.375533
2 0.468596 0.387221
2 0.472128 0.406538
2 0.470668 0.44412
2 0.469613 0.469895
2 0.468624 0.486767
2 0.470374 0.504963
2 0.466713 0.513936
2 0.472205 0.519464
2 0.471539 0.528997
2 0.470338 0.538874
1 0.469227 0.546704
2 0.466662 0.56954
2 0.466552 0.585193
0 0.470937 0.596849
2 0.467229 0.666448
2 0.471843 0.689129
2 0.469247 0.701444
2 0.467241 0.774515
1 0.47008 0.830106
1 0.467508 0.850318
2 0.467042 0.897066
1 0.469001 0.982486
2 0.478453 0.0922502
1 0.47333 0.136086
2 0.475909 0.149514
1 0.476832 0.196738
2 0.477213 0.230428
2 0.473902 0.272203
2 0.475111 0.301712
1 0.478027 0.329345
2 0.477735 0.365512
2 0.477237 0.374828
2 0.478508 0.388007
2 0.474304 0.399664
2 0.475731 0.418382
2 0.473048 0.426494
2 0.47541 0.458413
2 0.474747 0.478271
2 0.477076 0.485681
2 0.476393 0.499345
2 0.473589 0.511127
2 0.476526 0.546568
2 0.47276 0.561538
2 0.474248 0.573433
2 0.478468 0.580232
2 0.476027 0.614677
2 0.474454 0.623676
2 0.475532 0.644445
2 0.47262 0.658552
2 0.473575 0.67263
1 0.476918 0.698585
2 0.472752 0.709487
2 0.477527 0.723235
2 0.476042 0.732313
2 0.474649 0.74224
1 0.474351 0.751572
2 0.473389 0.762338
2 0.478161 0.780419
2 0.473766 0.789856
2 0.473247 0.816571
2 0.47811 0.863871
1 0.475109 0.924195
1 0.47497 0.961031
1 0.4813 0.0659258
0 0.484623 0.10494
2 0.480661 0.124296
2 0.483389 0.178979
2 0.484561 0.190707
2 0.479158 0.207869
2 0.478543 0.219857
2 0.481577 0.254283
0 0.481389 0.2624
2 0.48212 0.278687
1 0.478915 0.286185
1 0.478991 0.308252
2 0.48125 0.336042
2 0.47955 0.344365
2 0.480487 0.353056
2 0.484582 0.371823
1 0.483062 0.39293
2 0.480606 0.410398
2 0.48258 0.426169
0 0.482795 0.436715
2 0.484268 0.443575
2 0.482959 0.450628
1 0.48259 0.458086
2 0.481198 0.464768
2 0.483926 0.487088
2 0.481985 0.493892
0 0.479073 0.506319
2 0.48265 0.520164
2 0.479642 0.531322
2 0.482365 0.557583
1 0.48192 0.568297
2 0.48214 0.594412
2 0.479465 0.605776
2 0.482645 0.626795
1 0.479981 0.633029
1 0.478797 0.653494
2 0.480742 0.668611
2 0.479699 0.682579
2 0.481053 0.690587
2 0.481558 0.705623
2 0.484159 0.740512
2 0.482965 0.757006
1 0.481364 0.770571
0 0.478613 0.801863
2 0.48111 0.825775
2 0.479682 0.848093
2 0.478791 0.885285
0 0.482144 0.909297
2 0.479722 0.936791
1 0.488083 0.0263422
1 0.486986 0.0461142
1 0.486474 0.158763
2 0.488355 0.202712
1 0.488781 0.214252
2 0.486063 0.244049
2 0.484955 0.26954
2 0.48771 0.293126
2 0.487155 0.328396
0 0.488302 0.350527
2 0.487257 0.38615
1 0.489267 0.411596
2 0.490473 0.423269
2 0.488847 0.463732
2 0.490017 0.470596
2 0.486079 0.476907
2 0.49054 0.482467
1 0.490235 0.489687
2 0.487223 0.501333
2 0.485869 0.510101
2 0.485287 0.536056
2 0.485393 0.54481
2 0.489037 0.567247
2 0.489732 0.582544
2 0.487214 0.60237
2 0.485666 0.61203
2 0.489295 0.63792
2 0.487154 0.650007
2 0.485571 0.659795
1 0.487932 0.684388
1 0.485188 0.714727
2 0.486144 0.729483
2 0.48749 0.799911
2 0.489022 0.812564
1 0.488448 0.864486
0 0.490681 0.990844
1 0.495104 0.0085663
2 0.496181 0.0735447
2 0.490862 0.138374
2 0.496459 0.191901
2 0.495391 0.220499
1 0.492491 0.234854
2 0.494546 0.262471
2 0.495615 0.275132
2 0.49481 0.307447
1 0.495871 0.324669
2 0.493356 0.337123
2 0.493584 0.359255
2 0.494707 0.372446
2 0.495958 0.387708
2 0.495692 0.400149
2 0.496826 0.441778
2 0.492429 0.450231
2 0.495661 0.477934
2 0.496147 0.494105
2 0.495124 0.504815
2 0.491883 0.517228
1 0.491692 0.52734
2 0.49224 0.538637
2 0.493995 0.554279
2 0.496579 0.562288
2 0.493236 0.60827
2 0.492323 0.621004
2 0.491882 0.630482
0 0.493101 0.644353
2 0.495798 0.654932
2 0.490963 0.674909
2 0.496169 0.683307
2 0.492964 0.694596
2 0.492253 0.709532
2 0.492705 0.721686
0 0.492785 0.741999
2 0.491731 0.766056
2 0.491664 0.777049
2 0.492267 0.825956
2 0.492586 0.843768
2 0.494514 0.873197
2 0.492863 0.892575
0 0.494285 0.95196
1 0.492992 0.966985
1 0.501969 0.0879698
2 0.497954 0.125368
2 0.49762 0.163643
2 0.502931 0.179066
2 0.50036 0.230184
2 0.500756 0.248503
2 0.499878 0.291952
2 0.500798 0.367047
2 0.501153 0.425029
1 0.500913 0.43351
2 0.500852 0.448373
2 0.501823 0.462328
1 0.500738 0.471871
2 0.501071 0.488812
1 0.501646 0.503997
2 0.500706 0.514975
2 0.502397 0.522804
2 0.503035 0.535324
2 0.498434 0.547612
2 0.500528 0.556355
0 0.500194 0.572089
2 0.502012 0.583231
2 0.497355 0.595121
1 0.499626 0.605187
2 0.501751 0.612777
1 0.498196 0.625257
2 0.500544 0.632769
2 0.50259 0.650953
1 0.498053 0.667427
2 0.501907 0.675515
2 0.502784 0.694839
1 0.50252 0.709292
2 0.502322 0.720589
2 0.50276 0.750619
2 0.497614 0.758663
2 0.500257 0.771936
2 0.497425 0.788732
2 0.501583 0.804565
2 0.498269 0.860717
1 0.497393 0.904209
1 0.497388 0.922774
1 0.499581 0.940492
1 0.507326 0.0261474
2 0.506094 0.110727
2 0.508651 0.157288
0 0.504755 0.197587
2 0.506312 0.211434
2 0.506369 0.240512
1 0.506412 0.270919
2 0.504103 0.281915
1 0.507706 0.293924
2 0.50394 0.304081
2 0.506301 0.313077
2 0.505846 0.32578
2 0.506477 0.334281
2 0.506048 0.344296
1 0.504431 0.359765
2 0.504353 0.379021
2 0.505524 0.397555
2 0.504309 0.409936
2 0.508269 0.416322
2 0.508722 0.471927
2 0.50424 0.477513
2 0.505769 0.49444
2 0.506281 0.543087
2 0.506901 0.560469
2 0.506419 0.576848
2 0.504597 0.596961
2 0.507138 0.605956
2 0.503098 0.620019
2 0.506952 0.626671
2 0.504826 0.639496
2 0.503547 0.659993
1 0.508652 0.68448
2 0.503246 0.735441
1 0.503296 0.780288
2 0.505799 0.818548
1 0.505094 0.829881
0 0.50428 0.85249
1 0.50455 0.881591
2 0.509105 0.905072
1 0.507327 0.989945
1 0.509229 0.0474049
2 0.510897 0.138287
1 0.511845 0.246767
2 0.514188 0.264895
2 0.513137 0.282831
2 0.513812 0.300643
2 0.513939 0.317498
2 0.513384 0.338735
2 0.512818 0.359932
2 0.510651 0.374549
2 0.510855 0.391043
0 0.514149 0.397863
2 0.512727 0.426386
2 0.512462 0.436652
2 0.510117 0.446869
2 0.510207 0.460887
2 0.509793 0.481782
2 0.51348 0.502918
2 0.510242 0.517283
2 0.510565 0.529222
2 0.512288 0.536943
2 0.509218 0.549313
2 0.514648 0.570093
2 0.514527 0.579012
2 0.513569 0.586584
2 0.514942 0.610545
2 0.510865 0.620225
2 0.514451 0.641139
2 0.511706 0.649172
2 0.514646 0.65785
2 0.512503 0.676327
2 0.512262 0.717327
2 0.509488 0.728264
2 0.512738 0.743258
2 0.513189 0.767876
2 0.511684 0.777581
2 0.510874 0.789095
1 0.515235 0.810298
1 0.512742 0.917635
2 0.512545 0.936996
2 0.520592 0.035871
0 0.516822 0.0720752
2 0.518073 0.0964979
1 0.520826 0.124761
2 0.516928 0.168343
2 0.519016 0.187773
2 0.517744 0.212499
2 0.515955 0.225654
2 0.515527 0.236958
2 0.517619 0.291057
2 0.517516 0.325279
2 0.517554 0.350788
2 0.521012 0.371936
1 0.516235 0.38164
2 0.521253 0.397034
2 0.51826 0.407296
2 0.518374 0.420812
1 0.520538 0.430829
0 0.515924 0.456688
2 0.516806 0.463693
2 0.516967 0.482267
1 0.519284 0.496959
0 0.521243 0.513677
2 0.517931 0.529591
2 0.51759 0.54898
2 0.520145 0.583404
1 0.516368 0.594391
2 0.516089 0.60226
2 0.521398 0.620144
1 0.515533 0.631122
2 0.516319 0.669377
2 0.516183 0.689266
0 0.517429 0.701494
2 0.519856 0.754538
0 0.521155 0.77449
2 0.520989 0.789277
2 0.516787 0.798486
2 0.519097 0.83458
2 0.518401 0.861042
0 0.521199 0.897465
1 0.515377 0.95185
1 0.517976 0.968665
1 0.521662 0.00303794
2 0.526096 0.155617
1 0.525936 0.200342
1 0.524635 0.224974
2 0.526305 0.233763
2 0.521482 0.256914
2 0.526347 0.274912
0 0.526473 0.306423
2 0.523081 0.316908
1 0.523895 0.332183
2 0.525783 0.341668
2 0.525629 0.352028
2 0.527369 0.363621
2 0.522753 0.388335
2 0.523034 0.414131
2 0.523175 0.438927
2 0.522926 0.453168
2 0.521773 0.470703
1 0.522316 0.476837
2 0.525133 0.485445
2 0.524727 0.506763
2 0.521474 0.522391
2 0.52238 0.535681
1 0.527323 0.542252
2 0.521973 0.556567
1 0.522559 0.569722
2 0.526898 0.580608
2 0.526075 0.589818
2 0.525153 0.60654
2 0.522471 0.631451
0 0.522982 0.658883
2 0.521921 0.6768
2 0.524207 0.6851
2 0.523648 0.696625
2 0.523403 0.705556
2 0.526512 0.72039
2 0.521641 0.731789
2 0.521922 0.740821
2 0.523715 0.806762
2 0.523548 0.817467
1 0.523615 0.876174
2 0.525975 0.922037
1 0.527579 0.939918
2 0.531523 0.0835279
2 0.531951 0.109436
2 0.533046 0.129983
2 0.531052 0.183219
2 0.533162 0.217071
2 0.532933 0.241171
0 0.528228 0.262756
2 0.529664 0.283971
2 0.533023 0.31331
2 0.533315 0.322332
2 0.531283 0.331496
2 0.533483 0.351771
2 0.529228 0.376608
2 0.530395 0.396895
2 0.529021 0.409109
1 0.531985 0.416476
2 0.528092 0.4334
2 0.532972 0.448754
2 0.532623 0.455849
2 0.533482 0.468889
2 0.530597 0.478657
2 0.528011 0.492157
2 0.529792 0.499457
2 0.533714 0.52125
2 0.532584 0.528258
2 0.5302 0.536376
2 0.527747 0.552915
2 0.531175 0.561315
2 0.532523 0.593102
2 0.533145 0.613859
2 0.531422 0.622277
2 0.529527 0.634917
1 0.528278 0.64418
2 0.53154 0.651305
2 0.530438 0.661858
2 0.529979 0.67361
2 0.532715 0.694768
1 0.533695 0.707218
1 0.529083 0.73451
2 0.53151 0.768429
2 0.52892 0.778643
2 0.531208 0.789815
1 0.529488 0.838177
2 0.530821 0.849917
2 0.53043 0.890408
1 0.537085 0.0123952
1 0.537807 0.031524
2 0.535396 0.143745
1 0.53399 0.163075
2 0.536046 0.193636
2 0.537977 0.20466
2 0.536787 0.228548
2 0.535308 0.256947
2 0.535325 0.273581
2 0.535594 0.297672
2 0.538481 0.306931
2 0.533895 0.342356
1 0.534959 0.371265
2 0.534511 0.388555
1 0.539372 0.397227
2 0.536394 0.405265
2 0.53524 0.430825
1 0.534763 0.440742
2 0.539396 0.477085
2 0.535163 0.485766
2 0.538843 0.503035
2 0.537265 0.512444
2 0.539831 0.527101
2 0.534613 0.543868
0 0.536956 0.55667
2 0.536063 0.575883
1 0.535914 0.587263
2 0.535238 0.601897
1 0.537851 0.629491
1 0.534288 0.667576
2 0.537759 0.677441
1 0.535985 0.684423
2 0.537946 0.718549
2 0.538737 0.736931
2 0.539677 0.747256
2 0.537994 0.758046
2 0.539332 0.775148
2 0.539624 0.79752
1 0.538928 0.808974
2 0.534683 0.817857
2 0.534421 0.875785
2 0.539793 0.90795
0 0.539592 0.930845
1 0.535126 0.956624
1 0.541292 0.0577564
2 0.544877 0.121756
2 0.540568 0.171918
1 0.546004 0.213657
2 0.543299 0.24183
1 0.542363 0.250484
2 0.542249 0.266813
2 0.544006 0.278219
2 0.540368 0.289978
1 0.543884 0.3167
2 0.543395 0.329008
1 0.54493 0.344335
2 0.542801 0.354533
2 0.541411 0.362322
2 0.544461 0.369932
2 0.543366 0.378497
2 0.545733 0.392012
2 0.542118 0.410825
2 0.541491 0.422301
2 0.544789 0.43121
2 0.543517 0.438412
2 0.545477 0.449043
2 0.540045 0.457483
1 0.542059 0.466028
2 0.543127 0.492475
1 0.544199 0.509498
2 0.544459 0.52032
2 0.54114 0.537238
2 0.543149 0.554881
2 0.541354 0.570224
2 0.5436 0.587471
2 0.541131 0.59658
0 0.545503 0.60464
2 0.541916 0.613528
2 0.539996 0.636898
2 0.541089 0.645554
1 0.542465 0.652978
2 0.544265 0.661871
2 0.541902 0.669847
2 0.541006 0.697488
2 0.542358 0.707092
2 0.543969 0.830173
2 0.542721 0.845339
2 0.545354 0.858253
1 0.541628 0.895046
1 0.545953 0.917536
1 0.540736 0.976301
0 0.540669 0.994414
2 0.551291 0.0852495
1 0.551235 0.0989621
2 0.549336 0.149982
2 0.547037 0.184143
2 0.548104 0.199304
2 0.548595 0.223377
2 0.549881 0.258198
2 0.551192 0.269471
2 0.548843 0.296436
2 0.548523 0.310279
2 0.550712 0.321207
0 0.551958 0.365664
2 0.549699 0.405432
2 0.549953 0.462164
2 0.55095 0.471621
2 0.548829 0.480498
2 0.55125 0.487485
2 0.550052 0.504186
1 0.548664 0.530371
2 0.549672 0.571619
2 0.551775 0.583574
2 0.550194 0.612107
2 0.546786 0.622051
2 0.547691 0.631918
2 0.54769 0.641492
1 0.549112 0.672
2 0.549966 0.68576
2 0.549699 0.697745
2 0.548076 0.716233
1 0.549301 0.727746
1 0.551594 0.75985
2 0.550156 0.772604
1 0.549279 0.783309
2 0.551981 0.794929
2 0.54791 0.807481
2 0.550483 0.819107
1 0.547697 0.875793
1 0.546306 0.944202
1 0.557429 0.0718211
2 0.553645 0.135124
2 0.554175 0.163485
2 0.556336 0.229916
2 0.553273 0.242778
1 0.554673 0.281994
2 0.552552 0.332258
2 0.552706 0.342391
2 0.555824 0.355911
2 0.552471 0.376212
1 0.554093 0.384455
2 0.554896 0.396629
2 0.553835 0.412849
1 0.5546 0.431027
2 0.552823 0.447882
0 0.556495 0.459844
2 0.556656 0.467168
2 0.555554 0.496721
2 0.55573 0.518281
2 0.557507 0.52522
2 0.552465 0.538671
2 0.55474 0.549844
2 0.556132 0.568622
1 0.555909 0.577744
2 0.553578 0.592693
2 0.556508 0.604997
2 0.554454 0.62174
1 0.556393 0.640478
2 0.554743 0.647328
1 0.556619 0.658052
2 0.558065 0.691799
2 0.552782 0.736174
2 0.553714 0.746032
1 0.557561 0.82821
2 0.557414 0.842885
1 0.555108 0.854745
2 0.556073 0.895285
1 0.563978 0.00810417
2 0.558972 0.113975
0 0.562346 0.154617
2 0.561372 0.17372
1 0.560442 0.186315
2 0.560214 0.203686
2 0.561779 0.27117
2 0.558886 0.292211
2 0.560947 0.304157
2 0.564283 0.326254
1 0.564337 0.342122
2 0.562607 0.350132
2 0.563656 0.35892
2 0.563342 0.368359
2 0.562337 0.382114
2 0.562591 0.394865
0 0.559227 0.408821
2 0.558913 0.424678
2 0.561521 0.434624
2 0.560878 0.448069
1 0.559178 0.481154
2 0.562831 0.493244
0 0.564394 0.504457
2 0.559733 0.512282
2 0.564399 0.53802
2 0.561496 0.546454
1 0.562703 0.558259
2 0.559753 0.584206
2 0.559524 0.612876
1 0.56307 0.61855
2 0.559911 0.632816
2 0.563759 0.651518
2 0.560993 0.671083
2 0.562153 0.701304
1 0.559944 0.713175
2 0.55972 0.721115
2 0.564131 0.755702
2 0.558656 0.764765
2 0.559529 0.807254
2 0.558882 0.865889
1 0.560631 0.95257
1 0.560586 0.981638
1 0.564595 0.0446874
2 0.570227 0.195941
2 0.565069 0.219227
2 0.565056 0.239014
1 0.566632 0.26131
2 0.569306 0.280923
2 0.570333 0.30095
2 0.56885 0.314202
1 0.569773 0.37601
2 0.570286 0.39316
2 0.564833 0.404207
2 0.569932 0.438921
2 0.57 0.448639
2 0.565228 0.455503
2 0.568807 0.485637
1 0.564787 0.519912
2 0.56647 0.530959
2 0.568553 0.555464
2 0.566672 0.567848
2 0.566054 0.577029
2 0.564584 0.590656
1 0.564481 0.600021
2 0.569049 0.606781
1 0.570237 0.63306
2 0.565111 0.640655
1 0.570404 0.648735
2 0.566321 0.659854
2 0.565269 0.680161
1 0.565948 0.689743
2 0.569854 0.71044
2 0.566746 0.731544
2 0.567397 0.745507
2 0.568302 0.768489
2 0.566319 0.778856
0 0.565299 0.798287
2 0.569034 0.826711
2 0.565527 0.853844
2 0.566784 0.879218
1 0.565195 0.918095
2 0.574638 0.0927455
2 0.572553 0.167769
2 0.575855 0.183247
1 0.572764 0.227563
2 0.570605 0.290864
2 0.573532 0.331763
2 0.5753 0.342004
2 0.574073 0.355669
2 0.572453 0.366968
2 0.573153 0.41999
2 0.576148 0.429382
1 0.572631 0.461155
2 0.572326 0.473557
2 0.571357 0.492826
2 0.574385 0.500342
2 0.572738 0.50907
2 0.574592 0.518208
0 0.571343 0.544757
2 0.575085 0.564934
2 0.574211 0.579544
2 0.573806 0.614542
2 0.574823 0.637984
2 0.5734 0.673367
2 0.573216 0.690255
0 0.57122 0.723283
2 0.575502 0.794288
2 0.573075 0.81104
2 0.572725 0.838007
1 0.57578 0.888519
1 0.572376 0.965401
0 0.575984 0.981373
0 0.58244 0.0268356
2 0.581417 0.0700609
1 0.577709 0.107637
2 0.579338 0.137316
2 0.5789 0.151246
2 0.578673 0.206223
2 0.579641 0.221408
2 0.57696 0.256944
2 0.577135 0.268723
2 0.578668 0.294605
0 0.577861 0.307844
2 0.579096 0.322222
1 0.582604 0.329435
1 0.580569 0.35969
2 0.58266 0.367476
2 0.578868 0.380851
2 0.578332 0.395048
2 0.578418 0.404935
1 0.578597 0.413829
2 0.578874 0.437409
2 0.582171 0.445787
2 0.577861 0.455464
2 0.57892 0.468964
1 0.578016 0.484855
2 0.581067 0.493019
2 0.577738 0.526559
2 0.58077 0.53434
2 0.577593 0.548464
2 0.581254 0.554871
2 0.58118 0.570386
2 0.581459 0.584111
2 0.577601 0.591499
1 0.579281 0.603719
2 0.577086 0.630005
2 0.579958 0.65138
0 0.577456 0.665453
2 0.580737 0.677827
1 0.577789 0.700433
2 0.579815 0.724259
2 0.579586 0.742349
0 0.579457 0.76366
2 0.58086 0.782835
1 0.580509 0.817775
0 0.579256 0.853621
0 0.582099 0.912177
1 0.582346 0.942243
1 0.582054 0.998846
2 0.586382 0.118575
2 0.588511 0.210875
2 0.588861 0.232284
0 0.586763 0.244219
2 0.586162 0.26542
1 0.585177 0.277886
2 0.583449 0.286399
2 0.588618 0.315092
2 0.585827 0.337186
2 0.586972 0.347258
2 0.58871 0.377773
2 0.588505 0.390949
1 0.587549 0.39869
2 0.586036 0.405516
2 0.584836 0.417813
2 0.586568 0.430471
1 0.585785 0.436996
2 0.586533 0.455792
2 0.585327 0.465633
2 0.585506 0.479965
2 0.586114 0.487166
2 0.588401 0.496579
2 0.583322 0.507805
2 0.587816 0.513721
2 0.585084 0.521077
2 0.588668 0.5295
1 0.586547 0.5438
2 0.587144 0.59704
2 0.586435 0.611162
2 0.587278 0.619268
1 0.583933 0.625777
2 0.584924 0.638913
2 0.58761 0.648446
2 0.583634 0.669942
1 0.588639 0.678119
2 0.584497 0.705968
2 0.58534 0.71752
2 0.583609 0.732641
2 0.585206 0.755701
2 0.585493 0.772202
2 0.583345 0.802069
1 0.586855 0.83803
2 0.583703 0.873349
2 0.592788 0.0969167
2 0.589257 0.17135
1 0.590143 0.190338
2 0.593967 0.279425
2 0.591321 0.297555
2 0.593977 0.306416
2 0.593717 0.354637
2 0.594828 0.365235
1 0.593842 0.419855
2 0.590244 0.447427
2 0.594201 0.458737
2 0.593838 0.466971
0 0.593719 0.484578
1 0.59065 0.504869
2 0.592126 0.556678
1 0.593855 0.56704
2 0.58924 0.57285
0 0.59114 0.58673
2 0.594952 0.599779
2 0.592969 0.630498
1 0.591862 0.656642
2 0.590131 0.664632
2 0.589526 0.68614
2 0.591055 0.699678
2 0.59403 0.714527
1 0.593839 0.72985
2 0.593273 0.744092
2 0.59483 0.765216
2 0.593491 0.778406
2 0.589082 0.822846
2 0.589711 0.861338
2 0.593787 0.918192
1 0.597781 0.0188887
1 0.599854 0.0626316
1 0.598766 0.123012
2 0.596299 0.153015
2 0.600686 0.205675
2 0.600118 0.216832
2 0.596083 0.252209
2 0.597104 0.288805
2 0.595701 0.326003
2 0.595821 0.334715
2 0.596336 0.343643
1 0.600794 0.350096
0 0.599472 0.372002
2 0.600283 0.387423
2 0.59549 0.397111
2 0.599885 0.413009
2 0.600068 0.430922
2 0.596754 0.438626
1 0.595693 0.451558
2 0.598662 0.477871
2 0.597272 0.491781
2 0.596413 0.501522
2 0.59661 0.511148
1 0.598462 0.526538
2 0.599693 0.533882
2 0.600945 0.544981
2 0.598125 0.574563
2 0.597956 0.582204
2 0.599271 0.590359
2 0.596727 0.612957
2 0.598155 0.641541
2 0.596253 0.673551
0 0.598458 0.69693
2 0.601192 0.72185
1 0.599702 0.749403
2 0.596095 0.788471
1 0.600291 0.804662
2 0.598703 0.816866
2 0.600645 0.831181
2 0.598658 0.847772
1 0.596936 0.878514
1 0.600732 0.950361
1 0.597332 0.970735
2 0.606448 0.111902
2 0.602061 0.13734
2 0.606697 0.168961
2 0.602875 0.186721
2 0.601493 0.239248
2 0.60643 0.257203
1 0.606076 0.271393
2 0.607339 0.285905
1 0.603676 0.29493
2 0.603752 0.312727
2 0.605151 0.328622
2 0.602358 0.401194
2 0.603544 0.442077
2 0.605958 0.47214
1 0.607012 0.478749
2 0.604746 0.502229
2 0.607294 0.509901
2 0.605539 0.519011
2 0.602449 0.556949
2 0.602575 0.56704
2 0.604025 0.60471
1 0.601411 0.620364
2 0.605737 0.653035
2 0.605775 0.661907
2 0.605237 0.673508
2 0.601806 0.68388
2 0.603108 0.708508
2 0.605198 0.735589
2 0.60408 0.781781
1 0.604394 0.896184
1 0.605885 0.921255
1 0.607695 0.0393039
2 0.61029 0.09548
1 0.612724 0.202965
2 0.610943 0.216325
1 0.6093 0.231057
2 0.611419 0.300077
2 0.60947 0.343063
2 0.608195 0.35926
2 0.610328 0.370489
2 0.61129 0.382153
1 0.607704 0.39467
2 0.611933 0.407104
2 0.608888 0.414416
1 0.610789 0.421985
1 0.611808 0.436996
2 0.608601 0.448519
2 0.61266 0.491492
2 0.613018 0.5004
2 0.60942 0.527508
2 0.608634 0.535843
2 0.609823 0.5562
2 0.612204 0.564619
2 0.608242 0.575428
2 0.609717 0.586885
2 0.609178 0.613358
2 0.608563 0.629475
2 0.611446 0.63937
1 0.612516 0.687997
2 0.613 0.709662
2 0.613414 0.718689
2 0.60936 0.74568
2 0.6115 0.820892
1 0.608532 0.843688
2 0.609364 0.856119
0 0.613378 0.875267
1 0.614723 0.00129376
2 0.616201 0.0775679
2 0.617109 0.148915
2 0.614874 0.178851
2 0.614182 0.242906
1 0.613524 0.252194
2 0.614264 0.27762
1 0.615608 0.315575
2 0.61702 0.335276
1 0.616121 0.364745
2 0.618223 0.377457
2 0.618158 0.386594
2 0.617131 0.413045
2 0.615562 0.430369
2 0.616048 0.442453
2 0.616378 0.450931
1 0.61451 0.461417
2 0.615034 0.475073
2 0.616857 0.482686
2 0.61931 0.524037
0 0.619573 0.532294
2 0.616696 0.540775
1 0.61367 0.546809
2 0.618478 0.571138
1 0.618685 0.595596
2 0.614621 0.606471
2 0.618182 0.61441
2 0.615743 0.623661
1 0.615873 0.631299
2 0.617705 0.649396
0 0.617927 0.657056
2 0.617775 0.666624
2 0.618315 0.677391
2 0.61919 0.697437
2 0.619487 0.727366
0 0.619503 0.737252
2 0.618798 0.757225
2 0.614548 0.766777
1 0.61789 0.782883
2 0.613577 0.796031
0 0.619056 0.806623
2 0.61419 0.83318
1 0.621563 0.0204685
0 0.621002 0.052006
2 0.622803 0.124968
1 0.622575 0.166037
2 0.621382 0.192521
2 0.623852 0.209657
0 0.625331 0.219814
2 0.622619 0.233676
2 0.624225 0.252523
2 0.620798 0.265635
2 0.621652 0.289596
2 0.620647 0.301794
2 0.620493 0.325599
2 0.620319 0.35316
2 0.62318 0.370897
2 0.621237 0.397066
2 0.624845 0.406263
2 0.623348 0.437413
2 0.623475 0.446917
2 0.622534 0.455365
2 0.623571 0.463208
1 0.62241 0.475979
1 0.621825 0.511942
2 0.620192 0.558814
1 0.619847 0.579092
2 0.622948 0.589866
2 0.623466 0.602163
2 0.62178 0.688482
1 0.622365 0.705197
2 0.622318 0.747733
1 0.622139 0.825593
2 0.620404 0.84557
2 0.62147 0.868562
1 0.623783 0.897374
0 0.622528 0.915703
1 0.620297 0.93628
2 0.625405 0.971645
1 0.631247 0.0742531
1 0.627491 0.105305
2 0.630179 0.156239
2 0.631054 0.26163
2 0.626857 0.281479
2 0.629377 0.308594
2 0.63065 0.320331
2 0.631877 0.328936
0 0.626676 0.340886
2 0.62695 0.358654
2 0.63147 0.371575
2 0.631069 0.382684
1 0.629306 0.39778
2 0.62755 0.416062
0 0.626522 0.428169
1 0.631 0.441547
2 0.629645 0.476872
2 0.626957 0.485716
1 0.625925 0.495924
2 0.629217 0.508929
2 0.626645 0.520699
2 0.631363 0.527084
2 0.631574 0.543924
2 0.628465 0.551084
1 0.630045 0.561737
2 0.628076 0.569887
2 0.631866 0.578844
0 0.630733 0.605532
2 0.631064 0.619413
2 0.628078 0.640271
2 0.628208 0.655216
2 0.627258 0.666128
2 0.630886 0.676916
2 0.629306 0.696019
2 0.631524 0.7145
2 0.631675 0.735983
2 0.625788 0.765598
2 0.631585 0.787199
2 0.628804 0.802039
2 0.629431 0.832549
1 0.625868 0.858386
1 0.63359 0.0395759
2 0.636691 0.168645
2 0.635656 0.184606
2 0.632507 0.199026
2 0.637738 0.213983
2 0.63706 0.241225
1 0.635949 0.252678
2 0.633934 0.290269
2 0.632254 0.299825
2 0.634571 0.345221
1 0.635541 0.357597
2 0.632326 0.39129
2 0.636527 0.400094
2 0.635025 0.450434
1 0.636157 0.457431
2 0.635393 0.465369
2 0.636927 0.473706
2 0.636871 0.491147
2 0.636769 0.502635
2 0.634029 0.516577
2 0.636181 0.589509
2 0.634336 0.628367
2 0.633865 0.648304
2 0.636076 0.658627
2 0.635698 0.66881
2 0.635465 0.689214
2 0.632974 0.705405
2 0.637123 0.724207
2 0.633055 0.748424
1 0.635579 0.762936
2 0.636264 0.772259
2 0.634237 0.815178
2 0.635406 0.86569
1 0.635609 0.877556
1 0.633125 0.953994
1 0.640807 0.0115399
2 0.638353 0.128801
1 0.639579 0.141455
2 0.643484 0.226997
2 0.641689 0.260386
2 0.638388 0.271222
1 0.642014 0.2852
1 0.63902 0.308798
2 0.643745 0.327671
2 0.639756 0.370396
1 0.643885 0.380131
2 0.639603 0.3863
2 0.638049 0.407895
2 0.639112 0.416635
2 0.643207 0.426419
2 0.63916 0.438059
2 0.642842 0.449098
2 0.642151 0.484689
2 0.639003 0.527181
2 0.639837 0.539286
2 0.638128 0.548495
2 0.642279 0.557138
2 0.639059 0.573134
2 0.643003 0.580333
2 0.640132 0.603105
2 0.642629 0.619119
2 0.643753 0.627997
2 0.643905 0.73354
2 0.641457 0.802251
2 0.642379 0.840932
1 0.642261 0.903961
1 0.643261 0.991924
1 0.645955 0.09399
0 0.650184 0.121556
2 0.645781 0.156289
0 0.645142 0.175895
1 0.647059 0.196206
2 0.647806 0.243908
2 0.650029 0.295735
2 0.647747 0.316714
2 0.646342 0.336584
2 0.645069 0.350303
2 0.645299 0.363254
2 0.648129 0.396369
1 0.648197 0.404922
1 0.647989 0.433136
2 0.644779 0.459685
2 0.646177 0.467618
1 0.647179 0.474335
1 0.648905 0.489632
2 0.64608 0.499915
0 0.644833 0.510022
2 0.6468 0.518393
2 0.646283 0.550123
2 0.646699 0.593939
2 0.649637 0.606137
1 0.649547 0.615626
1 0.646651 0.638936
2 0.644749 0.65068
2 0.645986 0.659757
1 0.650106 0.666872
2 0.646873 0.676034
2 0.645103 0.69229
2 0.645173 0.706134
2 0.645828 0.720483
2 0.647709 0.748929
2 0.648439 0.761759
2 0.64636 0.776822
1 0.649926 0.791998
2 0.645791 0.825421
1 0.64456 0.859332
1 0.648296 0.923946
1 0.654473 0.0298514
1 0.653219 0.057951
2 0.655871 0.174296
2 0.651428 0.208387
2 0.654237 0.230257
2 0.656009 0.253341
2 0.654291 0.268687
2 0.654356 0.327895
1 0.654844 0.342093
2 0.653031 0.367394
2 0.656417 0.398639
2 0.652468 0.417335
2 0.655243 0.43096
2 0.654287 0.446977
2 0.652993 0.458979
2 0.654456 0.496315
2 0.656228 0.522487
1 0.650755 0.532606
1 0.653216 0.553791
2 0.652345 0.564903
0 0.654314 0.57743
2 0.655236 0.626562
1 0.653937 0.718339
2 0.655357 0.736688
2 0.655865 0.839446
2 0.654689 0.852978
0 0.651535 0.949259
1 0.652564 0.968698
2 0.657769 0.144525
2 0.659817 0.160068
2 0.658286 0.189805
2 0.661048 0.215682
2 0.660244 0.24212
2 0.659989 0.279795
2 0.660555 0.317649
2 0.661641 0.337146
2 0.662111 0.347028
2 0.662559 0.356371
2 0.661539 0.368904
2 0.659228 0.381968
1 0.662481 0.441182
2 0.660054 0.455548
2 0.656443 0.472579
2 0.657175 0.482971
2 0.662312 0.508332
2 0.657045 0.5143
2 0.660705 0.529064
2 0.659809 0.543268
2 0.661202 0.557327
2 0.660938 0.567913
2 0.656709 0.58744
2 0.662213 0.595693
2 0.66092 0.616008
2 0.657178 0.636115
2 0.656475 0.644735
2 0.659512 0.670238
2 0.658178 0.681203
2 0.657626 0.700687
2 0.658845 0.724946
2 0.658515 0.748772
2 0.66058 0.794358
2 0.658367 0.815137
0 0.660931 0.828308
2 0.661223 0.874927
0 0.656787 0.891313
1 0.665959 0.103308
2 0.667014 0.261087
0 0.662822 0.29282
2 0.664604 0.326932
1 0.666224 0.37713
2 0.66422 0.39172
2 0.666165 0.400649
1 0.665722 0.421134
2 0.666241 0.447465
1 0.666863 0.455059
2 0.664455 0.462973
1 0.667108 0.475748
2 0.665555 0.491514
2 0.665615 0.519818
2 0.668483 0.535247
2 0.663026 0.603979
2 0.66782 0.6394
2 0.667335 0.6562
0 0.666448 0.684138
2 0.665142 0.692803
2 0.662761 0.709864
2 0.668068 0.718889
1 0.663684 0.741359
2 0.666953 0.758746
0 0.66361 0.769217
2 0.667409 0.785204
2 0.668476 0.856029
1 0.667489 0.906057
1 0.665064 0.933215
1 0.663754 0.984174
1 0.670734 0.0141655
0 0.672532 0.0634709
1 0.66977 0.0786729
1 0.670659 0.138081
2 0.673835 0.166083
2 0.673536 0.189475
1 0.671706 0.203034
1 0.672331 0.230527
2 0.669327 0.284906
2 0.671647 0.304639
2 0.67471 0.314933
1 0.673739 0.331387
2 0.672521 0.343887
2 0.671158 0.358954
2 0.673859 0.373378
2 0.671898 0.382929
0 0.673709 0.399442
2 0.670629 0.433074
2 0.673752 0.44369
2 0.673521 0.458876
2 0.674404 0.468864
2 0.671575 0.485721
1 0.672167 0.495387
2 0.670284 0.509381
0 0.672451 0.526202
2 0.672163 0.548103
2 0.670575 0.563631
2 0.670874 0.585019
1 0.673703 0.596369
2 0.671296 0.604279
0 0.669894 0.627844
2 0.669452 0.669737
2 0.672877 0.709507
2 0.670637 0.747479
2 0.672964 0.773763
2 0.669887 0.807569
2 0.67069 0.837454
1 0.674716 0.959676
1 0.67567 0.0417342
2 0.676545 0.110737
1 0.679897 0.154626
2 0.680977 0.223352
2 0.674879 0.249425
2 0.679126 0.2629
2 0.675396 0.273152
2 0.675641 0.294958
2 0.677186 0.412641
2 0.677977 0.477458
2 0.675492 0.502753
2 0.680631 0.520182
2 0.676017 0.540771
2 0.678594 0.556765
2 0.676277 0.574674
2 0.679811 0.585539
2 0.679408 0.613108
2 0.676057 0.621629
1 0.679566 0.643882
2 0.679046 0.677947
2 0.675542 0.734929
2 0.679039 0.757708
2 0.677253 0.792494
1 0.679992 0.823699
1 0.677142 0.878191
0 0.685152 0.185118
2 0.682527 0.208599
2 0.686948 0.270571
2 0.683368 0.310263
2 0.683593 0.347434
0 0.682889 0.363399
2 0.684927 0.375131
2 0.684346 0.388705
2 0.683556 0.398888
2 0.68269 0.423736
1 0.683762 0.437953
2 0.681382 0.447155
0 0.682186 0.457298
2 0.684224 0.467856
2 0.682685 0.484168
0 0.685952 0.497932
2 0.682513 0.511306
2 0.683586 0.531556
1 0.685584 0.542189
2 0.683363 0.549089
1 0.681007 0.565866
2 0.686514 0.596769
2 0.685166 0.606604
2 0.685912 0.636641
2 0.681368 0.653747
2 0.682305 0.668291
2 0.682625 0.692481
2 0.682676 0.70826
2 0.685257 0.724326
2 0.683079 0.746077
2 0.686026 0.76748
2 0.681669 0.780981
1 0.683546 0.801122
2 0.685821 0.833052
1 0.688598 0.10088
2 0.689681 0.172203
2 0.687462 0.195793
2 0.689077 0.236039
1 0.690094 0.258231
1 0.690216 0.279303
2 0.688859 0.291614
2 0.688077 0.321512
2 0.687273 0.334926
2 0.691638 0.362548
2 0.687751 0.410387
2 0.689352 0.455741
1 0.691307 0.468564
2 0.692859 0.497142
2 0.687977 0.504905
1 0.687703 0.525175
2 0.688345 0.560185
2 0.690249 0.572117
1 0.689524 0.613946
2 0.687669 0.622138
2 0.687139 0.646907
2 0.693166 0.661739
2 0.692657 0.689017
1 0.690916 0.711381
1 0.687224 0.736922
2 0.69249 0.818634
2 0.687681 0.84773
0 0.688929 0.86203
0 0.689848 0.896018
1 0.691415 0.911477
1 0.688747 0.933433
1 0.687425 0.981384
1 0.693932 0.0101754
1 0.693331 0.0800365
1 0.696339 0.130697
1 0.698177 0.204818
2 0.697642 0.221362
2 0.698178 0.245128
2 0.6961 0.309324
2 0.696773 0.327565
1 0.69507 0.338356
2 0.698998 0.35499
2 0.694723 0.373983
2 0.697062 0.383113
2 0.694125 0.396378
1 0.69589 0.415861
2 0.69722 0.431339
2 0.694208 0.448533
2 0.69498 0.487593
2 0.696261 0.510641
2 0.693742 0.54116
0 0.696306 0.560487
1 0.694596 0.579371
2 0.694462 0.601649
2 0.698806 0.610111
2 0.696411 0.622846
2 0.697121 0.645196
1 0.694754 0.673208
2 0.696789 0.725263
2 0.695213 0.748194
2 0.694867 0.776727
2 0.695312 0.790951
2 0.69715 0.802734
1 0.697681 0.838721
2 0.696376 0.875917
0 0.703657 0.10229
1 0.701792 0.155296
2 0.705516 0.175284
2 0.703757 0.194227
1 0.700704 0.23061
2 0.70148 0.285088
1 0.703213 0.296652
2 0.702786 0.345681
1 0.699696 0.366154
2 0.704047 0.376078
1 0.704467 0.390181
2 0.704373 0.400829
2 0.70304 0.412809
2 0.701747 0.422749
2 0.700861 0.443221
1 0.704005 0.45362
2 0.705328 0.462598
2 0.700051 0.480064
2 0.702384 0.503888
2 0.705411 0.51248
2 0.700189 0.521626
2 0.700224 0.531925
2 0.703673 0.5408
2 0.700686 0.553134
2 0.701044 0.584235
2 0.703344 0.595397
1 0.702664 0.636292
2 0.703561 0.657125
2 0.702485 0.693198
2 0.701346 0.706572
1 0.699544 0.761564
1 0.704906 0.786108
2 0.703943 0.82488
2 0.704057 0.846968
0 0.702347 0.94749
1 0.705421 0.968742
0 0.699407 0.993966
1 0.706405 0.0518863
2 0.709841 0.213954
0 0.708079 0.252031
2 0.711075 0.263788
2 0.710211 0.276407
1 0.707296 0.320128
2 0.711045 0.328918
2 0.710326 0.367651
1 0.711646 0.482033
2 0.707287 0.489236
1 0.709182 0.498891
2 0.711335 0.522747
2 0.705957 0.560161
2 0.705949 0.575314
2 0.71011 0.603755
2 0.708645 0.619926
2 0.70671 0.645453
2 0.706857 0.671623
2 0.706339 0.682214
2 0.710787 0.713163
2 0.709457 0.730514
2 0.709116 0.759435
2 0.710975 0.800517
1 0.706248 0.867528
1 0.709549 0.927633
1 0.714705 0.035087
1 0.716873 0.0972831
1 0.715802 0.119896
1 0.717081 0.187227
2 0.717125 0.233381
2 0.71261 0.294722
2 0.711905 0.30853
2 0.715081 0.343226
2 0.717441 0.353273
2 0.71208 0.387554
1 0.715659 0.416395
2 0.716507 0.426053
2 0.712336 0.435316
2 0.714442 0.450826
2 0.712335 0.470303
2 0.71549 0.505274
1 0.714642 0.54655
2 0.716047 0.564869
2 0.713006 0.590156
0 0.716745 0.598382
2 0.714968 0.612831
2 0.712295 0.636619
2 0.715627 0.68841
0 0.714743 0.699364
2 0.712275 0.743828
2 0.711976 0.771779
2 0.713201 0.814335
2 0.717494 0.855098
2 0.716194 0.873893
1 0.71661 0.888336
1 0.712499 0.908062
1 0.717159 0.956677
1 0.716125 0.995342
1 0.720423 0.0791735
1 0.719407 0.138706
0 0.720421 0.164111
2 0.718627 0.203361
1 0.722921 0.219955
2 0.722013 0.285324
2 0.718728 0.316608
2 0.722863 0.335929
1 0.722196 0.380278
2 0.723212 0.390843
0 0.718846 0.401855
2 0.722723 0.443971
0 0.720516 0.466557
2 0.720845 0.47709
2 0.720622 0.486671
2 0.720808 0.496884
1 0.717946 0.512761
2 0.718539 0.529446
2 0.721014 0.55086
2 0.719383 0.581179
2 0.717988 0.626477
2 0.722457 0.655215
1 0.718603 0.664702
2 0.718112 0.673439
2 0.721336 0.717469
0 0.719585 0.756913
2 0.722368 0.793195
1 0.720176 0.806341
2 0.722614 0.830402
1 0.720148 0.842394
1 0.721258 0.978206
0 0.728387 0.129708
2 0.724117 0.250486
1 0.726614 0.268432
0 0.725156 0.309547
1 0.727106 0.36199
2 0.726131 0.370881
2 0.725328 0.41462
1 0.724686 0.429973
2 0.726486 0.459445
1 0.729694 0.480091
2 0.728951 0.514528
2 0.729856 0.530856
2 0.726765 0.57211
2 0.724696 0.5893
2 0.724924 0.600391
1 0.724039 0.617026
2 0.72826 0.647295
2 0.728616 0.673913
2 0.727336 0.693209
2 0.727556 0.708939
2 0.726309 0.748488
2 0.726977 0.77134
1 0.726938 0.863365
1 0.725494 0.931529
1 0.730858 0.0613341
2 0.735895 0.0760354
1 0.733292 0.152781
1 0.733526 0.181589
0 0.732322 0.196588
2 0.734387 0.227421
2 0.735847 0.241077
2 0.734085 0.28167
2 0.733907 0.298154
2 0.734451 0.323178
2 0.731959 0.346864
2 0.733971 0.38217
2 0.733337 0.404541
2 0.735239 0.423228
2 0.732472 0.435574
1 0.732624 0.450537
2 0.730196 0.490406
2 0.730476 0.500746
2 0.730704 0.541486
2 0.73259 0.559655
2 0.733436 0.607129
2 0.732904 0.625858
2 0.730159 0.63647
2 0.735731 0.661962
2 0.732914 0.684223
1 0.733547 0.725586
2 0.731466 0.737226
2 0.734701 0.789807
2 0.730935 0.802577
0 0.731593 0.823653
2 0.736167 0.857078
1 0.73225 0.882353
1 0.730952 0.897663
0 0.733204 0.997
1 0.73791 0.0220015
1 0.738587 0.0397639
1 0.739698 0.111414
1 0.740362 0.131951
1 0.739528 0.211375
2 0.736927 0.258435
2 0.742095 0.306349
1 0.74117 0.34285
2 0.73961 0.35856
1 0.739364 0.397896
2 0.740516 0.411678
2 0.737385 0.456652
2 0.740926 0.467436
2 0.74132 0.487841
2 0.741767 0.506318
0 0.740917 0.518872
1 0.738225 0.536959
2 0.73937 0.547968
1 0.737264 0.575467
2 0.740355 0.589879
1 0.742275 0.601142
2 0.739542 0.614609
2 0.740487 0.675594
2 0.739582 0.691734
1 0.740799 0.750969
2 0.739546 0.761862
1 0.738676 0.779234
2 0.740876 0.814213
1 0.736485 0.914708
0 0.739567 0.927543
1 0.737842 0.940738
2 0.742523 0.144063
2 0.746687 0.179865
0 0.747396 0.258835
2 0.745349 0.269971
1 0.745175 0.316406
2 0.745658 0.372683
2 0.744927 0.388253
0 0.748389 0.42366
1 0.746688 0.440051
2 0.746022 0.477347
2 0.742727 0.496861
2 0.748459 0.534948
2 0.746011 0.557233
2 0.744502 0.623766
1 0.748348 0.640556
2 0.742746 0.652733
2 0.745113 0.705885
2 0.744278 0.739387
1 0.746596 0.804279
2 0.746983 0.830077
1 0.7435 0.840807
1 0.74334 0.86658
0 0.746788 0.964406
1 0.743899 0.979189
1 0.749987 0.0600943
1 0.751566 0.155731
2 0.751458 0.196975
1 0.751344 0.227199
2 0.752831 0.240513
1 0.754435 0.279983
2 0.748883 0.334747
2 0.753343 0.346506
2 0.75247 0.361458
1 0.75401 0.388462
2 0.750713 0.413272
2 0.748853 0.449381
0 0.753287 0.457643
1 0.754205 0.477499
2 0.750896 0.487969
1 0.749747 0.502052
2 0.751824 0.511161
2 0.748511 0.522111
2 0.751816 0.549618
2 0.749392 0.573024
2 0.749099 0.585043
2 0.752371 0.598811
2 0.754036 0.612071
2 0.751074 0.660592
2 0.74976 0.670925
2 0.749771 0.68133
2 0.749785 0.695165
1 0.752563 0.715302
2 0.748667 0.727974
2 0.752638 0.754514
2 0.749462 0.792297
1 0.759893 0.00231105
1 0.757208 0.0400467
1 0.754838 0.0881947
1 0.75975 0.13035
1 0.75802 0.175566
2 0.75566 0.304532
2 0.757041 0.319094
2 0.758446 0.370905
2 0.756392 0.400494
2 0.755573 0.431789
2 0.758558 0.523732
2 0.757762 0.538259
2 0.756362 0.557912
2 0.759875 0.567149
2 0.760224 0.592829
2 0.758438 0.632613
1 0.759667 0.665491
2 0.75639 0.775268
1 0.757987 0.822344
1 0.755361 0.854149
1 0.757111 0.874925
0 0.757808 0.896784
1 0.754706 0.93417
1 0.757812 0.95006
1 0.765158 0.0243336
1 0.763782 0.105746
1 0.762099 0.19127
2 0.763414 0.207414
2 0.762887 0.223984
0 0.764387 0.294026
1 0.764262 0.311645
2 0.764051 0.327463
2 0.765002 0.338473
2 0.761457 0.355902
2 0.762763 0.381576
2 0.761423 0.412857
1 0.76552 0.441597
2 0.76643 0.459684
2 0.764828 0.475715
2 0.765195 0.485285
2 0.765463 0.496765
2 0.761501 0.547632
2 0.763129 0.580086
2 0.763623 0.605772
2 0.766441 0.615416
2 0.765941 0.653329
2 0.760866 0.689092
0 0.764718 0.698176
2 0.761943 0.71904
1 0.762489 0.734456
2 0.765516 0.754729
1 0.764552 0.799013
2 0.763633 0.809877
1 0.763284 0.914274
1 0.765627 0.964744
0 0.772847 0.0660171
1 0.77221 0.081398
0 0.767904 0.157327
1 0.767625 0.243525
2 0.768718 0.257579
2 0.767905 0.275059
1 0.766917 0.348564
2 0.772663 0.359489
0 0.767977 0.369467
2 0.772311 0.400985
2 0.771953 0.411134
2 0.769439 0.423993
2 0.772937 0.447659
1 0.767638 0.507275
1 0.771945 0.528246
2 0.77011 0.539764
2 0.767363 0.555106
2 0.770437 0.597158
2 0.768301 0.630665
2 0.768812 0.676828
1 0.769588 0.771471
2 0.769381 0.783659
0 0.769382 0.8358
1 0.768216 0.887921
1 0.775396 0.0429489
1 0.773224 0.169575
2 0.77541 0.181499
1 0.77573 0.204492
2 0.778553 0.230919
2 0.775125 0.300152
2 0.775162 0.316212
1 0.776006 0.327303
1 0.773558 0.390701
2 0.775145 0.43396
2 0.776419 0.464718
1 0.777488 0.486605
2 0.776253 0.501204
2 0.777043 0.516014
0 0.774101 0.56785
2 0.774962 0.581336
2 0.776711 0.616991
1 0.775086 0.638906
2 0.779002 0.661937
2 0.773565 0.690624
2 0.775631 0.70728
2 0.774723 0.724994
2 0.776604 0.740927
1 0.776297 0.93995
0 0.778564 0.971749
1 0.775494 0.98787
1 0.784969 0.00272641
1 0.783426 0.0209307
2 0.780434 0.115504
1 0.784093 0.129724
1 0.780801 0.14996
2 0.783607 0.251561
2 0.782718 0.281416
2 0.779314 0.347238
2 0.784015 0.365563
0 0.78266 0.402736
2 0.782924 0.413262
1 0.78013 0.452525
2 0.783162 0.533581
2 0.785263 0.577175
2 0.780008 0.590688
1 0.781483 0.603243
2 0.78015 0.630853
2 0.785186 0.64417
2 0.785226 0.67152
1 0.782814 0.681928
1 0.779491 0.753194
2 0.77974 0.76332
0 0.785021 0.78808
2 0.779255 0.805095
1 0.783307 0.815691
1 0.784834 0.840879
1 0.779758 0.869886
1 0.77928 0.90501
0 0.790715 0.0357494
1 0.785577 0.0559272
1 0.791361 0.0806934
1 0.789876 0.184389
0 0.791115 0.205604
2 0.788381 0.219734
1 0.790453 0.26962
2 0.78594 0.295148
1 0.786851 0.306337
1 0.786748 0.353897
1 0.785376 0.378417
2 0.786885 0.388146
0 0.78562 0.435224
2 0.788152 0.445175
2 0.788817 0.456698
0 0.788328 0.472043
2 0.78693 0.485567
2 0.786354 0.502542
2 0.789803 0.520128
2 0.786163 0.545811
2 0.786739 0.563647
2 0.790992 0.610699
2 0.791308 0.654422
1 0.786079 0.702458
0 0.788876 0.739933
2 0.788704 0.776266
1 0.791247 0.85834
1 0.786787 0.890595
0 0.787963 0.916672
1 0.787099 0.955726
1 0.797166 0.100056
1 0.796577 0.120007
1 0.792077 0.236675
2 0.796376 0.285159
2 0.795182 0.312978
1 0.792636 0.334981
2 0.79634 0.355287
2 0.793128 0.372526
2 0.792749 0.402142
1 0.79251 0.413069
2 0.794434 0.430547
2 0.797048 0.475982
2 0.796478 0.500198
2 0.793719 0.531797
1 0.797403 0.542121
2 0.795409 0.552005
2 0.796954 0.572556
2 0.795567 0.58527
2 0.792439 0.624967
2 0.795058 0.636876
2 0.792848 0.686359
2 0.795973 0.708054
1 0.795608 0.720044
1 0.797543 0.795839
2 0.794913 0.817272
1 0.796057 0.873857
1 0.79632 0.975767
1 0.799533 0.0646723
1 0.799053 0.168239
1 0.802655 0.206284
2 0.802141 0.227407
2 0.801736 0.264533
2 0.798013 0.325118
2 0.801392 0.450868
1 0.797622 0.460014
2 0.803649 0.490154
2 0.798002 0.513255
2 0.79777 0.598013
1 0.798152 0.664413
1 0.802683 0.689836
2 0.799411 0.738568
2 0.803624 0.755361
1 0.802062 0.844328
1 0.798484 0.92913
1 0.80353 0.950469
1 0.804643 0.0258172
1 0.805354 0.143384
2 0.807673 0.15899
2 0.806972 0.193423
1 0.806825 0.253401
2 0.806204 0.294335
0 0.804517 0.364416
2 0.805941 0.378403
2 0.804809 0.391865
1 0.804626 0.402733
2 0.80442 0.417822
1 0.806588 0.426443
2 0.806217 0.435876
2 0.808856 0.462286
1 0.806666 0.477856
2 0.80415 0.528065
2 0.80727 0.567411
2 0.808798 0.583858
2 0.806266 0.60694
0 0.804078 0.625603
2 0.805471 0.649977
2 0.807009 0.700284
1 0.80557 0.766576
2 0.806017 0.78768
1 0.807306 0.808906
0 0.808264 0.830461
2 0.804269 0.86254
1 0.805407 0.890973
1 0.805795 0.908225
1 0.805755 0.996385
1 0.813792 0.0480614
1 0.814438 0.102374
2 0.810258 0.279491
1 0.811199 0.304013
2 0.809845 0.31449
2 0.811706 0.330146
1 0.810389 0.340107
2 0.814079 0.358625
2 0.815416 0.422052
1 0.812227 0.44728
0 0.811145 0.508604
2 0.809847 0.545877
1 0.812799 0.558363
2 0.812269 0.638951
2 0.814285 0.666936
2 0.810973 0.680199
2 0.810366 0.729784
1 0.815914 0.877732
1 0.814241 0.921632
0 0.812378 0.965418
1 0.822065 0.0007418
0 0.820751 0.0219631
1 0.817918 0.063492
1 0.818498 0.0806762
0 0.816069 0.123392
1 0.816426 0.184665
1 0.818782 0.212609
2 0.820727 0.227808
0 0.821453 0.284791
1 0.818488 0.320959
2 0.820727 0.342121
1 0.818228 0.37114
2 0.820458 0.380883
2 0.817528 0.392964
2 0.82185 0.404209
1 0.817238 0.413001
2 0.820784 0.438528
2 0.818799 0.45292
2 0.822078 0.473487
2 0.816194 0.483757
2 0.817304 0.496693
2 0.816326 0.521441
1 0.81751 0.533139
1 0.816671 0.590533
2 0.820503 0.603161
2 0.821262 0.61655
2 0.816193 0.627927
2 0.819347 0.654513
2 0.821126 0.694686
2 0.816121 0.716372
2 0.822011 0.770919
1 0.816922 0.786829
2 0.818351 0.805726
1 0.822084 0.822128
1 0.816739 0.849987
1 0.81951 0.943399
1 0.826425 0.0352962
1 0.823433 0.139886
1 0.824085 0.158801
0 0.823442 0.244095
2 0.823674 0.25732
2 0.827021 0.275569
2 0.823244 0.307608
1 0.827222 0.428596
0 0.823461 0.463509
2 0.827147 0.513896
2 0.822917 0.547664
2 0.823898 0.573571
1 0.823455 0.683437
0 0.822401 0.705089
2 0.827453 0.727499
1 0.823955 0.737307
2 0.823033 0.751308
1 0.82715 0.838562
1 0.822578 0.907366
1 0.831045 0.121905
1 0.830754 0.176546
2 0.828963 0.320453
1 0.832841 0.33387
1 0.828537 0.356063
2 0.830403 0.367321
0 0.831292 0.389225
2 0.833542 0.40745
2 0.832455 0.448364
2 0.833018 0.490207
2 0.82915 0.531083
1 0.833504 0.550425
1 0.831244 0.612281
2 0.828535 0.639568
1 0.832252 0.660186
2 0.83377 0.687637
1 0.829137 0.761448
0 0.831495 0.873067
1 0.833 0.976538
1 0.839647 0.0747907
1 0.836655 0.10225
0 0.837756 0.150785
0 0.834536 0.192851
1 0.838313 0.214329
1 0.839386 0.278993
2 0.83855 0.347603
2 0.836647 0.435693
1 0.839508 0.464668
2 0.840128 0.507675
2 0.834547 0.598065
2 0.839863 0.620216
2 0.838884 0.647599
0 0.837743 0.747326
0 0.837348 0.793651
1 0.83504 0.858144
1 0.835545 0.893766
2 0.837556 0.921318
1 0.836566 0.949647
1 0.842037 0.00602363
1 0.840918 0.0444705
2 0.843072 0.0607998
1 0.841708 0.23973
2 0.840821 0.295018
2 0.844 0.31273
2 0.842318 0.328055
2 0.841241 0.374853
1 0.84583 0.422846
1 0.842713 0.44459
2 0.843098 0.478139
1 0.843799 0.52288
2 0.841318 0.534271
2 0.8432 0.55349
2 0.840664 0.568739
0 0.843708 0.585446
2 0.844438 0.633732
2 0.845203 0.663265
1 0.843463 0.682159
1 0.842441 0.716683
1 0.842397 0.772499
1 0.841155 0.813545
0 0.843453 0.845101
1 0.846329 0.8789
1 0.852539 0.0215371
0 0.851393 0.0904747
1 0.850198 0.143305
1 0.849819 0.180087
1 0.847738 0.260737
1 0.85127 0.303704
0 0.849812 0.35059
2 0.85148 0.3608
2 0.846782 0.406863
2 0.851337 0.45523
2 0.849547 0.4909
2 0.849446 0.543213
2 0.852372 0.593273
2 0.847636 0.605485
2 0.848343 0.701026
2 0.851987 0.726712
1 0.84798 0.739388
2 0.846635 0.760065
1 0.847739 0.905892
0 0.8501 0.974109
1 0.855394 0.0516219
1 0.857016 0.0754081
1 0.856355 0.12181
1 0.857736 0.16118
1 0.855222 0.209825
2 0.858789 0.284182
1 0.85809 0.320055
2 0.854613 0.385017
2 0.858431 0.429812
2 0.858111 0.47623
2 0.857356 0.505977
2 0.855766 0.521963
1 0.856849 0.560189
2 0.854824 0.570405
2 0.857899 0.61396
1 0.853658 0.641846
2 0.855264 0.678129
1 0.858006 0.755897
1 0.85697 0.791114
1 0.858644 0.811755
1 0.854879 0.826486
1 0.855881 0.8497
1 0.858574 0.887846
1 0.855204 0.921508
0 0.862915 0.0342659
1 0.863776 0.107157
1 0.863271 0.228825
1 0.862228 0.250718
2 0.861518 0.335901
1 0.861103 0.367432
1 0.858933 0.402243
2 0.861042 0.446296
1 0.86305 0.461417
1 0.864609 0.513949
1 0.85897 0.537437
2 0.861248 0.550729
2 0.864014 0.581529
2 0.863195 0.600197
2 0.86458 0.628261
2 0.861561 0.652654
1 0.862575 0.665614
1 0.860757 0.69271
1 0.863693 0.720855
1 0.861497 0.774746
1 0.858939 0.86498
1 0.870856 0.0146698
1 0.86602 0.190876
0 0.869393 0.264872
1 0.868663 0.292545
1 0.865661 0.347069
1 0.868607 0.387239
2 0.867105 0.418574
1 0.870163 0.428981
1 0.870599 0.479742
0 0.867692 0.496486
2 0.868127 0.526166
1 0.869327 0.614044
0 0.870898 0.926743
1 0.865593 0.944596
1 0.866185 0.983981
1 0.87301 0.0580118
1 0.874905 0.0890018
1 0.876639 0.11686
1 0.874426 0.169267
1 0.87543 0.210304
1 0.876962 0.276849
0 0.876333 0.306127
1 0.875871 0.323595
2 0.872214 0.359475
2 0.875133 0.438245
0 0.877258 0.54482
0 0.875905 0.697714
0 0.873622 0.736901
1 0.872356 0.795644
0 0.871987 0.81598
1 0.872149 0.829656
1 0.871759 0.849369
1 0.876969 0.865746
0 0.881558 0.0741946
1 0.877356 0.132927
1 0.88235 0.353638
1 0.880978 0.373485
2 0.879352 0.384283
0 0.877579 0.400563
2 0.881515 0.477452
2 0.87863 0.509646
2 0.883143 0.566661
2 0.879941 0.591187
2 0.882035 0.61126
1 0.877622 0.679386
1 0.881658 0.766531
1 0.878705 0.905447
1 0.888099 0.0236097
1 0.884066 0.0418274
1 0.886887 0.102576
0 0.884046 0.145394
0 0.885325 0.186431
1 0.887477 0.236689
1 0.887831 0.261862
1 0.886232 0.291737
2 0.887523 0.411129
0 0.887015 0.432842
2 0.884458 0.451149
1 0.885677 0.46289
1 0.885691 0.499544
1 0.886392 0.52754
2 0.887136 0.540665
1 0.885346 0.640166
0 0.885181 0.665385
1 0.888385 0.707138
1 0.887178 0.748461
1 0.886378 0.783327
1 0.887371 0.798799
1 0.889246 0.823351
0 0.888546 0.849766
0 0.884526 0.879617
1 0.887478 0.969506
1 0.888438 0.996127
1 0.893997 0.059845
1 0.892852 0.172282
1 0.892287 0.199084
1 0.89416 0.314009
1 0.891519 0.330796
2 0.892056 0.344708
2 0.889693 0.396192
2 0.889985 0.580028
0 0.893554 0.595033
1 0.895356 0.721001
1 0.894617 0.914251
0 0.901568 0.0104249
1 0.897666 0.0774989
1 0.897309 0.125655
2 0.897009 0.380639
1 0.897799 0.405076
2 0.897442 0.42473
2 0.898301 0.442589
2 0.897897 0.48528
2 0.901553 0.534524
1 0.89795 0.56548
1 0.89608 0.686496
1 0.899635 0.771403
1 0.9001 0.870271
1 0.897181 0.936675
1 0.902353 0.109058
1 0.907752 0.148334
1 0.903878 0.184718
1 0.90646 0.215419
0 0.90726 0.238197
1 0.904705 0.253043
1 0.902205 0.28607
1 0.906869 0.340685
1 0.903679 0.459573
2 0.904219 0.512629
2 0.90516 0.556451
1 0.90673 0.625424
1 0.904406 0.670508
0 0.904534 0.752224
1 0.905987 0.79281
1 0.902496 0.811944
1 0.903477 0.855312
1 0.903478 0.891387
1 0.909294 0.0440329
1 0.908531 0.373512
1 0.913316 0.4003
2 0.91292 0.417944
1 0.90983 0.436264
1 0.90828 0.501169
1 0.911131 0.523999
1 0.908576 0.544806
1 0.912667 0.692342
1 0.913669 0.833983
0 0.912086 0.903678
0 0.919495 0.0937083
2 0.917773 0.191734
1 0.914711 0.302193
1 0.91724 0.324401
1 0.917962 0.359209
1 0.916268 0.478287
2 0.915049 0.570041
2 0.916562 0.58854
1 0.914407 0.604825
0 0.914745 0.636674
0 0.917846 0.679856
0 0.915067 0.715331
1 0.919068 0.751332
1 0.915356 0.768027
1 0.917867 0.807035
1 0.919143 0.85162
1 0.91734 0.926889
0 0.917442 0.956978
1 0.919374 0.989584
1 0.922562 0.0190374
1 0.920457 0.0608644
1 0.926241 0.110579
1 0.922943 0.128023
0 0.923088 0.147129
1 0.921137 0.165292
1 0.923766 0.213481
1 0.92283 0.266109
2 0.924679 0.288884
0 0.924099 0.342325
1 0.922412 0.385415
0 0.926057 0.401034
1 0.924949 0.430138
2 0.923259 0.442609
1 0.924337 0.456122
2 0.920791 0.502937
2 0.922632 0.53373
1 0.921982 0.557643
1 0.922693 0.668172
1 0.921389 0.73287
2 0.925665 0.826811
1 0.925034 0.873502
1 0.925497 0.89498
1 0.930907 0.0406711
1 0.932339 0.411684
0 0.930152 0.469081
2 0.927769 0.486408
1 0.927008 0.577191
1 0.931311 0.624432
1 0.926695 0.649281
0 0.928356 0.796479
1 0.932423 0.839913
1 0.932488 0.969754
1 0.936629 0.076156
1 0.934586 0.0955763
1 0.933215 0.175893
1 0.934699 0.198352
1 0.933745 0.228237
1 0.936055 0.246932
1 0.934339 0.314697
1 0.938345 0.392071
0 0.937446 0.55505
0 0.933793 0.600581
1 0.934509 0.719485
1 0.937114 0.74367
0 0.934393 0.758844
1 0.935818 0.778443
1 0.934603 0.811576
0 0.944682 0.0207803
1 0.941108 0.291778
1 0.94074 0.345846
1 0.94164 0.449439
1 0.943783 0.473459
1 0.93996 0.52058
2 0.942055 0.534839
1 0.942256 0.659649
1 0.941517 0.695844
1 0.943812 0.794517
1 0.944136 0.859419
1 0.939328 0.907688
1 0.941373 0.929196
1 0.944028 0.948473
0 0.9463 0.124996
1 0.946378 0.148528
1 0.946801 0.326501
1 0.946559 0.367727
1 0.94868 0.408875
0 0.949703 0.431475
1 0.947072 0.491418
2 0.946652 0.583353
1 0.950058 0.730379
1 0.949412 0.767141
1 0.945855 0.886669
1 0.952287 0.000427284
1 0.952468 0.0579458
1 0.953615 0.102047
1 0.951674 0.166134
0 0.951979 0.199209
1 0.951647 0.224373
1 0.954559 0.260187
1 0.955142 0.393404
0 0.952487 0.505415
1 0.952114 0.553946
1 0.954544 0.596192
1 0.952116 0.614425
0 0.956 0.632024
1 0.955798 0.824116
1 0.95629 0.840256
1 0.954205 0.979601
1 0.962524 0.136667
1 0.962372 0.152674
1 0.958229 0.185689
1 0.959397 0.241796
0 0.961468 0.275654
1 0.959837 0.312662
1 0.960586 0.421217
1 0.961511 0.441848
1 0.960844 0.458834
1 0.962347 0.535856
2 0.959714 0.685716
1 0.95807 0.713198
1 0.960135 0.748242
1 0.963049 0.793242
0 0.958249 0.867279
1 0.958638 0.905102
1 0.965218 0.0224152
1 0.964466 0.085929
1 0.968888 0.168478
1 0.965909 0.291025
1 0.96699 0.329377
0 0.963481 0.34793
2 0.963256 0.483138
1 0.965541 0.578656
1 0.965348 0.659595
1 0.967469 0.731674
1 0.964501 0.96455
1 0.972 0.0494479
1 0.972337 0.108752
1 0.974584 0.262164
1 0.972093 0.503743
1 0.972177 0.621526
1 0.96969 0.764322
1 0.9708 0.849352
1 0.971705 0.886849
1 0.971296 0.92951
1 0.973649 0.94853
1 0.971238 0.995545
0 0.977049 0.149927
1 0.976912 0.193898
1 0.980077 0.311968
1 0.981054 0.35666
1 0.977303 0.374318
0 0.977002 0.408914
1 0.979063 0.430925
1 0.979916 0.48359
2 0.978345 0.519044
0 0.976559 0.552515
1 0.979722 0.779597
0 0.97709 0.805983
1 0.979495 0.864217
0 0.977491 0.978077
1 0.985655 0.0133035
0 0.985523 0.08414
1 0.983818 0.215528
1 0.983649 0.23877
1 0.984979 0.329105
1 0.986937 0.393772
0 0.982247 0.452141
1 0.98518 0.605362
1 0.986156 0.642892
1 0.982601 0.67393
0 0.9875 0.710456
1 0.982099 0.836337
0 0.986977 0.901568
2 0.987959 0.0381459
1 0.988066 0.0599104
1 0.989893 0.110171
1 0.991294 0.132287
1 0.99352 0.165068
0 0.993316 0.202475
1 0.988851 0.292584
1 0.988606 0.581533
1 0.987962 0.72995
1 0.991731 0.753333
1 0.991806 0.822953
1 0.988736 0.885212
1 0.987761 0.966001
1 0.992872 0.988398
1 0.998085 0.184862
1 0.99447 0.254619
0 0.998934 0.336616
1 0.997625 0.376037
1 0.999636 0.409968
1 0.997077 0.427985
1 0.997965 0.446429
1 0.996341 0.464021
1 0.995756 0.51974
1 0.994977 0.560414
1 0.99403 0.806132
1 0.998342 0.849918
1 0.994785 0.927568
0 0.997391 0.942524
