1 0.00469739 0.263123
1 0.000177471 0.43463
1 0.00451199 0.654236
1 0.00291602 0.6906
1 0.00158435 0.754471
0 0.00340975 0.822698
1 0.00687807 0.0286091
0 0.00937921 0.0748531
1 0.00796703 0.112611
1 0.0073235 0.154926
1 0.0109529 0.174948
1 0.00657363 0.290548
1 0.00740012 0.358771
1 0.00854099 0.400648
1 0.0116332 0.479603
1 0.00750152 0.552603
0 0.00890864 0.573391
0 0.00952385 0.629924
1 0.0107068 0.841985
1 0.00826427 0.934646
1 0.008365 0.967462
1 0.00839141 0.986895
1 0.0141017 0.00754437
1 0.0146342 0.0489083
1 0.0163204 0.132337
0 0.0148762 0.21449
1 0.0168108 0.241758
1 0.0161559 0.321243
0 0.0152634 0.508808
1 0.0177117 0.532676
1 0.0164405 0.587525
1 0.0164692 0.775553
1 0.0137008 0.901668
0 0.015355 0.915962
0 0.0226125 0.0203716
1 0.0208762 0.0908211
1 0.02336 0.338043
1 0.0210383 0.374713
1 0.0187507 0.419514
0 0.0184367 0.442255
1 0.0216593 0.606109
1 0.0208862 0.679925
1 0.0222592 0.736625
1 0.0218008 0.808793
1 0.0191794 0.876853
1 0.0244718 0.939689
2 0.0244123 0.984358
1 0.0282966 0.11047
1 0.0278482 0.160453
1 0.0289267 0.2649
1 0.0273495 0.30174
0 0.0276112 0.391756
1 0.0283142 0.45925
1 0.0275164 0.649152
1 0.0246486 0.709112
1 0.0300443 0.758305
1 0.0287782 0.855698
1 0.0326276 0.00839427
1 0.0322258 0.067185
0 0.0328818 0.141974
1 0.0321144 0.192635
0 0.0330072 0.352302
1 0.0340294 0.485075
1 0.0337316 0.519209
1 0.0362213 0.550784
1 0.0318173 0.578172
1 0.0364453 0.621159
1 0.0348835 0.829209
1 0.0328374 0.89908
1 0.0357033 0.916761
1 0.0371484 0.0252351
1 0.037941 0.0488965
1 0.0422069 0.0943522
2 0.0368163 0.284697
1 0.0392318 0.406363
2 0.0411126 0.42664
1 0.0412095 0.690747
1 0.0429405 0.724684
0 0.0405274 0.784516
1 0.0374205 0.959694
1 0.0450046 0.125528
1 0.0464982 0.17147
1 0.0445767 0.228408
1 0.0455689 0.253396
1 0.0481216 0.318779
1 0.0431868 0.376278
2 0.0470769 0.461885
2 0.0490052 0.569244
1 0.0468318 0.604646
1 0.047571 0.635939
1 0.0436714 0.66823
0 0.0466712 0.749178
1 0.0487578 0.768877
0 0.0453366 0.857157
1 0.0478542 0.879618
0 0.045361 0.943782
1 0.0478743 0.980471
1 0.050167 0.0123984
1 0.0528255 0.0312816
1 0.0520966 0.292573
2 0.0543927 0.492727
0 0.0527523 0.508458
2 0.0493978 0.529861
0 0.0491204 0.591582
0 0.0504245 0.650849
1 0.0543938 0.810709
0 0.0512533 0.900053
1 0.0607328 0.0488948
1 0.0555299 0.0769364
1 0.0560669 0.356763
1 0.0603939 0.398673
1 0.0561523 0.421567
1 0.0584242 0.735725
1 0.0587991 0.787248
1 0.0559184 0.931201
1 0.0578873 0.957485
0 0.0670171 0.0260962
0 0.0640134 0.064086
1 0.0619903 0.150789
1 0.0632195 0.194699
1 0.0659962 0.275067
1 0.064797 0.332027
1 0.0658704 0.378441
1 0.066394 0.449042
1 0.0644334 0.529389
1 0.0654476 0.559236
1 0.065266 0.590208
1 0.0630925 0.61765
1 0.0624349 0.689642
1 0.0672892 0.717562
1 0.0657513 0.825768
1 0.0650488 0.8492
1 0.0649644 0.913863
1 0.0719016 0.00818388
1 0.0682316 0.0901125
0 0.0712553 0.111294
1 0.0714755 0.228036
1 0.072807 0.472537
1 0.0713961 0.502388
2 0.0728442 0.545045
2 0.0713957 0.631764
1 0.0676935 0.649149
1 0.0675799 0.753552
1 0.0795985 0.0554544
1 0.0789309 0.173483
1 0.074874 0.253531
0 0.0765376 0.401972
2 0.0746757 0.581744
2 0.0762363 0.604217
1 0.0786215 0.666806
0 0.075786 0.699081
1 0.0772553 0.80542
1 0.0788047 0.877522
1 0.0761791 0.898088
1 0.0854137 0.0302115
1 0.0845007 0.0745405
2 0.0807732 0.421316
2 0.0819819 0.451609
2 0.08503 0.490172
2 0.0850245 0.53268
1 0.0858099 0.569654
1 0.0858343 0.713634
1 0.0855246 0.733117
1 0.0832631 0.780886
1 0.0875209 0.298466
0 0.0885512 0.329441
2 0.0900742 0.509063
1 0.0899312 0.628521
2 0.0912621 0.654276
1 0.087935 0.685665
1 0.0879631 0.755911
1 0.090097 0.840194
1 0.0879193 0.938577
1 0.0894569 0.968163
1 0.0931476 0.0012159
1 0.0977486 0.0508108
1 0.0928483 0.128567
1 0.0920502 0.149957
0 0.0937952 0.194139
1 0.0930089 0.368533
2 0.0963991 0.384126
0 0.0953278 0.467888
1 0.096579 0.600993
1 0.092679 0.796987
0 0.0928675 0.821412
0 0.0983286 0.0132735
1 0.100613 0.0319807
1 0.10174 0.103511
1 0.100649 0.411729
1 0.100618 0.432677
2 0.101269 0.498153
0 0.0989599 0.551351
2 0.100055 0.614786
0 0.09977 0.665186
2 0.102044 0.6784
0 0.100459 0.736114
1 0.101792 0.858321
1 0.102303 0.878455
2 0.100706 0.897568
1 0.0990057 0.918473
1 0.107114 0.0690818
0 0.110175 0.143097
1 0.106072 0.224028
0 0.105518 0.261494
1 0.109724 0.286113
2 0.109767 0.371239
2 0.108804 0.3995
2 0.10937 0.481339
0 0.106458 0.513923
2 0.105403 0.537282
2 0.107609 0.56217
1 0.104737 0.579749
2 0.106157 0.59343
2 0.108419 0.638453
1 0.110207 0.717273
2 0.109563 0.783457
1 0.107594 0.830461
1 0.112176 0.00803857
1 0.114506 0.023159
1 0.111556 0.0873119
1 0.111099 0.174155
1 0.11236 0.351144
2 0.115433 0.419206
2 0.111673 0.443702
2 0.114039 0.463242
2 0.115343 0.522213
0 0.113757 0.602278
2 0.111915 0.695072
1 0.113357 0.748069
1 0.11427 0.803415
2 0.120114 0.0370382
1 0.119165 0.198155
1 0.121744 0.325406
2 0.121471 0.3841
1 0.12204 0.452703
2 0.117054 0.57557
2 0.122149 0.612254
1 0.11879 0.661084
1 0.120964 0.899705
1 0.11836 0.927254
1 0.123198 0.112172
1 0.127665 0.159393
2 0.125514 0.369929
2 0.124843 0.404756
2 0.125373 0.439233
2 0.126425 0.501428
1 0.126983 0.52426
2 0.12723 0.554953
2 0.124894 0.597127
1 0.125016 0.625774
2 0.123723 0.645294
2 0.126591 0.675564
1 0.127246 0.701221
2 0.123865 0.716842
2 0.123906 0.736218
1 0.123429 0.766929
1 0.124975 0.859764
0 0.12298 0.9476
1 0.129262 0.00684074
1 0.12957 0.0531384
1 0.130306 0.0710941
0 0.1295 0.0884935
1 0.133799 0.138688
1 0.129513 0.239298
2 0.133887 0.335704
0 0.131379 0.393621
2 0.130383 0.477276
2 0.132856 0.541153
1 0.129736 0.579328
2 0.132711 0.661086
0 0.13385 0.820957
1 0.134093 0.839665
1 0.129366 0.880505
1 0.131997 0.979652
1 0.140887 0.0202963
1 0.141066 0.121391
2 0.13693 0.255364
1 0.136673 0.298499
2 0.135027 0.352027
2 0.137981 0.383905
1 0.136889 0.430219
2 0.140687 0.443361
1 0.136009 0.488053
2 0.13797 0.507904
1 0.138766 0.555488
2 0.139582 0.618956
0 0.13912 0.642721
2 0.13686 0.689466
2 0.141062 0.723566
1 0.137817 0.799502
2 0.143633 0.207225
0 0.141792 0.228511
2 0.145839 0.364604
2 0.14197 0.399597
2 0.144548 0.414173
1 0.141445 0.458452
2 0.143148 0.470369
2 0.145069 0.530263
2 0.146094 0.563945
2 0.141661 0.581468
2 0.145416 0.601758
2 0.146393 0.631269
2 0.145652 0.653259
2 0.145658 0.674353
2 0.142027 0.74183
1 0.145489 0.907943
1 0.148261 0.0388179
0 0.148369 0.0593214
1 0.14949 0.104702
1 0.150569 0.177111
1 0.149556 0.248596
1 0.152448 0.280372
2 0.149035 0.31089
0 0.148731 0.352627
1 0.149615 0.383187
2 0.1478 0.430537
2 0.151572 0.481046
2 0.149161 0.500937
0 0.150333 0.511384
2 0.148165 0.549658
2 0.152885 0.588746
2 0.150375 0.701946
0 0.150803 0.760172
0 0.149059 0.86635
1 0.153018 0.937131
1 0.152155 0.957745
0 0.154609 0.00474484
1 0.154621 0.0732183
1 0.158008 0.0893684
1 0.154866 0.21812
2 0.157644 0.297151
1 0.158177 0.327187
2 0.155736 0.340722
2 0.158528 0.401078
0 0.154474 0.440408
2 0.156925 0.464261
2 0.157784 0.519995
2 0.15915 0.53474
1 0.153741 0.576667
2 0.157711 0.606706
1 0.1542 0.622298
1 0.159398 0.785163
2 0.153613 0.798542
1 0.153478 0.847864
1 0.159157 0.889735
1 0.16175 0.118652
0 0.162207 0.148143
2 0.162905 0.267487
2 0.160859 0.366746
1 0.160605 0.416496
2 0.159949 0.451455
1 0.164816 0.472313
1 0.160994 0.492223
2 0.16019 0.556287
2 0.160388 0.633476
1 0.165364 0.645368
0 0.164791 0.685378
2 0.164277 0.69782
2 0.159519 0.71458
2 0.162474 0.734344
2 0.16034 0.75024
2 0.165182 0.769787
1 0.161053 0.828451
1 0.169678 0.024593
1 0.167197 0.0461682
0 0.169495 0.102771
1 0.170407 0.204767
1 0.171287 0.234251
2 0.166965 0.250388
1 0.170384 0.302257
2 0.166466 0.348676
2 0.167492 0.425936
2 0.171419 0.481685
2 0.170266 0.50569
1 0.169044 0.525149
2 0.171068 0.535825
0 0.167786 0.563697
2 0.16916 0.584706
2 0.166759 0.665508
1 0.168494 0.865539
1 0.170341 0.977032
1 0.174933 0.00374243
1 0.173412 0.0784166
1 0.171987 0.174958
2 0.173506 0.220779
0 0.175565 0.279471
2 0.176738 0.322056
2 0.172322 0.335925
2 0.173604 0.371184
2 0.175794 0.388892
1 0.172003 0.441319
2 0.173217 0.465275
1 0.172814 0.546623
2 0.174406 0.571197
2 0.17276 0.597407
2 0.171805 0.610075
2 0.174259 0.624434
2 0.175652 0.654216
1 0.172092 0.712495
1 0.174896 0.798682
0 0.176897 0.94034
1 0.179523 0.139822
2 0.183037 0.269808
2 0.179133 0.356148
1 0.178053 0.403731
2 0.179195 0.418346
2 0.181407 0.431318
2 0.179495 0.455581
2 0.183162 0.488262
2 0.181223 0.515089
2 0.178786 0.527202
2 0.182675 0.544696
2 0.178001 0.55818
1 0.180971 0.589797
2 0.178102 0.640662
1 0.178808 0.666975
2 0.178028 0.743004
1 0.181272 0.762708
2 0.182154 0.779101
1 0.182366 0.882405
1 0.180951 0.90587
1 0.184002 0.959932
1 0.186466 0.0286904
1 0.189635 0.0480605
1 0.184366 0.121021
0 0.187567 0.181079
0 0.189615 0.219869
2 0.185694 0.237204
1 0.184085 0.253529
2 0.186711 0.310743
2 0.184864 0.342018
0 0.189289 0.373672
2 0.189911 0.383887
2 0.186575 0.39613
2 0.184077 0.476454
1 0.18566 0.503287
0 0.188427 0.524467
2 0.189992 0.581417
2 0.190072 0.606099
0 0.185371 0.61882
2 0.188404 0.656968
2 0.186679 0.68722
2 0.186315 0.704538
2 0.187821 0.728281
1 0.186885 0.854748
1 0.191649 0.0820216
1 0.19062 0.155677
2 0.196306 0.259811
1 0.194012 0.27242
2 0.190258 0.29538
2 0.196094 0.321124
1 0.194895 0.337009
2 0.190356 0.361567
2 0.195138 0.405648
2 0.190201 0.445988
2 0.191312 0.467411
0 0.194568 0.481661
2 0.19339 0.495743
2 0.190963 0.536319
2 0.190238 0.567075
2 0.194334 0.640023
2 0.195961 0.669202
1 0.193688 0.739628
0 0.193207 0.808972
1 0.191541 0.836087
1 0.195371 0.920352
1 0.193286 0.996194
1 0.196365 0.100513
1 0.201095 0.13387
2 0.202219 0.233512
2 0.200058 0.28495
2 0.197524 0.347882
2 0.200587 0.379203
2 0.201504 0.427599
2 0.199327 0.451586
1 0.202312 0.464799
2 0.197866 0.513474
2 0.199961 0.525931
2 0.1993 0.550755
2 0.199121 0.588972
2 0.202321 0.626658
1 0.198371 0.68531
2 0.200513 0.696791
2 0.198521 0.71289
2 0.197215 0.765858
2 0.197142 0.787397
0 0.202157 0.875759
1 0.201911 0.941068
0 0.206321 0.0307322
1 0.204822 0.0634637
2 0.202683 0.115548
2 0.207487 0.167799
1 0.203357 0.186374
2 0.203105 0.202152
1 0.207754 0.251133
2 0.205146 0.297394
1 0.204303 0.314908
2 0.20492 0.336295
2 0.205463 0.362457
1 0.203536 0.395114
0 0.206897 0.417599
1 0.203426 0.439442
2 0.206778 0.486509
1 0.206702 0.506028
2 0.206854 0.518278
2 0.207108 0.535207
1 0.2029 0.569237
2 0.203265 0.604386
2 0.205806 0.649156
1 0.207515 0.774053
1 0.207165 0.858369
1 0.203478 0.891602
1 0.21211 0.00636659
0 0.209844 0.0822569
0 0.214165 0.146226
1 0.214167 0.226222
2 0.212214 0.347483
1 0.214298 0.357546
2 0.20941 0.387439
2 0.212547 0.403709
2 0.210566 0.459051
1 0.208811 0.54631
2 0.210663 0.577821
1 0.210982 0.593249
1 0.208853 0.635247
2 0.209912 0.665262
2 0.21147 0.686965
0 0.210987 0.721765
2 0.212765 0.74364
2 0.214583 0.786273
2 0.212046 0.804869
1 0.211315 0.84037
2 0.209424 0.909828
1 0.211067 0.95942
1 0.216297 0.0474352
2 0.220608 0.238021
2 0.217722 0.267148
1 0.217108 0.291917
2 0.215954 0.310197
0 0.215979 0.337082
2 0.220505 0.377468
2 0.219992 0.394649
2 0.21856 0.414116
2 0.214986 0.424294
2 0.215609 0.438691
1 0.218188 0.454603
2 0.215661 0.470912
1 0.2161 0.482686
2 0.215716 0.502676
2 0.2182 0.51286
2 0.219985 0.5339
2 0.216152 0.551979
2 0.216064 0.562159
2 0.21589 0.608332
2 0.215767 0.62047
2 0.218693 0.654969
2 0.219613 0.72871
2 0.214742 0.764854
1 0.22519 0.0977741
1 0.225288 0.126872
1 0.22193 0.195431
2 0.222741 0.280658
2 0.220921 0.321796
2 0.225446 0.363672
2 0.223771 0.404324
2 0.2256 0.430133
2 0.225127 0.461913
2 0.224296 0.477615
2 0.223197 0.491708
2 0.226002 0.504036
2 0.224143 0.524104
2 0.224656 0.579471
2 0.222481 0.599079
2 0.221531 0.639838
2 0.226706 0.665951
2 0.223634 0.683603
1 0.22097 0.702442
2 0.222065 0.714086
2 0.225178 0.75529
1 0.224769 0.82282
1 0.226445 0.867896
1 0.221492 0.895002
1 0.222081 0.941896
0 0.226717 0.973604
1 0.232045 0.0140716
1 0.230959 0.163543
1 0.229002 0.213539
1 0.22773 0.255925
2 0.232303 0.29315
1 0.229584 0.313175
2 0.228664 0.345016
1 0.227278 0.384022
1 0.233071 0.411914
1 0.232103 0.43627
2 0.229259 0.451059
2 0.231826 0.486601
2 0.227922 0.552807
2 0.23163 0.568669
2 0.230333 0.614833
2 0.23161 0.635616
0 0.227105 0.650541
2 0.230499 0.694504
1 0.23312 0.748492
0 0.228294 0.787154
2 0.23022 0.801519
1 0.229342 0.844749
1 0.237151 0.0429328
1 0.238008 0.0711992
2 0.234534 0.236421
2 0.236316 0.282064
2 0.236519 0.376358
2 0.2363 0.39619
0 0.237736 0.452969
1 0.239257 0.476752
0 0.235098 0.515545
2 0.235356 0.526348
2 0.234477 0.540499
2 0.238975 0.576192
2 0.233281 0.586846
2 0.233856 0.604853
2 0.236435 0.625681
1 0.233299 0.68217
2 0.233716 0.71217
2 0.235416 0.725945
2 0.239077 0.762652
2 0.239054 0.776785
1 0.239075 0.916806
1 0.244374 0.123644
1 0.242842 0.14376
1 0.24215 0.188122
2 0.242928 0.222706
2 0.240629 0.258652
1 0.243155 0.270598
2 0.240769 0.305979
2 0.240667 0.317509
1 0.241126 0.32912
2 0.240542 0.338578
2 0.244623 0.357356
1 0.240159 0.367017
2 0.242862 0.385011
2 0.240338 0.425038
2 0.243827 0.445847
2 0.243346 0.461809
2 0.239649 0.495861
2 0.240898 0.554917
2 0.240225 0.595959
1 0.241494 0.614434
2 0.241566 0.654156
2 0.240424 0.671935
2 0.242979 0.685383
1 0.240937 0.702081
2 0.24228 0.789757
0 0.239771 0.830091
1 0.244568 0.858173
1 0.241845 0.958969
1 0.242851 0.990237
0 0.249556 0.168367
1 0.246803 0.244579
2 0.249037 0.282456
2 0.247959 0.295821
2 0.250989 0.341023
1 0.24931 0.398333
2 0.245936 0.410455
1 0.251321 0.421636
2 0.245962 0.435927
2 0.250911 0.451742
2 0.249133 0.480931
2 0.248983 0.491962
2 0.24652 0.509423
2 0.246048 0.526326
1 0.246202 0.568859
2 0.249491 0.586137
2 0.246705 0.605475
2 0.250266 0.6272
2 0.245662 0.638823
2 0.24912 0.69489
2 0.245435 0.712069
2 0.250171 0.73751
2 0.247318 0.751655
1 0.249979 0.769114
1 0.24548 0.807632
1 0.249029 0.880731
2 0.252545 0.101856
0 0.256284 0.213428
2 0.253636 0.255279
2 0.253351 0.307377
0 0.257362 0.315835
1 0.25604 0.34838
2 0.253053 0.378383
2 0.254828 0.387983
2 0.256653 0.441736
2 0.254711 0.46952
1 0.256965 0.493522
2 0.256987 0.501876
2 0.253072 0.519038
2 0.251765 0.538981
2 0.253383 0.551088
2 0.253147 0.574336
2 0.255666 0.594147
2 0.252318 0.613905
1 0.253302 0.648728
2 0.251969 0.661082
2 0.25734 0.677678
2 0.254022 0.727017
2 0.254354 0.782847
1 0.255854 0.838622
1 0.256535 0.946932
2 0.258097 0.0205066
1 0.259868 0.149674
1 0.259149 0.182266
2 0.258776 0.240346
0 0.259999 0.262619
2 0.260915 0.283508
2 0.263384 0.324409
2 0.260548 0.336444
2 0.258931 0.36343
1 0.261816 0.379927
2 0.263094 0.432277
2 0.263541 0.457522
1 0.260444 0.476134
2 0.260961 0.484491
1 0.258166 0.527699
2 0.258262 0.562433
2 0.262231 0.577499
2 0.262899 0.600646
2 0.259965 0.622129
2 0.258517 0.640988
2 0.263681 0.668197
1 0.258884 0.690772
2 0.25776 0.70098
2 0.261128 0.711468
1 0.260584 0.746015
2 0.260771 0.756085
1 0.259144 0.896245
1 0.258636 0.918718
1 0.26946 0.0476136
1 0.266722 0.0719093
2 0.265637 0.198727
2 0.269155 0.226874
1 0.269696 0.236556
1 0.26767 0.295239
2 0.264206 0.30899
2 0.266982 0.3509
2 0.268987 0.424792
1 0.267558 0.44911
2 0.267659 0.501155
1 0.266402 0.510851
2 0.264352 0.519252
2 0.267453 0.528243
2 0.267015 0.53784
1 0.268509 0.551484
2 0.269125 0.56421
1 0.265038 0.589421
1 0.264905 0.614426
2 0.268527 0.637027
2 0.264071 0.658088
2 0.268768 0.67883
2 0.265309 0.734848
2 0.266895 0.766577
2 0.266773 0.781
1 0.264583 0.796305
2 0.267571 0.806329
1 0.267055 0.8169
1 0.266358 0.866335
1 0.263931 0.97155
1 0.264843 0.993034
1 0.272307 0.0962106
1 0.270093 0.121223
2 0.274068 0.211732
2 0.272153 0.254335
2 0.271916 0.280014
2 0.273877 0.318392
2 0.273551 0.342266
2 0.270171 0.363126
2 0.274284 0.375852
2 0.271948 0.388277
2 0.270255 0.40644
2 0.274103 0.432431
2 0.275652 0.473313
2 0.270318 0.492752
2 0.274951 0.519861
2 0.273132 0.576241
2 0.271471 0.6255
2 0.273501 0.64679
2 0.270186 0.697144
2 0.274215 0.709223
2 0.271945 0.720732
2 0.27536 0.793695
2 0.273432 0.826005
0 0.273357 0.849968
1 0.27333 0.886332
0 0.270374 0.908091
1 0.275106 0.947425
1 0.279692 0.0230598
1 0.280818 0.184868
2 0.281372 0.242346
1 0.27804 0.2686
2 0.282174 0.284133
2 0.279981 0.299731
1 0.28188 0.311913
1 0.277903 0.353426
2 0.281231 0.406307
2 0.279994 0.416504
2 0.277116 0.448014
2 0.276604 0.460211
0 0.277996 0.487284
2 0.280402 0.497727
2 0.278984 0.536568
2 0.279325 0.549034
2 0.276296 0.587057
2 0.278043 0.597255
2 0.276964 0.613052
2 0.27896 0.631421
1 0.277547 0.661384
2 0.276886 0.688891
1 0.278956 0.730649
2 0.27737 0.749918
2 0.278578 0.773977
1 0.279627 0.925509
0 0.28027 0.975719
1 0.286393 0.140877
0 0.282898 0.163143
2 0.287888 0.207486
0 0.285329 0.233134
2 0.287004 0.264674
1 0.283789 0.334076
2 0.288087 0.345748
2 0.282338 0.363639
2 0.283158 0.379395
2 0.285634 0.392482
2 0.286399 0.428248
2 0.286092 0.446897
2 0.285798 0.459488
2 0.284128 0.469422
1 0.28444 0.521485
1 0.287818 0.545535
2 0.287576 0.558574
2 0.285221 0.569004
0 0.286508 0.59291
2 0.28363 0.604519
2 0.282602 0.621429
2 0.286591 0.636729
2 0.28637 0.662306
2 0.283352 0.674213
1 0.285822 0.683783
1 0.284848 0.711172
2 0.285094 0.71987
0 0.284581 0.762384
1 0.286205 0.785201
2 0.283839 0.811844
1 0.283979 0.829209
2 0.284291 0.849094
1 0.286114 0.861635
2 0.286155 0.884483
1 0.284151 0.998439
1 0.292948 0.0748942
0 0.28945 0.123023
1 0.293079 0.173534
2 0.292609 0.187314
1 0.288886 0.217897
1 0.28964 0.24694
2 0.293668 0.274335
1 0.292255 0.284244
2 0.289687 0.315432
2 0.292656 0.333562
2 0.293512 0.357195
2 0.292633 0.376342
0 0.291014 0.398624
2 0.291821 0.420753
0 0.292223 0.436354
1 0.292482 0.471355
2 0.288858 0.483276
2 0.289749 0.492008
2 0.290351 0.508959
2 0.290286 0.53184
2 0.291049 0.579004
2 0.28967 0.652027
2 0.290314 0.702545
2 0.288671 0.746446
2 0.290099 0.775771
2 0.290194 0.7966
2 0.29185 0.822116
1 0.290886 0.905368
0 0.299406 0.0255668
0 0.296367 0.202326
2 0.298802 0.242371
2 0.300559 0.265037
0 0.297859 0.298985
2 0.297053 0.322928
2 0.299861 0.343609
2 0.299018 0.394635
2 0.298244 0.405518
2 0.300223 0.414088
2 0.295827 0.443855
2 0.297916 0.483215
1 0.295699 0.497515
2 0.298077 0.525442
2 0.299044 0.560257
1 0.298491 0.569702
2 0.296624 0.59807
2 0.294813 0.617105
2 0.294947 0.631525
2 0.299518 0.675096
2 0.295915 0.689556
2 0.297945 0.711947
2 0.295401 0.735378
1 0.29741 0.747215
2 0.295214 0.755731
1 0.297805 0.804383
2 0.29866 0.834783
1 0.298399 0.881828
1 0.297579 0.92481
0 0.29976 0.943108
1 0.298001 0.964616
2 0.306168 0.154243
2 0.30604 0.17756
1 0.302179 0.1889
2 0.301132 0.227684
2 0.301582 0.291267
1 0.306743 0.322061
2 0.303165 0.331356
1 0.305951 0.3601
2 0.303449 0.368515
2 0.301737 0.380922
2 0.302014 0.436429
1 0.300758 0.452008
2 0.305236 0.466015
2 0.301234 0.474341
2 0.30165 0.492164
2 0.301303 0.511273
2 0.305263 0.531711
2 0.302234 0.545355
2 0.30298 0.578933
2 0.304084 0.590967
2 0.301938 0.607562
1 0.306268 0.616065
2 0.304802 0.624299
2 0.300839 0.640157
2 0.304013 0.650579
0 0.30193 0.659616
2 0.30413 0.694811
1 0.30179 0.727666
2 0.304293 0.768638
1 0.303754 0.788887
2 0.305437 0.797956
1 0.30243 0.823562
2 0.304957 0.851874
0 0.30375 0.910204
1 0.307081 0.0980429
2 0.308492 0.20508
1 0.31049 0.215091
1 0.310654 0.249447
1 0.311643 0.288094
2 0.308887 0.301221
2 0.306769 0.313788
2 0.310034 0.349834
2 0.311462 0.379687
2 0.308928 0.391686
1 0.308708 0.400545
2 0.307445 0.423672
1 0.312131 0.430202
2 0.308949 0.451242
2 0.311698 0.483976
2 0.306925 0.503956
1 0.307957 0.518895
2 0.31203 0.538826
2 0.311165 0.556627
2 0.308899 0.569934
2 0.310182 0.600049
2 0.312596 0.633778
2 0.308931 0.670093
1 0.307288 0.686395
2 0.30923 0.72067
2 0.30769 0.738976
2 0.307274 0.750702
1 0.307012 0.840604
1 0.310192 0.994203
1 0.312893 0.0514683
2 0.31461 0.121893
1 0.313891 0.141735
2 0.318091 0.16507
1 0.316388 0.196052
2 0.313268 0.226938
2 0.318788 0.264099
2 0.314501 0.27833
2 0.31661 0.327212
0 0.312988 0.340806
2 0.314054 0.360636
2 0.315463 0.36994
2 0.317668 0.39227
2 0.313562 0.411699
2 0.317791 0.424772
2 0.317525 0.45223
2 0.313514 0.464256
2 0.313687 0.472563
2 0.315422 0.50539
2 0.31876 0.518728
2 0.315379 0.528119
2 0.315279 0.548337
2 0.315784 0.56515
2 0.313653 0.590017
2 0.317681 0.608187
2 0.314973 0.648094
2 0.312919 0.657257
2 0.314076 0.678924
2 0.313221 0.707507
2 0.31504 0.731773
2 0.318218 0.750315
2 0.314158 0.778115
2 0.317173 0.827447
2 0.318482 0.843859
2 0.31305 0.873953
1 0.316239 0.886131
1 0.317905 0.904795
1 0.313661 0.972433
1 0.31936 0.178726
2 0.323075 0.189252
2 0.32181 0.206456
2 0.323264 0.22095
2 0.323429 0.233167
2 0.324006 0.292667
2 0.323374 0.305125
2 0.324744 0.340866
2 0.319104 0.351861
2 0.323769 0.383134
2 0.320739 0.406836
2 0.323268 0.438515
2 0.322585 0.462338
1 0.321536 0.477597
2 0.321189 0.495266
1 0.319722 0.535724
2 0.320254 0.555304
0 0.323828 0.564309
2 0.32099 0.574569
1 0.319659 0.584631
2 0.321256 0.595564
2 0.319472 0.618658
2 0.320031 0.62848
2 0.323016 0.643946
2 0.31934 0.670501
2 0.320368 0.69244
2 0.324188 0.720119
2 0.323018 0.738207
1 0.324091 0.76504
1 0.324998 0.796773
2 0.319462 0.810897
1 0.320851 0.865713
1 0.323385 0.929785
0 0.325038 0.985325
1 0.328339 0.031533
1 0.325267 0.0793876
2 0.327876 0.102847
0 0.328283 0.152294
1 0.327976 0.246852
2 0.330994 0.26004
1 0.325631 0.26907
2 0.325387 0.278202
1 0.32763 0.319077
2 0.325829 0.328406
2 0.328164 0.349919
2 0.327789 0.361947
2 0.325155 0.399207
2 0.32689 0.412921
2 0.325604 0.429237
2 0.329751 0.451742
2 0.329893 0.465987
2 0.326036 0.486886
0 0.330166 0.510504
2 0.326298 0.523901
2 0.331191 0.536556
2 0.328542 0.544264
2 0.326713 0.608973
2 0.329833 0.620934
1 0.32527 0.634962
1 0.325981 0.659768
2 0.32587 0.682329
1 0.327135 0.700866
1 0.328305 0.729538
2 0.331205 0.817115
1 0.330679 0.827263
0 0.328037 0.848358
0 0.331167 0.886348
1 0.329425 0.998539
1 0.334749 0.12973
2 0.332632 0.141708
2 0.331766 0.178066
1 0.331541 0.202657
2 0.334387 0.217184
1 0.332062 0.227642
2 0.337084 0.241436
2 0.336418 0.272241
0 0.332054 0.289072
2 0.335955 0.298361
2 0.331941 0.310614
2 0.333344 0.333812
1 0.334911 0.345796
0 0.332593 0.379076
2 0.332971 0.389905
1 0.336878 0.399083
1 0.334242 0.419351
2 0.331862 0.439406
0 0.335364 0.456106
2 0.331871 0.474009
2 0.337337 0.496349
2 0.331645 0.50251
2 0.336744 0.513293
2 0.336981 0.555562
2 0.331986 0.577405
2 0.335962 0.603443
2 0.333911 0.641064
2 0.331783 0.67268
2 0.332204 0.689436
2 0.336938 0.697701
2 0.332489 0.712826
2 0.334033 0.755069
2 0.334694 0.770064
0 0.332056 0.780725
2 0.334328 0.78925
2 0.336973 0.805191
2 0.333635 0.838656
1 0.337128 0.908072
1 0.331407 0.950097
0 0.343343 0.0453156
0 0.342199 0.212695
2 0.341808 0.225856
2 0.338243 0.252464
2 0.337619 0.322593
2 0.341644 0.340763
2 0.339684 0.356148
2 0.341082 0.370009
2 0.338263 0.412558
2 0.34139 0.424339
2 0.340879 0.438399
2 0.339462 0.446425
1 0.340505 0.478157
2 0.343136 0.488166
2 0.342322 0.506572
2 0.342781 0.525711
2 0.339557 0.536272
2 0.342027 0.546381
2 0.3395 0.563253
2 0.34121 0.573446
2 0.337762 0.585679
1 0.338662 0.611783
2 0.339769 0.628673
2 0.340754 0.653538
2 0.342148 0.713231
2 0.340135 0.73759
2 0.342715 0.761059
2 0.34166 0.778206
2 0.34271 0.873385
1 0.34152 0.982727
1 0.347054 0.0639236
1 0.348165 0.0905409
2 0.34424 0.151933
2 0.345248 0.166101
1 0.343826 0.180361
2 0.346673 0.191093
2 0.347355 0.203107
2 0.348724 0.263719
2 0.347322 0.288074
2 0.346313 0.297695
2 0.347894 0.31109
2 0.345003 0.332311
2 0.347028 0.383953
2 0.347942 0.393996
2 0.345564 0.406226
1 0.348515 0.44803
2 0.345473 0.458459
2 0.344853 0.470144
2 0.34962 0.477939
2 0.347066 0.497151
1 0.346074 0.515341
2 0.347435 0.537256
2 0.348196 0.565386
1 0.346053 0.582157
2 0.343981 0.600462
2 0.345294 0.618422
2 0.345131 0.63534
2 0.348384 0.649406
2 0.343675 0.665296
2 0.347522 0.678134
1 0.346932 0.690564
2 0.349502 0.706925
0 0.344795 0.721929
1 0.346399 0.749414
2 0.348774 0.789291
1 0.347872 0.825403
1 0.344409 0.845753
2 0.345623 0.856772
1 0.348569 0.888303
1 0.347209 0.965175
1 0.351076 0.0202233
1 0.351946 0.114991
2 0.349835 0.129872
1 0.355255 0.159059
2 0.35377 0.23229
1 0.350101 0.248448
1 0.351492 0.273115
0 0.354797 0.322426
2 0.353613 0.336113
2 0.350026 0.357195
1 0.354503 0.365389
1 0.355394 0.395697
2 0.354178 0.409067
2 0.351936 0.426529
2 0.352206 0.439861
2 0.355721 0.450532
2 0.352943 0.513515
2 0.354448 0.52594
1 0.354449 0.544087
2 0.350062 0.550317
2 0.355223 0.560923
2 0.350632 0.575209
2 0.350303 0.594583
2 0.354306 0.604339
2 0.353578 0.6133
2 0.355249 0.627502
2 0.353647 0.639364
2 0.351398 0.658113
1 0.351367 0.669441
2 0.35323 0.72645
2 0.352323 0.755556
1 0.35185 0.768308
2 0.354292 0.813136
2 0.354364 0.843913
1 0.353432 0.869887
1 0.354567 0.92363
0 0.351307 0.93785
2 0.356805 0.180202
2 0.359724 0.196586
1 0.356584 0.21973
2 0.359742 0.244437
2 0.358429 0.254738
2 0.359173 0.286745
2 0.358178 0.306859
1 0.361037 0.343451
2 0.36049 0.351555
2 0.361624 0.371448
2 0.36022 0.383159
2 0.36006 0.42959
2 0.36149 0.442881
2 0.356788 0.464654
2 0.357865 0.47939
1 0.358187 0.48837
2 0.35774 0.502111
2 0.359532 0.532804
2 0.3605 0.552613
2 0.359814 0.568912
2 0.356081 0.581368
2 0.361676 0.614086
2 0.357697 0.65116
2 0.35665 0.692237
2 0.361511 0.72183
2 0.357029 0.738899
2 0.361025 0.762199
2 0.358791 0.776388
1 0.355987 0.801061
2 0.35875 0.828497
2 0.360399 0.883131
1 0.360635 0.9544
1 0.360219 0.998515
2 0.36392 0.108324
0 0.367421 0.185612
2 0.36463 0.216509
1 0.366823 0.232954
1 0.367692 0.264327
2 0.364536 0.276282
2 0.362226 0.298734
1 0.367374 0.309631
2 0.365448 0.317665
2 0.362563 0.33232
2 0.362518 0.396542
2 0.363221 0.406791
2 0.366094 0.416039
2 0.365163 0.435902
1 0.364228 0.45394
2 0.362974 0.473356
2 0.365987 0.503349
2 0.362141 0.510529
1 0.367099 0.517139
2 0.365161 0.539015
1 0.365043 0.562449
2 0.363323 0.585481
2 0.362952 0.594425
2 0.363655 0.602498
2 0.367874 0.630025
1 0.366423 0.652224
2 0.365174 0.661805
2 0.362 0.675885
2 0.362196 0.702088
2 0.367987 0.737613
1 0.364371 0.746529
2 0.367798 0.816719
0 0.365242 0.852885
1 0.363854 0.89759
1 0.362642 0.978102
1 0.37319 0.0333759
1 0.370334 0.0658068
1 0.370394 0.0927754
2 0.371839 0.124576
0 0.372321 0.139227
2 0.369257 0.151303
2 0.369376 0.165963
1 0.368238 0.20577
2 0.371456 0.247067
2 0.373478 0.25694
2 0.37343 0.270972
2 0.373607 0.321383
2 0.373579 0.336946
2 0.369698 0.344848
2 0.368383 0.357584
2 0.371403 0.375475
2 0.370341 0.402432
2 0.371408 0.426795
2 0.370984 0.457728
2 0.371098 0.468383
2 0.371551 0.479792
2 0.372943 0.490812
2 0.373994 0.512325
2 0.372218 0.522108
2 0.372604 0.530805
2 0.368255 0.550071
2 0.37367 0.569525
2 0.372199 0.595799
1 0.369755 0.612581
2 0.368848 0.638819
2 0.374164 0.654006
2 0.371164 0.670906
1 0.368805 0.680008
2 0.371537 0.688824
2 0.369161 0.714635
2 0.374137 0.762898
2 0.373552 0.780598
2 0.369551 0.790869
2 0.37209 0.84093
2 0.372288 0.861124
1 0.373569 0.881496
1 0.369102 0.917887
1 0.370916 0.935019
1 0.374717 0.00908274
1 0.379956 0.172762
2 0.378218 0.207085
0 0.375028 0.219895
2 0.379001 0.23011
2 0.376077 0.282606
1 0.376684 0.291541
2 0.378658 0.305533
1 0.374899 0.329001
1 0.376743 0.365769
2 0.375358 0.386153
2 0.374632 0.416616
1 0.376407 0.44174
2 0.377191 0.448928
2 0.377641 0.462387
2 0.379297 0.471011
2 0.375534 0.503274
2 0.377029 0.539556
2 0.375381 0.560355
1 0.374736 0.582251
2 0.379147 0.588003
2 0.378301 0.614493
2 0.375264 0.622765
0 0.375699 0.631692
2 0.374306 0.645716
2 0.374269 0.703061
2 0.377528 0.719142
1 0.378369 0.727197
1 0.37835 0.798577
0 0.377301 0.817059
2 0.377271 0.985942
2 0.3816 0.100962
2 0.384127 0.163335
2 0.3812 0.184103
2 0.385285 0.219333
2 0.383881 0.268475
2 0.385363 0.339308
1 0.384415 0.346849
2 0.384199 0.355037
2 0.385749 0.376852
2 0.380914 0.392684
2 0.386007 0.403579
0 0.380383 0.40784
2 0.385816 0.418083
2 0.381411 0.426947
2 0.384652 0.452825
1 0.381576 0.478974
2 0.384861 0.489696
2 0.382828 0.505501
2 0.383741 0.518835
2 0.385404 0.546268
2 0.383502 0.558053
2 0.384967 0.566279
2 0.38076 0.597301
2 0.38479 0.609056
2 0.38448 0.641023
2 0.382089 0.659611
2 0.383811 0.674414
2 0.383706 0.707142
2 0.385214 0.734013
2 0.380593 0.750214
0 0.380819 0.775797
2 0.380724 0.872651
0 0.380428 0.914029
1 0.383255 0.95165
1 0.38521 0.970416
0 0.389839 0.0349112
1 0.390818 0.0531207
0 0.387347 0.0872711
2 0.389367 0.11645
2 0.386944 0.138364
1 0.390431 0.152103
1 0.387704 0.191986
2 0.389436 0.201801
1 0.389347 0.228726
2 0.387939 0.241879
0 0.389717 0.253036
2 0.39027 0.282213
2 0.389814 0.291904
2 0.389307 0.303489
1 0.389588 0.31553
2 0.387553 0.323436
2 0.387387 0.363274
2 0.390555 0.384683
2 0.391086 0.397413
2 0.390977 0.424191
1 0.38935 0.430717
2 0.388058 0.443413
2 0.386548 0.460223
2 0.3878 0.471532
1 0.389653 0.496102
2 0.391454 0.507316
2 0.388647 0.526242
2 0.386896 0.536671
2 0.389659 0.57259
2 0.39137 0.581297
2 0.388506 0.593162
1 0.389238 0.601521
1 0.388734 0.620567
2 0.390699 0.628545
1 0.388616 0.649797
2 0.391186 0.667434
1 0.386536 0.690042
2 0.391286 0.700282
2 0.390838 0.722508
0 0.392313 0.741855
2 0.386717 0.768842
2 0.391426 0.779344
2 0.391747 0.791506
2 0.389001 0.813153
2 0.38895 0.827344
1 0.388672 0.840809
1 0.391803 0.903626
1 0.387407 0.929969
1 0.394884 0.0162082
2 0.398228 0.158503
2 0.39497 0.172747
1 0.396211 0.211726
2 0.398608 0.253892
2 0.397278 0.314804
2 0.39758 0.327608
2 0.395956 0.341624
1 0.397061 0.368642
2 0.393597 0.405257
2 0.395995 0.416321
2 0.39772 0.44133
1 0.397384 0.449741
2 0.394433 0.457521
2 0.395447 0.466659
2 0.394234 0.48814
2 0.394965 0.5222
0 0.395871 0.545338
2 0.394205 0.559924
2 0.397506 0.575145
2 0.395175 0.587787
2 0.395016 0.608126
2 0.398762 0.636661
2 0.392741 0.642585
2 0.394961 0.653396
2 0.393191 0.677111
2 0.396788 0.687123
2 0.397611 0.707571
2 0.395627 0.730536
1 0.396502 0.771757
2 0.393204 0.8563
0 0.395588 0.87959
1 0.394118 0.995569
1 0.40035 0.130175
2 0.401015 0.186134
2 0.402332 0.20181
2 0.400968 0.239236
1 0.403303 0.266135
2 0.39963 0.274912
2 0.398848 0.294949
2 0.404467 0.334056
2 0.39895 0.354226
2 0.403986 0.364066
2 0.399124 0.378206
2 0.402326 0.385608
1 0.401063 0.395049
2 0.401751 0.409916
2 0.399858 0.42306
2 0.404731 0.437497
2 0.402509 0.458002
0 0.399829 0.478924
2 0.403238 0.496054
2 0.399892 0.508227
2 0.402544 0.532427
2 0.403177 0.563323
0 0.404898 0.589503
2 0.403026 0.597732
0 0.400147 0.671142
2 0.403227 0.698123
2 0.401522 0.722472
2 0.404315 0.733559
2 0.400106 0.74637
2 0.40176 0.758219
2 0.40014 0.784363
1 0.402628 0.802491
2 0.399739 0.821986
2 0.402297 0.87091
1 0.399554 0.918028
0 0.398814 0.94255
1 0.402507 0.976837
1 0.407442 0.0711312
2 0.408331 0.0875632
1 0.410173 0.108273
2 0.405043 0.142835
0 0.410401 0.164258
2 0.407116 0.174949
2 0.406143 0.224946
1 0.408614 0.247391
2 0.410991 0.258185
1 0.407472 0.288987
2 0.409279 0.303793
2 0.407951 0.314823
1 0.408488 0.326381
2 0.407918 0.34987
0 0.410467 0.3581
2 0.410649 0.392906
2 0.409895 0.403843
2 0.409749 0.413841
1 0.405634 0.419452
2 0.404989 0.449649
2 0.407343 0.472503
2 0.407856 0.483227
2 0.41044 0.503217
1 0.406581 0.509723
2 0.407245 0.51759
2 0.409714 0.529243
2 0.405803 0.54711
2 0.408583 0.55597
2 0.407052 0.582281
2 0.405712 0.611721
2 0.406648 0.623705
2 0.405675 0.6314
1 0.407346 0.646166
2 0.407721 0.65683
2 0.406518 0.666486
2 0.409631 0.674507
2 0.405434 0.685423
2 0.405252 0.713827
2 0.410526 0.741014
2 0.41052 0.76348
2 0.407269 0.772488
2 0.410913 0.811454
1 0.409905 0.822899
2 0.405585 0.852096
1 0.409731 0.861724
1 0.405389 0.932622
1 0.414729 0.00311199
1 0.413406 0.0371602
2 0.412353 0.125595
0 0.411341 0.207421
2 0.416437 0.214607
2 0.416667 0.249553
2 0.411083 0.274382
2 0.415407 0.284918
2 0.416345 0.319433
2 0.412163 0.371276
2 0.412819 0.383216
2 0.412998 0.425006
2 0.414747 0.435574
2 0.413991 0.459758
1 0.416518 0.466969
2 0.413424 0.478068
2 0.414854 0.490178
2 0.4169 0.500079
2 0.416691 0.514954
2 0.413748 0.521401
2 0.415728 0.533092
1 0.414881 0.543037
2 0.416338 0.56034
1 0.411477 0.569319
2 0.412989 0.59642
1 0.417019 0.605175
1 0.416116 0.629722
2 0.414661 0.643669
2 0.415485 0.691387
2 0.412176 0.70157
1 0.413336 0.70918
2 0.416976 0.725538
1 0.413392 0.749346
1 0.412303 0.783408
2 0.411284 0.839403
1 0.414556 0.88307
1 0.413137 0.959598
0 0.416698 0.980311
1 0.42006 0.0551895
2 0.420763 0.143797
2 0.418122 0.185557
1 0.418125 0.223944
2 0.417841 0.235278
2 0.41964 0.296417
0 0.418594 0.306359
2 0.419858 0.346979
2 0.419063 0.360071
2 0.422448 0.368246
2 0.420963 0.381189
1 0.419114 0.389086
0 0.418276 0.404506
2 0.417279 0.413031
1 0.422777 0.424277
2 0.423163 0.433227
1 0.418413 0.44602
1 0.420259 0.486167
2 0.423041 0.504832
1 0.422025 0.523433
2 0.421861 0.537709
2 0.423278 0.565672
2 0.417251 0.57811
2 0.419886 0.587811
2 0.420666 0.616421
2 0.421041 0.657866
1 0.418911 0.667931
2 0.418352 0.679015
2 0.421077 0.707934
2 0.422449 0.716769
2 0.419596 0.760584
2 0.421976 0.770951
2 0.418141 0.792101
2 0.423071 0.816465
2 0.422519 0.827918
2 0.422501 0.853479
2 0.418586 0.866946
1 0.417622 0.899399
1 0.428322 0.0849182
2 0.425745 0.109067
1 0.42762 0.134315
2 0.428565 0.165609
1 0.426634 0.177143
1 0.424397 0.196692
2 0.426755 0.20528
2 0.428563 0.226493
0 0.427224 0.238755
1 0.426991 0.257791
1 0.426543 0.284927
2 0.425968 0.304107
2 0.423766 0.315317
2 0.424854 0.325952
2 0.426856 0.334507
1 0.428782 0.356875
2 0.425761 0.391492
2 0.425137 0.399493
2 0.427651 0.407177
2 0.429298 0.417469
2 0.428737 0.446296
2 0.423336 0.45445
2 0.4284 0.466839
2 0.428018 0.481449
2 0.425116 0.496485
2 0.428101 0.515185
2 0.428423 0.529666
2 0.426218 0.557487
2 0.429331 0.569819
2 0.426659 0.576868
2 0.427943 0.595762
2 0.426354 0.604374
2 0.425829 0.636057
2 0.42412 0.648707
1 0.429247 0.690964
2 0.425938 0.725873
2 0.426686 0.738272
2 0.428506 0.753835
2 0.423732 0.781833
1 0.42676 0.842453
2 0.425965 0.882033
1 0.425237 0.928755
2 0.433205 0.245594
2 0.431276 0.276762
2 0.432629 0.292661
1 0.432661 0.318163
2 0.431852 0.34188
2 0.431631 0.365323
2 0.435116 0.375714
2 0.430909 0.385555
2 0.433895 0.394061
2 0.429592 0.428938
2 0.431696 0.455315
2 0.434723 0.462299
2 0.430194 0.490298
2 0.43126 0.501366
2 0.435414 0.509483
2 0.431357 0.5229
2 0.430286 0.539121
2 0.431574 0.550179
1 0.43369 0.561534
1 0.432321 0.588155
2 0.435379 0.594797
2 0.433909 0.602197
2 0.431246 0.622627
2 0.433557 0.637253
0 0.433294 0.647585
2 0.432494 0.667982
2 0.432774 0.677843
2 0.430937 0.704505
2 0.435394 0.714809
1 0.433702 0.743008
0 0.430239 0.765205
1 0.430975 0.798056
2 0.430004 0.807873
2 0.432508 0.833975
2 0.435247 0.863792
1 0.430621 0.943938
1 0.433997 0.95996
1 0.430699 0.985354
1 0.435687 0.00554173
1 0.436826 0.0644432
2 0.441208 0.0843363
1 0.437452 0.114568
2 0.437106 0.127525
2 0.438845 0.141167
2 0.440487 0.238551
2 0.437797 0.253869
2 0.436125 0.268343
2 0.437812 0.302209
2 0.43739 0.332164
2 0.440365 0.345634
1 0.439461 0.384588
2 0.436477 0.406174
2 0.441534 0.418157
1 0.441025 0.42645
2 0.437601 0.437965
1 0.439141 0.445762
2 0.437914 0.472401
2 0.436939 0.479737
1 0.439382 0.493615
2 0.440345 0.500027
2 0.436941 0.517835
2 0.438138 0.533534
2 0.435841 0.576734
2 0.441174 0.586476
1 0.436441 0.609733
2 0.438883 0.626367
2 0.44023 0.644936
2 0.439214 0.655367
2 0.437472 0.687668
2 0.436286 0.729724
2 0.441132 0.772065
2 0.440505 0.805147
1 0.438458 0.818814
0 0.439456 0.882111
2 0.438165 0.897688
1 0.439557 0.919362
0 0.440045 0.932192
0 0.447147 0.0215339
1 0.441832 0.0395766
2 0.446741 0.0996462
2 0.442724 0.158112
2 0.441969 0.174892
2 0.441889 0.190894
1 0.444327 0.200288
2 0.44241 0.212808
1 0.441866 0.22517
2 0.443101 0.281343
2 0.442008 0.291001
2 0.446628 0.318997
2 0.442669 0.358858
2 0.441746 0.367113
2 0.443305 0.401136
2 0.443665 0.40891
2 0.447654 0.434374
2 0.442381 0.453433
2 0.444145 0.461174
2 0.446077 0.471705
2 0.442184 0.484628
2 0.446603 0.504983
2 0.444604 0.522511
0 0.447544 0.533203
2 0.443913 0.545351
2 0.445147 0.558254
2 0.444313 0.56583
2 0.443937 0.579706
2 0.442556 0.59991
2 0.446518 0.610278
2 0.447195 0.630689
2 0.446559 0.652022
2 0.445024 0.661065
2 0.441913 0.669742
2 0.4439 0.694181
2 0.442315 0.708814
0 0.44744 0.728281
2 0.445869 0.757492
2 0.442681 0.785425
2 0.447357 0.827949
2 0.444312 0.839003
2 0.453613 0.147438
1 0.453598 0.158347
2 0.453484 0.193837
2 0.450395 0.233073
1 0.450281 0.241596
2 0.452547 0.25845
2 0.451735 0.268726
0 0.451599 0.286925
2 0.450474 0.306922
0 0.450404 0.334123
2 0.449257 0.34311
2 0.448851 0.351861
1 0.452652 0.363395
2 0.448951 0.380834
2 0.451213 0.39228
0 0.453902 0.398679
2 0.449697 0.418361
2 0.451023 0.425673
2 0.452873 0.443308
2 0.453804 0.463158
1 0.453178 0.472803
2 0.448999 0.487996
2 0.449568 0.498421
2 0.450943 0.510531
2 0.453901 0.522112
2 0.451107 0.544932
2 0.453529 0.572293
2 0.45023 0.589243
2 0.448097 0.617785
2 0.449988 0.637776
1 0.449186 0.645115
1 0.45095 0.667145
2 0.450336 0.67905
2 0.450706 0.713062
2 0.450524 0.737198
2 0.448254 0.747934
2 0.453987 0.784022
1 0.451406 0.803068
0 0.449344 0.847272
2 0.449468 0.858458
1 0.451136 0.933071
1 0.452661 0.952791
1 0.448173 0.979489
1 0.459408 0.0495518
1 0.459558 0.0709794
1 0.458626 0.135071
2 0.458244 0.178742
2 0.454146 0.207913
2 0.457154 0.247433
2 0.457583 0.277995
1 0.459225 0.306907
2 0.457162 0.323196
2 0.459532 0.345576
2 0.459527 0.36166
2 0.457557 0.375296
2 0.458766 0.390848
2 0.45479 0.405932
1 0.459691 0.419081
2 0.457346 0.433993
2 0.455103 0.453249
2 0.459948 0.477901
2 0.456557 0.487056
2 0.456351 0.493822
2 0.456824 0.506994
2 0.456732 0.539068
2 0.455794 0.551075
2 0.456571 0.561253
2 0.456543 0.600153
1 0.457421 0.608191
2 0.458793 0.627647
2 0.454668 0.652052
2 0.460084 0.685747
0 0.454278 0.691666
2 0.454446 0.702372
2 0.458704 0.721153
2 0.458812 0.742421
2 0.457563 0.758159
2 0.454035 0.771128
2 0.457156 0.811616
1 0.456312 0.870251
1 0.454144 0.896336
2 0.4654 0.0846298
2 0.460222 0.116001
2 0.464112 0.163384
2 0.462262 0.218774
2 0.463024 0.235101
1 0.460841 0.265619
2 0.461688 0.315231
2 0.460679 0.335784
2 0.463889 0.382434
2 0.46047 0.412318
1 0.462152 0.441941
2 0.463418 0.450881
2 0.464454 0.457849
2 0.4639 0.46691
2 0.466022 0.497479
2 0.464913 0.51073
1 0.460472 0.518202
2 0.46247 0.525556
2 0.461111 0.544441
2 0.46528 0.57145
1 0.460275 0.584314
2 0.464717 0.590266
2 0.46424 0.610462
2 0.461225 0.618235
2 0.464515 0.638199
2 0.461321 0.647769
2 0.464427 0.65919
2 0.46112 0.673975
1 0.460193 0.711353
2 0.465225 0.801143
2 0.462056 0.831955
2 0.46214 0.84482
2 0.462778 0.861597
2 0.462488 0.887701
2 0.462965 0.911339
1 0.465589 0.966714
1 0.464842 0.999906
1 0.471545 0.0213788
2 0.469819 0.140321
2 0.469908 0.174759
1 0.472136 0.194366
2 0.466534 0.249531
2 0.468899 0.271104
1 0.467531 0.285493
2 0.470224 0.304007
2 0.470737 0.315567
1 0.467315 0.329453
2 0.466662 0.351656
1 0.467521 0.372659
2 0.471789 0.380603
2 0.467207 0.399345
2 0.468733 0.420434
2 0.469779 0.437411
2 0.469701 0.447572
0 0.471206 0.47544
2 0.469666 0.486717
2 0.470378 0.504156
2 0.469117 0.51997
2 0.466863 0.530763
2 0.467608 0.548145
2 0.468396 0.601665
2 0.469628 0.624047
1 0.467045 0.630886
2 0.469009 0.645126
1 0.470292 0.686839
2 0.467474 0.696511
2 0.47082 0.709992
2 0.467056 0.726126
1 0.470378 0.735665
2 0.469397 0.748485
1 0.4691 0.775813
2 0.466733 0.785691
2 0.467658 0.815784
1 0.472155 0.852362
2 0.466839 0.927635
0 0.474487 0.109532
2 0.472541 0.205039
0 0.476808 0.227662
1 0.475254 0.247138
2 0.475091 0.256479
2 0.47432 0.28062
2 0.473745 0.294785
2 0.476966 0.333221
2 0.473735 0.343124
2 0.478483 0.364769
1 0.47332 0.391231
2 0.475311 0.406735
2 0.476349 0.432041
2 0.47614 0.443968
1 0.476394 0.457774
2 0.474862 0.464415
2 0.478092 0.48526
2 0.475725 0.493144
2 0.475469 0.515325
1 0.473896 0.541116
2 0.472442 0.563225
2 0.474464 0.585895
2 0.473211 0.593809
0 0.475448 0.60145
2 0.473613 0.611596
2 0.477401 0.620367
2 0.47482 0.630766
1 0.477908 0.643886
0 0.473688 0.662133
2 0.473119 0.669978
2 0.472548 0.679175
2 0.477437 0.689833
2 0.473726 0.702195
2 0.47834 0.732155
1 0.474651 0.756949
0 0.478289 0.810311
2 0.475109 0.839101
2 0.476491 0.863597
1 0.474477 0.894541
1 0.47459 0.915984
1 0.47539 0.935815
2 0.473933 0.948041
0 0.474411 0.985823
1 0.479993 0.0511527
2 0.480107 0.0724232
1 0.481756 0.0876442
2 0.481123 0.122846
2 0.480755 0.15543
2 0.483882 0.181712
2 0.481969 0.215304
2 0.481949 0.239362
2 0.484288 0.262263
2 0.483979 0.272509
1 0.480428 0.301392
2 0.484451 0.336919
0 0.481861 0.373525
2 0.484364 0.393121
2 0.48093 0.412708
0 0.479848 0.42049
2 0.483421 0.426195
2 0.483748 0.44819
2 0.482824 0.48042
2 0.483159 0.48981
2 0.480293 0.521741
2 0.48277 0.527988
2 0.481236 0.537741
2 0.478818 0.555424
1 0.481534 0.563883
2 0.479199 0.570177
2 0.484482 0.594202
2 0.481426 0.613399
2 0.481753 0.626359
2 0.483173 0.635294
2 0.480273 0.651092
2 0.482901 0.665711
2 0.48239 0.677958
2 0.482289 0.701187
2 0.483547 0.714099
2 0.478841 0.741689
2 0.481314 0.777776
2 0.480439 0.794345
2 0.480274 0.823801
2 0.482624 0.880972
0 0.484587 0.923153
2 0.487744 0.102127
2 0.485023 0.195957
2 0.486201 0.227816
2 0.489319 0.247078
2 0.487999 0.286282
2 0.48702 0.295514
2 0.485745 0.313532
2 0.484821 0.327538
1 0.484671 0.352815
2 0.486798 0.366931
2 0.490666 0.383551
2 0.489168 0.407898
2 0.486429 0.417615
2 0.486108 0.438235
2 0.485723 0.460949
2 0.486504 0.473882
1 0.486622 0.496809
2 0.486097 0.504216
2 0.488259 0.52304
2 0.487969 0.534678
2 0.486455 0.547436
2 0.489223 0.559057
2 0.488322 0.574124
1 0.484886 0.583929
2 0.484809 0.601557
2 0.486996 0.643828
1 0.487504 0.659617
2 0.490593 0.676201
1 0.488199 0.683134
2 0.489303 0.690412
1 0.490285 0.708673
2 0.489572 0.720277
2 0.487574 0.739469
2 0.485887 0.749194
2 0.48612 0.761133
2 0.489166 0.787241
2 0.484815 0.854308
1 0.488547 0.870122
2 0.48754 0.900534
1 0.485882 0.959461
1 0.485255 0.999444
0 0.495846 0.0492545
1 0.494263 0.0685239
2 0.495126 0.137638
0 0.49239 0.169199
1 0.493999 0.203983
2 0.493846 0.237358
1 0.49135 0.257155
0 0.491553 0.275015
2 0.496275 0.295692
1 0.49591 0.318333
2 0.493052 0.333225
2 0.491997 0.354561
2 0.496594 0.37523
1 0.496082 0.392032
2 0.494502 0.399371
2 0.4956 0.417211
2 0.491894 0.428911
2 0.494637 0.441633
2 0.492851 0.45682
2 0.491414 0.484002
2 0.492385 0.490592
2 0.49546 0.510508
2 0.496203 0.519562
2 0.496849 0.528208
1 0.495133 0.538832
2 0.496063 0.562481
2 0.494877 0.589188
2 0.493445 0.599963
2 0.491259 0.6168
1 0.49235 0.623502
2 0.492714 0.63588
2 0.494155 0.661071
2 0.492383 0.728644
1 0.49463 0.777384
2 0.49458 0.800102
1 0.494436 0.825136
2 0.491069 0.835341
2 0.496013 0.877746
1 0.49104 0.978567
2 0.497948 0.120541
2 0.500822 0.182336
2 0.502086 0.194119
2 0.498138 0.214171
2 0.497064 0.224902
2 0.499046 0.245439
2 0.499048 0.26041
2 0.498963 0.286517
2 0.497278 0.307749
2 0.4983 0.325761
2 0.498475 0.341186
2 0.502062 0.348278
2 0.502176 0.357331
2 0.498818 0.367223
2 0.501432 0.387069
1 0.498436 0.410529
2 0.498999 0.423619
2 0.498816 0.431774
2 0.501952 0.458225
1 0.497035 0.462478
2 0.498241 0.473669
1 0.501597 0.481396
2 0.49894 0.493865
2 0.498708 0.504594
2 0.498212 0.546763
2 0.501062 0.557057
2 0.497513 0.57658
1 0.497182 0.605625
2 0.500741 0.617239
2 0.499938 0.624757
2 0.498152 0.681553
0 0.500113 0.69643
2 0.497162 0.71345
2 0.498252 0.739593
2 0.497109 0.753786
2 0.501098 0.770429
2 0.501028 0.790555
2 0.50061 0.810482
2 0.498756 0.845724
2 0.497405 0.857835
1 0.501759 0.890225
1 0.497588 0.923108
2 0.497885 0.940266
0 0.508179 0.00330932
1 0.503737 0.0270418
2 0.505431 0.080683
2 0.506335 0.108547
2 0.508389 0.132659
1 0.504748 0.144126
2 0.504087 0.163688
2 0.507948 0.240742
2 0.508556 0.2545
1 0.508742 0.264552
2 0.507193 0.280439
1 0.504708 0.295617
2 0.503402 0.315911
2 0.507907 0.329178
2 0.508825 0.362617
2 0.507274 0.372445
2 0.504685 0.398183
2 0.503515 0.41771
2 0.507999 0.424233
2 0.504418 0.446436
2 0.505382 0.488914
2 0.507874 0.504448
2 0.503801 0.514087
2 0.507518 0.532749
2 0.508627 0.556015
2 0.508438 0.566486
1 0.505971 0.573355
2 0.505707 0.597885
2 0.50726 0.610665
2 0.509187 0.623902
2 0.505541 0.636051
1 0.504266 0.643012
2 0.50352 0.65081
0 0.507069 0.659444
2 0.503185 0.665069
2 0.508252 0.687756
2 0.50579 0.707668
1 0.503819 0.722952
2 0.508839 0.73542
1 0.505032 0.751711
2 0.504074 0.827377
1 0.508981 0.843582
2 0.508932 0.881349
2 0.505232 0.910565
1 0.503522 0.965278
1 0.51405 0.0581539
1 0.512442 0.0976645
1 0.511954 0.190192
2 0.511775 0.207737
1 0.511743 0.221604
2 0.514582 0.285986
2 0.514234 0.302192
2 0.511626 0.312901
0 0.511737 0.340825
2 0.511355 0.352887
2 0.510691 0.386388
2 0.510424 0.409877
2 0.511247 0.417817
1 0.511368 0.437113
0 0.511631 0.454465
2 0.512561 0.464586
2 0.509495 0.473652
2 0.513511 0.479233
2 0.510324 0.497875
2 0.511593 0.514558
0 0.509541 0.524904
2 0.514821 0.563429
2 0.509801 0.579595
2 0.512301 0.593423
1 0.51491 0.629272
2 0.510906 0.64814
2 0.510422 0.668936
1 0.513656 0.681787
2 0.511047 0.701303
2 0.51308 0.723341
2 0.512515 0.746688
2 0.515081 0.758096
0 0.509426 0.768899
2 0.511017 0.779372
2 0.5107 0.862552
1 0.510937 0.951199
1 0.51394 0.982034
2 0.518089 0.119405
2 0.516105 0.160484
2 0.519964 0.179199
2 0.516205 0.229347
2 0.518234 0.248608
2 0.520211 0.274513
2 0.519111 0.323299
2 0.519244 0.348276
1 0.517698 0.365574
2 0.515601 0.373774
2 0.516104 0.398625
2 0.519754 0.410198
2 0.517696 0.429307
2 0.516146 0.446813
2 0.521402 0.460909
2 0.520983 0.467749
2 0.519724 0.487433
2 0.518201 0.498586
2 0.518926 0.516295
2 0.51961 0.527651
2 0.519841 0.540256
2 0.516137 0.549648
2 0.519686 0.569123
2 0.516543 0.576419
2 0.516798 0.586208
2 0.519426 0.597174
1 0.515483 0.60643
2 0.521286 0.611659
2 0.521059 0.643455
2 0.516536 0.694802
2 0.517132 0.709666
2 0.518596 0.772843
2 0.516652 0.803364
1 0.515596 0.813524
2 0.516544 0.82507
2 0.518459 0.839322
2 0.516391 0.898864
2 0.519012 0.920283
0 0.517169 0.939161
1 0.525601 0.0146762
1 0.524357 0.0390613
1 0.522574 0.0760432
2 0.527095 0.105912
2 0.522202 0.140567
1 0.523805 0.168232
2 0.524201 0.191277
2 0.524159 0.207019
2 0.523168 0.217435
2 0.522989 0.262409
1 0.524867 0.283162
2 0.52749 0.29052
2 0.524052 0.305339
1 0.523779 0.312731
2 0.52287 0.336036
2 0.523565 0.357712
2 0.526977 0.371133
2 0.525156 0.382103
1 0.522321 0.392799
0 0.523352 0.422937
2 0.523953 0.434655
1 0.527403 0.450279
2 0.524353 0.479548
2 0.523416 0.493093
1 0.525351 0.506614
2 0.525851 0.520668
2 0.527138 0.532034
1 0.524408 0.547565
2 0.526227 0.555805
2 0.523835 0.577702
2 0.526483 0.593277
2 0.524085 0.603595
2 0.526047 0.622139
2 0.521729 0.631182
2 0.521521 0.655599
2 0.523266 0.667118
2 0.522365 0.685538
1 0.527604 0.700841
2 0.52367 0.722392
1 0.521782 0.731036
2 0.526473 0.737917
2 0.521712 0.749015
2 0.525755 0.759039
2 0.522476 0.782834
2 0.526158 0.815015
2 0.527223 0.857164
0 0.522246 0.87769
1 0.525723 0.993823
2 0.531054 0.0889414
2 0.528174 0.15535
2 0.531621 0.223197
2 0.529493 0.239879
2 0.530043 0.274648
2 0.531642 0.316753
2 0.531724 0.345454
2 0.532526 0.377641
2 0.528838 0.390957
2 0.528705 0.399122
1 0.530052 0.408318
2 0.530131 0.418836
2 0.532875 0.44114
2 0.531409 0.460842
2 0.532274 0.467906
2 0.530743 0.494835
2 0.533337 0.502358
2 0.532133 0.510473
2 0.532322 0.536546
2 0.52923 0.56673
1 0.531922 0.574232
2 0.530013 0.6297
1 0.530433 0.64423
2 0.531696 0.656829
2 0.53155 0.710586
1 0.533472 0.746983
1 0.529735 0.767254
1 0.528718 0.791743
2 0.531982 0.844043
2 0.531712 0.890784
1 0.531659 0.954771
0 0.535744 0.0637343
0 0.536318 0.115653
2 0.534171 0.128589
2 0.535461 0.167789
2 0.538819 0.183325
0 0.535229 0.200573
0 0.53674 0.251552
2 0.534849 0.266654
2 0.536095 0.292612
2 0.538126 0.30499
1 0.534864 0.329212
1 0.536055 0.353901
2 0.537461 0.366794
2 0.538364 0.385151
2 0.535768 0.396147
2 0.535667 0.404226
2 0.537167 0.412811
2 0.53654 0.422694
1 0.536599 0.431755
2 0.539541 0.444786
2 0.535308 0.450691
2 0.538793 0.471811
0 0.535284 0.482547
2 0.539362 0.487565
2 0.539768 0.504492
2 0.534655 0.519296
2 0.534532 0.52899
1 0.539268 0.537271
2 0.537791 0.550045
2 0.539598 0.557365
2 0.536303 0.564254
2 0.537364 0.580708
2 0.538732 0.591667
2 0.534626 0.602393
2 0.534136 0.613886
2 0.53573 0.62323
2 0.536326 0.648935
2 0.537797 0.664681
0 0.539212 0.674666
2 0.535008 0.684898
1 0.539381 0.712083
2 0.536592 0.73918
2 0.533796 0.776718
2 0.536794 0.809169
2 0.534813 0.82375
1 0.538281 0.857689
2 0.534669 0.875207
1 0.537731 0.906032
1 0.534961 0.938681
1 0.535887 0.980254
1 0.545079 0.143154
2 0.541253 0.156033
2 0.544904 0.196645
2 0.540473 0.213137
1 0.540706 0.22296
2 0.543581 0.234043
2 0.543653 0.270011
2 0.542198 0.281523
2 0.543392 0.316711
2 0.541656 0.32588
2 0.545549 0.348759
2 0.545847 0.36427
2 0.544594 0.402514
2 0.545722 0.415066
2 0.545763 0.440554
2 0.540449 0.464342
2 0.545784 0.4766
2 0.541674 0.495474
2 0.544427 0.519527
2 0.542232 0.54304
2 0.545105 0.56254
2 0.542152 0.569526
2 0.542931 0.600432
2 0.54395 0.610317
1 0.540351 0.618638
2 0.541665 0.632792
2 0.54254 0.641617
2 0.542741 0.688804
2 0.542148 0.699874
2 0.541189 0.721899
1 0.540006 0.729614
2 0.541662 0.75395
2 0.540749 0.787736
2 0.540594 0.798012
2 0.542012 0.833353
1 0.54049 0.92243
0 0.539913 0.967647
1 0.552071 0.0169839
2 0.546962 0.0334603
1 0.547803 0.0510028
1 0.549116 0.0866062
2 0.549182 0.111601
2 0.55064 0.185548
2 0.550653 0.226275
2 0.548769 0.260956
1 0.551969 0.282378
2 0.548285 0.297618
2 0.550931 0.308336
2 0.546164 0.339864
2 0.551475 0.358615
0 0.546055 0.374456
2 0.550304 0.38844
2 0.549079 0.425072
2 0.546113 0.452164
2 0.548434 0.461072
1 0.547765 0.467882
2 0.547404 0.491264
2 0.547637 0.503521
0 0.551678 0.520011
2 0.547532 0.525935
2 0.547183 0.534707
2 0.549516 0.55219
1 0.551972 0.561795
2 0.548374 0.574557
2 0.548626 0.582243
0 0.54669 0.592453
2 0.547635 0.624359
2 0.551258 0.640531
2 0.546388 0.650782
2 0.546928 0.663278
2 0.548541 0.677325
1 0.549866 0.696838
2 0.548461 0.707134
2 0.548159 0.743175
0 0.550104 0.754034
2 0.54621 0.766973
2 0.548161 0.776773
1 0.54865 0.809744
2 0.551653 0.826383
2 0.549586 0.866353
2 0.550491 0.886956
2 0.548993 0.91211
1 0.547298 0.999874
2 0.555647 0.0678915
2 0.557047 0.162287
2 0.557647 0.175346
2 0.555224 0.214805
2 0.554798 0.246243
2 0.557621 0.274943
2 0.558063 0.302765
0 0.557929 0.319999
2 0.554644 0.332676
2 0.553152 0.375902
2 0.552289 0.395892
1 0.555503 0.402371
1 0.556356 0.419859
2 0.556488 0.432894
0 0.557632 0.439969
2 0.552705 0.448191
2 0.555806 0.474562
2 0.5552 0.489251
2 0.556974 0.501815
2 0.554195 0.511986
2 0.555658 0.528622
2 0.556942 0.535695
2 0.553046 0.541469
2 0.555466 0.548388
2 0.557765 0.558109
2 0.556403 0.585666
2 0.554727 0.596278
2 0.553329 0.631219
0 0.557643 0.647456
2 0.552775 0.657601
1 0.556125 0.675685
2 0.557205 0.723648
1 0.552483 0.786146
2 0.558232 0.793733
2 0.552811 0.852803
0 0.554292 0.897543
1 0.556749 0.931459
1 0.555144 0.976868
2 0.559486 0.0986615
2 0.558456 0.126584
2 0.561946 0.144796
1 0.561085 0.186938
2 0.562365 0.198314
2 0.562823 0.262131
2 0.560508 0.290552
2 0.55856 0.340671
2 0.561105 0.351613
2 0.560597 0.378058
2 0.55965 0.386546
2 0.562262 0.414615
2 0.56347 0.425875
2 0.558698 0.45964
2 0.561626 0.46599
2 0.56295 0.475883
2 0.562215 0.484232
2 0.564016 0.492296
1 0.563248 0.509823
2 0.558496 0.520918
2 0.56213 0.565883
2 0.560241 0.573394
2 0.558759 0.603995
2 0.56395 0.611206
1 0.559434 0.617021
2 0.560107 0.625242
2 0.560117 0.664672
2 0.562835 0.672894
2 0.559682 0.682286
2 0.563769 0.692248
0 0.561469 0.708938
2 0.559596 0.744217
2 0.560234 0.760298
2 0.562916 0.769435
2 0.56435 0.784516
2 0.563899 0.802308
2 0.560378 0.83584
1 0.559377 0.875143
1 0.566744 0.00663821
1 0.565744 0.0376351
1 0.569941 0.060687
2 0.569354 0.230063
1 0.566619 0.240612
2 0.567703 0.253925
1 0.569364 0.300798
2 0.566022 0.31719
2 0.569425 0.327444
1 0.568606 0.336492
2 0.568058 0.343918
1 0.56447 0.358202
2 0.567111 0.368087
1 0.569366 0.380022
2 0.566883 0.393638
2 0.569681 0.402515
2 0.569066 0.438406
2 0.56452 0.44541
1 0.565153 0.454634
2 0.569976 0.46157
2 0.568052 0.46968
1 0.569031 0.477809
2 0.57028 0.487979
2 0.570147 0.501687
2 0.567599 0.515372
2 0.565459 0.528011
2 0.566661 0.53545
2 0.56451 0.544966
0 0.564764 0.551728
1 0.568303 0.572844
2 0.567206 0.584004
2 0.565127 0.596747
2 0.565663 0.633595
2 0.568149 0.641119
1 0.568185 0.656915
2 0.568446 0.685185
2 0.567454 0.704383
2 0.565258 0.718296
2 0.5661 0.733641
1 0.568913 0.744675
2 0.570104 0.757006
0 0.566146 0.816252
1 0.564554 0.855394
2 0.570441 0.867853
2 0.567057 0.883354
1 0.564767 0.955119
0 0.570189 0.990487
2 0.574973 0.0942037
1 0.572969 0.132395
2 0.574606 0.149147
2 0.57339 0.174683
2 0.57153 0.188218
2 0.572009 0.205369
1 0.571307 0.218004
2 0.574164 0.271511
2 0.572033 0.286931
2 0.574312 0.313926
2 0.572371 0.353449
2 0.576017 0.368063
2 0.572136 0.386455
1 0.575071 0.396616
2 0.574285 0.413728
2 0.570928 0.422277
2 0.575959 0.433055
2 0.57598 0.443144
2 0.575376 0.455105
2 0.575151 0.472858
2 0.574552 0.516191
1 0.572985 0.528548
2 0.571904 0.549976
2 0.570595 0.560814
2 0.575847 0.572333
2 0.571318 0.591788
2 0.575614 0.602297
2 0.571875 0.619401
2 0.571615 0.6485
2 0.575127 0.673542
2 0.575837 0.70687
1 0.57373 0.722488
2 0.573892 0.768114
2 0.574249 0.796721
2 0.574717 0.822514
1 0.572841 0.908646
2 0.571354 0.922138
1 0.581673 0.024354
2 0.581469 0.119668
2 0.576942 0.162763
2 0.579778 0.19738
2 0.578142 0.235238
2 0.577233 0.256177
2 0.579732 0.29292
2 0.582215 0.306265
2 0.578286 0.326279
2 0.577735 0.359987
2 0.580025 0.389213
2 0.578777 0.406553
1 0.581294 0.418984
1 0.581644 0.453082
2 0.581892 0.45983
2 0.578856 0.466473
2 0.581449 0.477656
2 0.579492 0.486916
2 0.578927 0.495284
2 0.581491 0.503184
1 0.580288 0.512337
2 0.581322 0.534349
2 0.579175 0.541533
2 0.57811 0.581652
2 0.580683 0.589422
0 0.578046 0.610825
2 0.582585 0.622381
2 0.577462 0.628367
2 0.58 0.637449
2 0.580916 0.651442
2 0.579558 0.661332
2 0.576832 0.684958
1 0.577152 0.699776
2 0.578024 0.734311
1 0.577717 0.779185
2 0.581306 0.810396
2 0.57828 0.843134
0 0.580377 0.872345
2 0.580311 0.896707
1 0.582522 0.940488
1 0.584228 0.0450966
0 0.585013 0.0656565
1 0.584226 0.0817794
2 0.585683 0.172116
0 0.586632 0.188769
2 0.588713 0.204872
0 0.588019 0.235932
2 0.586364 0.247061
1 0.583881 0.268038
2 0.587462 0.277572
1 0.585473 0.315648
2 0.584133 0.33988
1 0.583084 0.348879
2 0.586008 0.363035
1 0.585524 0.373101
2 0.584467 0.380208
2 0.587153 0.3936
2 0.585446 0.411933
2 0.587842 0.428061
2 0.584124 0.434609
2 0.588279 0.446089
2 0.587714 0.488002
2 0.586118 0.494959
2 0.584256 0.517997
2 0.583807 0.525386
1 0.58554 0.548803
2 0.584237 0.555336
2 0.587981 0.565666
0 0.588298 0.572733
2 0.588732 0.586846
1 0.586138 0.598539
1 0.584322 0.644414
2 0.58746 0.671385
1 0.583866 0.682979
2 0.583137 0.692023
1 0.588363 0.713232
2 0.585788 0.727799
2 0.587927 0.737927
2 0.584971 0.747653
1 0.583587 0.7581
2 0.585812 0.787627
1 0.584581 0.821627
1 0.587348 0.851306
2 0.588363 0.864389
2 0.586067 0.910939
2 0.590985 0.101855
2 0.591751 0.137863
2 0.589171 0.222248
2 0.589904 0.261401
2 0.594482 0.270297
2 0.590292 0.300123
2 0.594255 0.322795
2 0.593045 0.33574
2 0.592597 0.355949
2 0.591912 0.369351
2 0.592258 0.40217
2 0.594862 0.42372
2 0.59223 0.456173
2 0.58957 0.466113
0 0.593576 0.478349
2 0.591561 0.506172
1 0.594201 0.529363
2 0.591027 0.543064
2 0.594793 0.570583
2 0.593463 0.580639
2 0.593185 0.596495
1 0.590795 0.622742
2 0.592727 0.632872
2 0.589873 0.653351
1 0.590148 0.664016
2 0.594952 0.685409
2 0.594437 0.708
2 0.590249 0.836634
1 0.591117 0.887264
1 0.590553 0.970479
2 0.597828 0.164535
2 0.598113 0.182489
2 0.595921 0.243473
2 0.600611 0.259227
1 0.598713 0.290518
2 0.597774 0.375599
2 0.595382 0.389023
2 0.595757 0.410762
0 0.600337 0.419473
2 0.595279 0.443366
2 0.598397 0.450356
2 0.59687 0.469678
1 0.598158 0.496995
2 0.596762 0.51895
2 0.600975 0.53286
2 0.598247 0.540523
2 0.596642 0.548669
1 0.597027 0.560834
2 0.599467 0.585621
2 0.598958 0.607474
2 0.595262 0.616025
2 0.599447 0.639536
2 0.599838 0.648832
2 0.600554 0.665761
2 0.596629 0.673197
2 0.597507 0.718753
2 0.595801 0.731687
2 0.596941 0.753744
2 0.595426 0.772059
1 0.599607 0.794703
2 0.595845 0.805256
2 0.601159 0.82443
2 0.597777 0.847099
2 0.597456 0.87654
2 0.599435 0.901851
0 0.595814 0.923834
1 0.601033 0.998237
1 0.604931 0.0459421
2 0.606046 0.0877404
1 0.604878 0.17366
2 0.605229 0.196914
2 0.60592 0.214013
2 0.607055 0.226644
2 0.606093 0.271457
2 0.601437 0.280572
2 0.601997 0.305513
1 0.605695 0.325223
2 0.606172 0.343347
2 0.603104 0.353737
2 0.602128 0.362054
0 0.603577 0.369852
2 0.602764 0.381711
2 0.606818 0.394546
1 0.602537 0.404706
2 0.602197 0.428953
2 0.606601 0.437437
1 0.603263 0.445094
2 0.602462 0.461509
2 0.606943 0.478229
2 0.603056 0.489772
2 0.607353 0.499344
2 0.60584 0.507629
2 0.606013 0.51981
2 0.605122 0.547333
2 0.60159 0.55433
2 0.604638 0.568922
2 0.60137 0.59502
1 0.606482 0.601515
2 0.605147 0.614095
2 0.604249 0.62251
2 0.606741 0.643435
1 0.606923 0.659057
0 0.604623 0.691914
1 0.606416 0.729114
2 0.603042 0.743831
2 0.606855 0.756653
2 0.602577 0.785716
1 0.607096 0.816803
2 0.606276 0.860551
1 0.605394 0.939018
0 0.608248 0.028105
0 0.607586 0.126309
2 0.609537 0.142746
2 0.609496 0.156487
2 0.61054 0.24465
2 0.611765 0.299814
2 0.612908 0.308874
2 0.609212 0.333
2 0.610545 0.361138
2 0.611327 0.402488
2 0.609993 0.414302
2 0.611373 0.445935
2 0.611246 0.459277
1 0.611759 0.466665
2 0.61295 0.485993
2 0.613078 0.494662
2 0.613366 0.506198
1 0.612341 0.516595
2 0.613261 0.53692
2 0.608151 0.562029
2 0.608834 0.590918
1 0.611667 0.623144
2 0.610352 0.631888
2 0.61332 0.668615
2 0.609541 0.683095
2 0.61241 0.691959
2 0.608652 0.700939
2 0.608366 0.70988
2 0.610582 0.767233
2 0.611734 0.802241
2 0.611085 0.844059
1 0.610797 0.883667
1 0.610768 0.976816
2 0.61716 0.0651798
1 0.619166 0.0954082
2 0.61505 0.185465
1 0.615835 0.198837
1 0.61437 0.232323
1 0.614122 0.254014
2 0.619458 0.271421
1 0.618865 0.280462
2 0.615741 0.318345
2 0.619246 0.334427
2 0.619252 0.345286
1 0.618293 0.355611
2 0.619375 0.363138
2 0.617768 0.371893
1 0.613701 0.385946
2 0.616901 0.39354
2 0.619235 0.405584
2 0.615116 0.435797
1 0.617312 0.451954
2 0.615323 0.478196
2 0.618847 0.511317
2 0.617157 0.521123
2 0.615761 0.529436
2 0.615035 0.546608
1 0.61453 0.556673
2 0.615496 0.57085
1 0.616812 0.581213
2 0.615118 0.605273
2 0.618914 0.647236
2 0.614361 0.655972
1 0.61837 0.675215
2 0.614273 0.717632
2 0.615844 0.733214
1 0.614574 0.748697
2 0.613672 0.787418
2 0.618769 0.833151
1 0.619618 0.913116
2 0.616297 0.925401
2 0.62105 0.110123
2 0.622156 0.129846
2 0.624367 0.177166
2 0.624789 0.213503
2 0.624118 0.2287
2 0.623875 0.25389
2 0.62378 0.287464
2 0.622111 0.308977
2 0.624681 0.318804
2 0.623973 0.377416
1 0.619966 0.416571
2 0.620723 0.430054
2 0.625627 0.439734
2 0.621293 0.467421
1 0.620447 0.492458
2 0.62375 0.530108
0 0.624365 0.537365
2 0.620592 0.564792
2 0.624193 0.57438
2 0.625223 0.583305
2 0.622785 0.594479
2 0.622506 0.613038
2 0.619974 0.628913
1 0.622 0.638641
2 0.624758 0.654588
2 0.62309 0.668478
2 0.624562 0.681978
2 0.619962 0.69966
2 0.623098 0.70987
2 0.625744 0.725641
2 0.625437 0.73678
2 0.622549 0.751968
2 0.619894 0.762119
0 0.619644 0.780155
2 0.624672 0.788281
2 0.62187 0.812073
2 0.623558 0.885398
2 0.622027 0.900443
1 0.621569 0.953272
1 0.624485 0.994552
1 0.625969 0.020286
1 0.629438 0.159019
2 0.628542 0.245065
2 0.628529 0.301676
2 0.628485 0.33838
2 0.631146 0.353604
2 0.629795 0.362296
2 0.630564 0.3856
2 0.626809 0.396269
2 0.627633 0.423657
2 0.627265 0.452714
1 0.628035 0.463491
2 0.626292 0.474916
2 0.629946 0.494578
2 0.626268 0.504543
2 0.627921 0.512077
2 0.631721 0.531348
2 0.630341 0.540848
2 0.631833 0.552401
1 0.630326 0.561436
2 0.630631 0.570122
2 0.630068 0.590905
0 0.626156 0.60665
2 0.631114 0.619998
2 0.631304 0.647271
2 0.628283 0.692842
2 0.631574 0.746998
2 0.631522 0.770915
2 0.628386 0.800255
1 0.63062 0.82938
1 0.626685 0.855575
2 0.627533 0.867122
0 0.63062 0.977014
1 0.632403 0.0462631
1 0.633265 0.0710846
2 0.632857 0.0879244
2 0.635436 0.140704
2 0.632595 0.195058
2 0.635234 0.207603
2 0.634864 0.228624
0 0.633892 0.265164
2 0.635341 0.289655
2 0.636087 0.31883
2 0.635352 0.32893
1 0.636133 0.343983
1 0.634114 0.370933
1 0.634235 0.396838
2 0.63262 0.407528
2 0.633853 0.418436
0 0.634788 0.435034
2 0.637588 0.448496
2 0.635751 0.46108
2 0.636695 0.471964
1 0.634799 0.480556
2 0.631971 0.487235
0 0.637224 0.503977
2 0.63582 0.511115
2 0.63223 0.523603
1 0.632831 0.579464
2 0.6343 0.607178
2 0.632024 0.629524
2 0.638001 0.641458
2 0.633148 0.660272
2 0.637408 0.673746
2 0.633632 0.683135
1 0.633481 0.702371
2 0.632386 0.713058
2 0.636912 0.724079
0 0.637845 0.740959
2 0.635328 0.786389
2 0.633714 0.817441
2 0.63733 0.850243
1 0.636635 0.896517
0 0.636047 0.936801
2 0.639808 0.119324
2 0.639097 0.172329
0 0.64004 0.18357
1 0.643607 0.217092
2 0.643768 0.264198
2 0.641854 0.278295
1 0.639403 0.304119
2 0.642631 0.375676
2 0.640998 0.388231
2 0.64201 0.397112
2 0.642954 0.405258
1 0.641175 0.41381
2 0.641801 0.42803
2 0.642451 0.441218
0 0.642201 0.465366
2 0.640583 0.491061
1 0.643445 0.522169
2 0.639914 0.531484
1 0.63873 0.541655
2 0.641858 0.554606
2 0.642724 0.562449
2 0.641732 0.576855
2 0.63845 0.595572
1 0.642092 0.603
2 0.641588 0.614954
1 0.639033 0.633672
2 0.641688 0.651265
1 0.641217 0.66475
2 0.643718 0.683446
2 0.640999 0.69752
2 0.64391 0.716977
2 0.641897 0.753672
2 0.64144 0.828245
1 0.640755 0.8711
1 0.647803 0.00766165
1 0.650036 0.109253
1 0.647259 0.134884
2 0.64936 0.155572
2 0.646436 0.229964
1 0.646772 0.239582
2 0.64526 0.311032
2 0.645206 0.334542
2 0.648288 0.349667
2 0.646083 0.362423
2 0.648221 0.415008
1 0.645469 0.447601
2 0.648269 0.454149
2 0.645816 0.478296
2 0.646765 0.496206
2 0.645751 0.50757
2 0.645665 0.515562
2 0.646247 0.543973
2 0.649935 0.550961
2 0.64455 0.586204
2 0.649202 0.609584
2 0.644743 0.626445
2 0.64449 0.731184
1 0.648196 0.765414
2 0.644312 0.777693
2 0.648777 0.804774
2 0.646046 0.817144
0 0.645807 0.840681
2 0.649897 0.912016
1 0.64805 0.948707
1 0.647244 0.969423
1 0.653728 0.0432954
1 0.651207 0.0857451
2 0.65186 0.170317
2 0.655279 0.185243
2 0.653009 0.255224
2 0.652067 0.280567
2 0.650725 0.291022
2 0.652745 0.316161
1 0.650669 0.327742
2 0.653605 0.337549
2 0.655274 0.367286
0 0.654105 0.374976
2 0.650888 0.383656
1 0.651844 0.393295
2 0.651987 0.405789
2 0.650862 0.425582
1 0.654636 0.431958
2 0.651342 0.442874
2 0.652935 0.46622
2 0.656081 0.476467
2 0.652985 0.486211
2 0.653444 0.526845
1 0.652655 0.569876
2 0.654674 0.585479
2 0.655753 0.594496
2 0.653432 0.602347
2 0.655188 0.622683
2 0.65361 0.644571
2 0.651584 0.654175
2 0.650548 0.663077
2 0.655039 0.677619
1 0.652434 0.686585
2 0.654523 0.708062
1 0.650782 0.723691
2 0.654754 0.732399
2 0.655405 0.748676
2 0.652455 0.872687
2 0.652657 0.891781
1 0.654124 0.92594
1 0.655867 0.987561
2 0.66188 0.0743767
2 0.657082 0.127012
2 0.657063 0.199973
2 0.658424 0.26668
1 0.660748 0.275686
2 0.661732 0.309338
2 0.660338 0.330869
2 0.659883 0.391862
2 0.659145 0.415706
2 0.66085 0.451534
1 0.659345 0.458803
2 0.660059 0.499614
2 0.662446 0.511697
2 0.656955 0.519205
2 0.659458 0.532362
1 0.656551 0.544422
2 0.659461 0.55262
2 0.660663 0.561962
2 0.659562 0.578851
2 0.656548 0.633898
2 0.657022 0.66885
2 0.659535 0.694293
2 0.658616 0.716982
1 0.657613 0.798791
2 0.660591 0.810814
2 0.658204 0.825453
2 0.659964 0.859894
1 0.660499 0.882386
0 0.666653 0.108803
1 0.665187 0.155963
2 0.66422 0.212676
1 0.666403 0.222115
2 0.662652 0.23777
0 0.66426 0.29915
1 0.663248 0.351266
2 0.663032 0.373985
2 0.665554 0.399817
2 0.664894 0.43449
2 0.666649 0.443608
2 0.66528 0.46295
1 0.664532 0.480217
2 0.667599 0.503403
2 0.664848 0.541541
2 0.668517 0.554311
0 0.668398 0.580253
2 0.663811 0.59544
2 0.665441 0.608293
2 0.664154 0.61659
1 0.664534 0.630054
2 0.666312 0.642669
1 0.66508 0.657762
2 0.667112 0.681739
2 0.662956 0.737607
2 0.666811 0.76013
0 0.668188 0.771739
2 0.663294 0.779984
2 0.666458 0.792287
1 0.667932 0.842781
0 0.665851 0.90284
1 0.673881 0.025752
1 0.669789 0.059749
1 0.67221 0.176627
2 0.674137 0.188561
1 0.670522 0.198177
2 0.670368 0.252358
2 0.670904 0.265858
2 0.670853 0.278486
2 0.669551 0.328198
2 0.671673 0.339271
2 0.671299 0.366253
2 0.673044 0.389865
1 0.671237 0.405366
2 0.673106 0.419107
1 0.669677 0.429412
2 0.673316 0.436459
2 0.673431 0.451994
2 0.67267 0.474457
2 0.669273 0.488152
1 0.674296 0.495574
1 0.669399 0.511425
0 0.669579 0.526803
2 0.674497 0.531901
2 0.673144 0.54106
2 0.671174 0.568377
2 0.672515 0.58692
1 0.669633 0.600729
2 0.669179 0.670528
2 0.674705 0.701668
1 0.671265 0.711358
1 0.668922 0.745142
1 0.674126 0.82352
2 0.671152 0.891811
1 0.669308 0.949167
1 0.676119 0.119062
2 0.676065 0.162477
2 0.67717 0.234352
2 0.67866 0.245781
0 0.679772 0.255214
2 0.677206 0.287696
2 0.67759 0.301093
2 0.675869 0.313135
2 0.680311 0.334185
2 0.676469 0.353886
2 0.675539 0.375783
2 0.679136 0.427101
2 0.678382 0.461663
2 0.67812 0.507129
2 0.678874 0.524551
2 0.677291 0.549015
2 0.67906 0.563007
2 0.67782 0.574765
2 0.676348 0.594437
2 0.677703 0.611155
2 0.676024 0.62713
2 0.677058 0.64543
2 0.675081 0.66388
1 0.677993 0.688077
2 0.675751 0.725374
2 0.676417 0.750276
2 0.679744 0.779653
2 0.674971 0.80869
2 0.677749 0.833145
2 0.675713 0.854671
1 0.679602 0.925091
0 0.678477 0.971069
1 0.675439 0.987731
2 0.684684 0.0466162
1 0.682483 0.0907414
1 0.686928 0.159167
2 0.681119 0.210798
2 0.684851 0.221822
2 0.681605 0.27163
2 0.682101 0.321534
0 0.68334 0.344014
1 0.681834 0.364298
2 0.68704 0.376658
2 0.682882 0.403867
2 0.682128 0.41542
2 0.683006 0.440499
1 0.683702 0.44882
1 0.683514 0.468506
2 0.684737 0.48736
2 0.681518 0.495801
2 0.68445 0.513943
2 0.686688 0.52235
2 0.683374 0.531949
1 0.686128 0.540856
1 0.683832 0.585175
2 0.683062 0.602716
2 0.682776 0.653827
2 0.68316 0.672524
2 0.686485 0.688775
2 0.682848 0.717572
2 0.681638 0.761895
2 0.681008 0.793938
2 0.686598 0.804403
1 0.68493 0.864881
2 0.68534 0.879922
1 0.692917 0.113335
0 0.689749 0.137227
2 0.689491 0.179509
1 0.690641 0.234146
2 0.692145 0.247898
2 0.689052 0.26289
2 0.692252 0.301869
2 0.690634 0.33204
2 0.68788 0.352316
2 0.691251 0.36868
0 0.687249 0.386314
0 0.692274 0.425967
2 0.69269 0.436439
2 0.690949 0.450885
2 0.689497 0.461524
2 0.69017 0.471701
1 0.690068 0.49644
2 0.689704 0.503902
2 0.692175 0.532178
2 0.687587 0.551911
2 0.691594 0.560431
2 0.693185 0.575173
2 0.687912 0.592967
2 0.691666 0.628156
2 0.691164 0.639772
2 0.692129 0.66262
2 0.691629 0.677835
2 0.688627 0.700279
2 0.688646 0.726146
2 0.688635 0.742901
1 0.688591 0.773845
2 0.688479 0.824395
1 0.688358 0.89996
1 0.691037 0.949602
1 0.692068 0.995867
1 0.696538 0.0201013
1 0.698491 0.0569134
1 0.695988 0.0775402
2 0.699161 0.149997
2 0.695748 0.19279
2 0.69438 0.207474
2 0.699101 0.276665
1 0.694574 0.288164
2 0.69343 0.32067
2 0.699121 0.380121
2 0.696672 0.397209
1 0.693968 0.407953
2 0.697969 0.417664
2 0.698446 0.475686
2 0.69603 0.486061
1 0.695739 0.519506
2 0.693686 0.541693
2 0.695947 0.551794
2 0.695734 0.589321
2 0.697231 0.602629
0 0.696552 0.615099
2 0.697233 0.649731
2 0.69697 0.689321
2 0.699054 0.702337
2 0.695062 0.763768
2 0.697975 0.778018
2 0.698691 0.791462
0 0.697414 0.802304
0 0.696132 0.846703
2 0.698429 0.8576
1 0.698265 0.91744
2 0.701403 0.165882
2 0.701731 0.236764
2 0.703724 0.300537
1 0.699904 0.313887
2 0.700448 0.342879
1 0.703055 0.35423
2 0.702333 0.362515
1 0.704182 0.388811
2 0.705496 0.411736
2 0.700159 0.442999
2 0.699403 0.452053
2 0.701985 0.461169
0 0.703845 0.492766
2 0.69989 0.506816
2 0.705024 0.545301
1 0.704726 0.567964
1 0.703161 0.596056
2 0.702227 0.626795
2 0.70192 0.658944
1 0.701027 0.668893
2 0.701401 0.71203
0 0.700391 0.721961
2 0.704442 0.733474
1 0.700223 0.820839
2 0.704473 0.839245
1 0.700054 0.875564
0 0.703624 0.892561
1 0.701938 0.933865
1 0.704498 0.983692
1 0.711275 0.13646
1 0.708843 0.156618
1 0.706092 0.188697
0 0.705541 0.212668
2 0.710182 0.225821
2 0.705849 0.260161
2 0.709567 0.272679
2 0.70668 0.288293
2 0.710528 0.327646
2 0.710328 0.337618
2 0.707276 0.372617
2 0.706743 0.4027
2 0.707828 0.425297
2 0.70651 0.43433
2 0.708544 0.446283
0 0.709421 0.463201
2 0.70637 0.46988
2 0.705549 0.480872
2 0.706913 0.511911
2 0.705637 0.520721
1 0.708418 0.538393
2 0.708714 0.580752
2 0.709233 0.606258
2 0.706631 0.616189
1 0.706244 0.640856
2 0.71012 0.665492
2 0.706215 0.679045
2 0.710125 0.693817
2 0.710226 0.707117
2 0.710412 0.723456
2 0.706004 0.748235
2 0.709415 0.765261
2 0.709502 0.77712
2 0.710824 0.791931
2 0.70653 0.808165
2 0.709572 0.825686
1 0.711352 0.948742
1 0.713117 0.00473224
1 0.716388 0.0286562
1 0.715761 0.0842895
0 0.711701 0.107859
2 0.716999 0.195496
2 0.712095 0.309705
2 0.716859 0.346368
2 0.713735 0.364688
2 0.713118 0.38046
2 0.712347 0.390918
2 0.716896 0.400184
1 0.714486 0.409691
1 0.711799 0.439448
2 0.716872 0.463069
2 0.717037 0.472909
2 0.715352 0.494851
1 0.714411 0.508004
2 0.715059 0.528698
2 0.717684 0.538345
2 0.711924 0.550756
2 0.712294 0.570336
2 0.715587 0.593539
2 0.715764 0.613555
2 0.714252 0.629056
2 0.715492 0.647049
2 0.715536 0.67429
1 0.716876 0.68549
2 0.717085 0.752459
1 0.716419 0.842831
1 0.715664 0.893077
1 0.714797 0.914552
1 0.713875 0.969598
0 0.7204 0.166068
2 0.723454 0.1817
2 0.71781 0.213826
2 0.719785 0.236683
2 0.717825 0.251885
1 0.719517 0.262102
2 0.719136 0.288036
2 0.72006 0.30148
1 0.720667 0.322053
2 0.723241 0.36845
2 0.7221 0.388809
2 0.720397 0.438926
2 0.719599 0.454165
2 0.722201 0.488402
0 0.722557 0.526199
2 0.72279 0.55087
2 0.723252 0.565295
2 0.722374 0.578985
2 0.719734 0.603267
1 0.720838 0.621046
2 0.71873 0.714346
1 0.719896 0.73438
1 0.720301 0.788349
2 0.718991 0.803924
1 0.720994 0.819788
2 0.71898 0.858603
1 0.719329 0.8705
0 0.721033 0.932903
1 0.729831 0.0678135
1 0.724727 0.101304
1 0.728705 0.128991
2 0.72542 0.225303
2 0.72795 0.257567
0 0.72839 0.277195
2 0.728833 0.318482
2 0.725954 0.331236
2 0.726902 0.354287
2 0.724178 0.407769
2 0.728106 0.419896
2 0.728593 0.42952
1 0.727837 0.445726
1 0.725738 0.479009
2 0.727075 0.497504
2 0.724031 0.506852
2 0.724206 0.517226
1 0.726835 0.543663
2 0.728374 0.592691
2 0.725347 0.63248
2 0.725882 0.659588
2 0.72623 0.670789
2 0.726622 0.688065
2 0.724659 0.699296
2 0.7258 0.726604
2 0.728241 0.740499
1 0.725392 0.758058
2 0.729048 0.772421
0 0.726549 0.991556
1 0.734467 0.050462
2 0.731184 0.194457
1 0.732088 0.217378
0 0.734666 0.239305
2 0.736023 0.268018
2 0.731904 0.288817
2 0.733535 0.301685
1 0.732488 0.338062
1 0.731119 0.361463
2 0.730743 0.380385
2 0.733503 0.396402
2 0.734119 0.439557
2 0.734609 0.457747
2 0.731496 0.466784
2 0.732082 0.489278
2 0.734515 0.512733
2 0.734561 0.535589
2 0.733115 0.566728
1 0.735655 0.587422
2 0.731214 0.611264
2 0.732336 0.651815
1 0.733667 0.714027
2 0.73506 0.752214
2 0.731308 0.786113
2 0.730693 0.813833
0 0.732059 0.830159
2 0.733576 0.841974
1 0.735932 0.869307
1 0.732129 0.909298
1 0.73185 0.952943
1 0.737443 0.00926797
1 0.741673 0.0865034
1 0.739762 0.150479
1 0.739409 0.170038
2 0.739706 0.225455
1 0.741783 0.259733
2 0.73886 0.279831
2 0.738991 0.330803
2 0.742025 0.345434
2 0.739826 0.355454
2 0.740014 0.370579
1 0.740187 0.386066
0 0.740179 0.403382
2 0.739399 0.413253
1 0.737105 0.431531
2 0.740062 0.484617
1 0.737191 0.498477
1 0.739574 0.528915
2 0.739326 0.55878
2 0.737513 0.575452
2 0.738049 0.600582
2 0.739178 0.621449
0 0.737065 0.670319
2 0.737674 0.682474
2 0.739162 0.705493
2 0.738326 0.726439
2 0.741853 0.740569
1 0.739134 0.775959
2 0.73997 0.855737
2 0.737469 0.893108
1 0.737303 0.938003
1 0.738123 0.980188
0 0.747501 0.0313376
1 0.745918 0.109506
1 0.746654 0.135188
1 0.743275 0.18968
1 0.742476 0.307079
2 0.747878 0.322245
2 0.746994 0.421541
2 0.742517 0.442848
2 0.743952 0.455673
1 0.747804 0.465264
2 0.745545 0.472788
2 0.748439 0.515994
0 0.748069 0.561384
2 0.747399 0.574481
0 0.74532 0.606439
2 0.742635 0.632779
2 0.746654 0.642689
1 0.744109 0.651312
2 0.747853 0.661847
2 0.744169 0.691147
2 0.742345 0.793935
1 0.744712 0.813295
2 0.744099 0.828069
1 0.745309 0.924922
1 0.744064 0.963941
0 0.752156 0.182638
1 0.748725 0.207536
2 0.749941 0.253834
2 0.751333 0.276003
2 0.750459 0.300019
2 0.751439 0.335533
2 0.75168 0.351057
0 0.754322 0.436865
2 0.752218 0.445478
2 0.754418 0.482773
2 0.752531 0.535069
2 0.749979 0.544236
2 0.752536 0.595671
2 0.749707 0.619763
1 0.751584 0.628837
2 0.754265 0.678536
2 0.753821 0.711268
0 0.751937 0.739837
2 0.750146 0.750403
2 0.752694 0.763294
1 0.752457 0.798025
1 0.749061 0.881157
1 0.752163 0.941499
1 0.759859 0.0154124
1 0.757454 0.0752156
0 0.757534 0.128644
2 0.757237 0.219591
2 0.754792 0.237471
1 0.760421 0.294934
2 0.75477 0.311453
0 0.757283 0.321248
1 0.759919 0.35443
2 0.756904 0.364074
1 0.758212 0.376154
2 0.754806 0.391406
2 0.756063 0.404479
2 0.758088 0.418232
2 0.758123 0.42946
1 0.758758 0.450282
2 0.757898 0.458151
2 0.756283 0.49309
0 0.755798 0.504462
2 0.758786 0.512025
2 0.757244 0.610549
2 0.7577 0.647578
1 0.755198 0.692918
2 0.75792 0.727842
2 0.760195 0.785257
2 0.758115 0.813683
1 0.75516 0.849218
1 0.755551 0.866096
1 0.758416 0.900236
2 0.757444 0.95762
1 0.758561 0.980472
1 0.763285 0.0390121
1 0.763865 0.0928222
1 0.764292 0.116799
1 0.76575 0.146106
1 0.764318 0.1894
1 0.763559 0.245157
2 0.765021 0.259023
1 0.761105 0.269759
2 0.765161 0.279003
2 0.762352 0.335814
1 0.763556 0.400928
2 0.766123 0.409818
2 0.761542 0.44125
0 0.762572 0.470039
2 0.764144 0.485289
2 0.764105 0.499855
2 0.765732 0.519568
2 0.763739 0.547519
2 0.763068 0.559772
2 0.762261 0.576361
2 0.761813 0.62346
1 0.765171 0.6729
2 0.766545 0.688171
2 0.764182 0.69955
2 0.764319 0.716687
1 0.765576 0.765279
1 0.761026 0.831175
1 0.763841 0.915085
1 0.766345 0.934187
0 0.770559 0.0647028
1 0.767352 0.169676
2 0.767903 0.202715
2 0.76772 0.230772
2 0.770612 0.293046
2 0.767796 0.313293
2 0.770128 0.354608
2 0.767362 0.369163
2 0.771748 0.381727
2 0.770407 0.452047
2 0.771099 0.476398
2 0.772807 0.504334
1 0.767858 0.533275
2 0.772942 0.550537
2 0.767101 0.588137
2 0.76827 0.60686
2 0.768346 0.635855
2 0.768925 0.658518
2 0.769387 0.747315
0 0.766991 0.805712
2 0.772287 0.82388
0 0.76725 0.870179
1 0.767511 0.884757
1 0.772981 0.962296
1 0.778917 0.123697
1 0.776685 0.224996
2 0.775657 0.242991
0 0.775771 0.259
1 0.778633 0.318942
2 0.777718 0.3316
2 0.774735 0.343781
1 0.778998 0.376455
2 0.777592 0.39784
2 0.77404 0.428055
1 0.777452 0.438398
2 0.775592 0.463939
1 0.778525 0.472052
2 0.775662 0.518074
2 0.775597 0.567251
2 0.776025 0.62114
2 0.777905 0.651768
2 0.773953 0.668991
2 0.778477 0.682039
1 0.775761 0.727488
2 0.778523 0.763564
1 0.773919 0.791271
2 0.778816 0.804683
1 0.774151 0.85116
1 0.776185 0.984975
1 0.782991 0.076807
1 0.783209 0.107356
1 0.783958 0.140176
0 0.783093 0.174585
1 0.782545 0.188328
0 0.779935 0.208153
2 0.779544 0.270972
1 0.782763 0.288109
2 0.784514 0.310208
2 0.780857 0.366411
2 0.780233 0.408477
1 0.782918 0.419597
2 0.784477 0.431085
2 0.783239 0.453775
2 0.78146 0.480803
2 0.780651 0.490967
1 0.782049 0.509716
2 0.780904 0.529396
2 0.781513 0.544732
2 0.782129 0.556499
2 0.783734 0.575716
2 0.783738 0.589205
2 0.780345 0.602601
2 0.779435 0.632731
1 0.781003 0.694278
2 0.780384 0.715647
2 0.78277 0.779198
0 0.785038 0.838958
1 0.783225 0.874648
0 0.78124 0.899757
0 0.78753 0.00160502
1 0.790096 0.0269402
1 0.78792 0.0436977
2 0.789803 0.0944277
1 0.788782 0.156746
2 0.790698 0.231102
1 0.786915 0.242027
2 0.788025 0.323628
2 0.785923 0.33927
1 0.785978 0.349806
1 0.789108 0.389831
2 0.791306 0.409682
2 0.787007 0.471157
2 0.789747 0.51773
2 0.785816 0.617332
1 0.785805 0.640541
2 0.785837 0.671585
2 0.787561 0.704181
2 0.790902 0.726678
0 0.789603 0.751266
1 0.787709 0.811541
1 0.790582 0.827718
1 0.786683 0.918782
1 0.787678 0.935425
1 0.786989 0.953547
1 0.787379 0.970719
1 0.794055 0.0649892
0 0.791912 0.129209
2 0.791933 0.197777
2 0.793088 0.263309
0 0.795275 0.373506
2 0.794312 0.422619
2 0.795305 0.444948
2 0.793836 0.498205
2 0.794388 0.550656
2 0.794713 0.560981
1 0.795641 0.576005
1 0.793095 0.604839
2 0.79687 0.629977
2 0.79186 0.656179
2 0.791413 0.688521
2 0.793135 0.739361
2 0.795204 0.763667
1 0.792841 0.788466
1 0.797301 0.856448
1 0.801762 0.181216
1 0.803216 0.211213
2 0.799587 0.279556
0 0.798968 0.293473
2 0.801609 0.30716
2 0.803632 0.320811
1 0.799568 0.338796
2 0.801242 0.354936
2 0.798218 0.38215
2 0.803272 0.40901
1 0.799767 0.435635
0 0.799744 0.459298
1 0.797902 0.478492
2 0.798254 0.511949
1 0.79897 0.528004
2 0.800953 0.538818
1 0.800603 0.662183
1 0.801706 0.726848
2 0.801997 0.777312
0 0.801852 0.7944
1 0.805694 0.0116096
1 0.803795 0.0384936
0 0.805093 0.0524831
1 0.804403 0.0825939
1 0.804422 0.116287
1 0.808818 0.160706
1 0.80933 0.230319
2 0.804089 0.246338
1 0.809245 0.272134
2 0.809542 0.336156
2 0.804848 0.371004
1 0.805041 0.389857
2 0.80514 0.423493
2 0.80963 0.438123
2 0.80847 0.458517
2 0.809584 0.472244
2 0.808287 0.500289
2 0.809575 0.51165
2 0.80551 0.58653
2 0.808122 0.621205
2 0.808926 0.633036
2 0.80599 0.646364
2 0.807265 0.675492
2 0.804134 0.687247
0 0.807024 0.707413
2 0.804979 0.747726
1 0.808824 0.769079
1 0.80561 0.81214
0 0.80398 0.867509
1 0.806306 0.88849
1 0.804118 0.923407
0 0.807068 0.95557
1 0.80772 0.970873
1 0.806725 0.990972
1 0.814164 0.139136
0 0.813441 0.255603
2 0.813799 0.311643
2 0.814587 0.356346
1 0.814722 0.370746
2 0.811887 0.382058
2 0.814332 0.396725
1 0.812851 0.406316
1 0.813622 0.448958
2 0.815427 0.488682
2 0.811421 0.522406
2 0.812576 0.534701
2 0.81227 0.548838
2 0.810076 0.559195
2 0.809855 0.57181
2 0.811087 0.602299
2 0.815773 0.663822
2 0.815712 0.735354
1 0.81407 0.790402
1 0.813794 0.827794
1 0.812721 0.856899
1 0.811931 0.908541
1 0.81124 0.938503
1 0.821242 0.000359368
1 0.819574 0.0248079
1 0.821798 0.0481036
1 0.820993 0.105539
1 0.816432 0.18911
2 0.819901 0.206084
2 0.820077 0.224109
2 0.819882 0.283838
2 0.818374 0.414645
1 0.817632 0.43184
2 0.819629 0.457424
2 0.821874 0.479114
2 0.820883 0.562899
2 0.818714 0.593913
2 0.816439 0.612795
2 0.821418 0.630383
0 0.82079 0.641578
2 0.819358 0.679314
1 0.818932 0.692456
2 0.819361 0.703987
1 0.818523 0.720906
2 0.816203 0.758006
1 0.827446 0.0655515
1 0.826338 0.0832666
0 0.824757 0.129055
1 0.823017 0.319109
0 0.822443 0.3481
2 0.825483 0.377472
0 0.823374 0.396479
2 0.827318 0.429384
2 0.823082 0.440427
1 0.825164 0.468136
2 0.824143 0.501959
2 0.822744 0.513577
0 0.82547 0.531323
2 0.824629 0.55028
2 0.822254 0.581731
1 0.822787 0.74765
1 0.82441 0.774972
1 0.824695 0.810385
1 0.823008 0.844274
1 0.824357 0.929005
1 0.825384 0.95854
1 0.832208 0.147241
1 0.828594 0.172171
1 0.832779 0.201805
1 0.829278 0.241202
2 0.829279 0.25599
1 0.828416 0.300572
2 0.830753 0.311164
2 0.834143 0.327788
1 0.832048 0.365557
2 0.833623 0.399194
2 0.830366 0.413313
2 0.831812 0.485541
1 0.832749 0.509484
1 0.82971 0.603637
2 0.828982 0.614531
2 0.831782 0.665228
1 0.833774 0.70742
2 0.830303 0.723287
2 0.832736 0.743605
2 0.832943 0.762289
1 0.833838 0.790108
0 0.830251 0.83412
1 0.828392 0.871186
0 0.832183 0.885182
1 0.82975 0.911115
1 0.832586 0.986864
1 0.838343 0.0469407
1 0.835552 0.274586
2 0.834658 0.342887
2 0.839315 0.376223
1 0.83614 0.425532
2 0.835297 0.439157
1 0.840287 0.456119
2 0.836655 0.469325
2 0.836112 0.497813
2 0.840475 0.535758
2 0.835003 0.54598
2 0.836248 0.568738
2 0.836509 0.589491
2 0.839699 0.624878
2 0.837942 0.642401
1 0.836646 0.655418
2 0.836992 0.692398
0 0.837824 0.733922
0 0.844516 0.0303754
1 0.846386 0.0925776
1 0.843405 0.115845
0 0.843404 0.21669
1 0.845932 0.251842
1 0.843181 0.289787
0 0.843138 0.312916
2 0.845821 0.391372
1 0.843491 0.404677
2 0.842288 0.417689
2 0.843142 0.488077
2 0.841949 0.516781
1 0.843289 0.551936
2 0.844576 0.610909
2 0.845845 0.71275
0 0.842513 0.803547
1 0.843373 0.81568
1 0.840551 0.850422
1 0.844001 0.876148
1 0.8463 0.894358
1 0.846049 0.913707
1 0.844776 0.958342
1 0.848936 0.0123101
1 0.851329 0.140211
1 0.848015 0.192048
1 0.851975 0.272412
1 0.849094 0.344017
2 0.851419 0.359053
1 0.849791 0.382297
2 0.847137 0.447317
1 0.849103 0.475336
2 0.850215 0.525579
2 0.847968 0.561335
2 0.846985 0.573896
2 0.851677 0.650221
2 0.846863 0.663691
0 0.850912 0.676809
2 0.851159 0.696526
1 0.848584 0.744314
0 0.850339 0.765368
1 0.852716 0.78316
1 0.849858 0.839236
1 0.853877 0.0532408
0 0.852878 0.0698089
0 0.857137 0.162956
1 0.855703 0.230219
2 0.858569 0.31505
1 0.857399 0.328766
2 0.852934 0.404696
0 0.853073 0.427413
2 0.856914 0.43939
2 0.858758 0.452277
2 0.857312 0.468306
2 0.857643 0.481183
1 0.854483 0.509609
2 0.856439 0.537062
1 0.853884 0.589526
2 0.853032 0.60133
1 0.853623 0.722881
2 0.855795 0.734573
1 0.85845 0.808358
1 0.856944 0.852046
1 0.853949 0.934441
1 0.856137 0.991171
1 0.863039 0.023388
0 0.860834 0.116885
1 0.864588 0.188694
1 0.863452 0.210857
0 0.861297 0.252465
2 0.862887 0.283584
1 0.859116 0.301662
2 0.863066 0.341162
0 0.861583 0.353564
2 0.86096 0.386259
1 0.861631 0.398664
1 0.863093 0.491894
1 0.864323 0.529162
0 0.862058 0.557734
2 0.862244 0.572775
1 0.86013 0.611416
2 0.859695 0.632986
2 0.862119 0.668963
1 0.863166 0.692117
1 0.861206 0.876427
1 0.861405 0.904792
1 0.862805 0.965121
1 0.866572 0.0806772
1 0.865654 0.103099
1 0.867039 0.152514
1 0.867864 0.369531
1 0.866636 0.419629
0 0.870696 0.455335
2 0.871121 0.467208
2 0.870087 0.501481
2 0.865289 0.518396
2 0.86847 0.591732
2 0.869174 0.619065
1 0.86647 0.658208
1 0.870332 0.709906
1 0.870777 0.736064
1 0.870255 0.778823
1 0.867681 0.826836
1 0.871035 0.888962
0 0.865124 0.948527
1 0.874149 0.00596836
1 0.876999 0.0349236
1 0.871506 0.128207
1 0.872693 0.264204
2 0.87447 0.300786
1 0.872085 0.31378
1 0.874348 0.339705
2 0.87231 0.354751
2 0.873254 0.395977
1 0.877144 0.405753
2 0.871876 0.435567
2 0.872519 0.485795
1 0.876994 0.510026
1 0.877122 0.547555
1 0.877134 0.581645
2 0.877169 0.641766
2 0.877148 0.686171
2 0.871616 0.753302
1 0.873705 0.811056
2 0.871353 0.859748
1 0.874493 0.915931
1 0.877937 0.0646797
1 0.879159 0.171726
1 0.882156 0.192604
1 0.883315 0.215828
1 0.88074 0.238919
2 0.877369 0.324235
1 0.879709 0.387172
2 0.879794 0.41977
2 0.883283 0.447321
1 0.878776 0.475769
0 0.881519 0.492764
2 0.877449 0.530451
2 0.879981 0.570983
2 0.882756 0.600842
1 0.881792 0.617528
1 0.882061 0.671858
0 0.882754 0.705402
2 0.883053 0.727883
1 0.879846 0.796137
1 0.883187 0.839498
0 0.882215 0.898057
2 0.880696 0.989386
0 0.883859 0.0795466
1 0.887099 0.10806
1 0.8846 0.138171
0 0.889343 0.152618
1 0.887226 0.290654
2 0.884259 0.367371
1 0.88595 0.436818
2 0.886632 0.465762
1 0.889348 0.808803
0 0.884 0.822805
1 0.886336 0.876035
1 0.886007 0.936166
1 0.886934 0.970076
1 0.891016 0.0522176
1 0.892941 0.0919593
0 0.894826 0.228506
1 0.889925 0.310397
1 0.891503 0.337762
1 0.895352 0.366688
0 0.891362 0.398704
1 0.894907 0.411826
2 0.894525 0.424823
2 0.895051 0.485405
2 0.891454 0.506743
2 0.894996 0.552928
1 0.890209 0.566149
2 0.891599 0.581927
1 0.894721 0.593024
2 0.895495 0.611336
1 0.895062 0.646001
0 0.890984 0.657916
1 0.895694 0.701219
1 0.892855 0.749349
1 0.889991 0.768988
1 0.891846 0.86215
1 0.893205 0.917645
1 0.896028 0.0033124
0 0.899298 0.0306657
1 0.896172 0.0705694
1 0.899786 0.130524
1 0.897776 0.172444
1 0.898523 0.242483
1 0.899112 0.260085
2 0.901661 0.31311
2 0.896215 0.349363
1 0.897391 0.449029
2 0.901095 0.521266
1 0.898232 0.542288
2 0.89596 0.629847
2 0.898023 0.678022
1 0.901606 0.721243
0 0.90164 0.774205
1 0.895822 0.789492
1 0.897268 0.825194
1 0.900377 0.846116
1 0.90102 0.899935
0 0.902847 0.11668
1 0.906277 0.144928
0 0.907284 0.271375
1 0.903786 0.286767
0 0.906553 0.332304
1 0.902387 0.382247
1 0.904328 0.430273
2 0.904924 0.46287
2 0.901921 0.569777
0 0.903045 0.734606
1 0.906795 0.883624
0 0.901856 0.931674
1 0.904449 0.952566
1 0.907428 0.984366
1 0.91075 0.0844855
1 0.912461 0.160634
1 0.910755 0.189967
1 0.912656 0.20687
2 0.911626 0.365909
2 0.908996 0.413501
0 0.910052 0.445407
1 0.908666 0.480834
2 0.912234 0.496639
2 0.913666 0.643184
1 0.912685 0.6673
1 0.909052 0.690809
1 0.908271 0.749286
1 0.913371 0.786323
1 0.908105 0.80097
1 0.911777 0.863685
1 0.917287 0.00722107
1 0.916767 0.0578235
1 0.91794 0.237448
1 0.914662 0.311209
1 0.916231 0.353378
1 0.917786 0.403039
1 0.914884 0.526773
2 0.920058 0.538975
1 0.918726 0.55966
2 0.919518 0.5988
0 0.919212 0.619001
1 0.915151 0.763514
0 0.919417 0.81224
0 0.919395 0.968316
1 0.922537 0.0335583
1 0.921313 0.0992224
1 0.92381 0.128082
0 0.924354 0.14222
1 0.925167 0.181907
2 0.925544 0.199059
1 0.926088 0.222156
1 0.921998 0.263947
1 0.922068 0.333174
2 0.923725 0.381739
1 0.92492 0.418819
0 0.921464 0.504275
1 0.923082 0.585707
1 0.922527 0.704891
1 0.920412 0.73025
1 0.925222 0.747501
1 0.924476 0.828465
0 0.925839 0.848903
1 0.920626 0.893937
1 0.920763 0.918993
1 0.928853 0.0732486
1 0.932039 0.284053
0 0.926891 0.302329
1 0.927717 0.367807
0 0.932203 0.403323
1 0.927779 0.457583
2 0.929553 0.522107
2 0.930123 0.569757
1 0.926839 0.652358
1 0.928462 0.77712
1 0.930101 0.803815
1 0.926488 0.877702
1 0.931466 0.934912
1 0.931816 0.987911
1 0.936119 0.10695
1 0.933716 0.154517
1 0.937484 0.23544
1 0.937277 0.344299
2 0.937843 0.423305
2 0.933691 0.469187
2 0.938203 0.494097
1 0.937696 0.541584
1 0.933678 0.761949
1 0.937921 0.819394
1 0.93762 0.960132
1 0.941662 0.092022
1 0.941996 0.13569
1 0.943716 0.188757
1 0.943968 0.208001
1 0.943049 0.321524
2 0.940103 0.448117
0 0.941026 0.588181
1 0.941262 0.607536
2 0.942099 0.6239
1 0.941072 0.638803
0 0.940716 0.680493
1 0.943306 0.709642
1 0.939755 0.726643
0 0.94004 0.742307
1 0.942955 0.789674
1 0.941602 0.849818
1 0.939051 0.866597
1 0.947749 0.0537427
2 0.949238 0.0789644
0 0.946215 0.116864
0 0.948846 0.164508
1 0.945897 0.261976
0 0.949973 0.276834
1 0.947033 0.387545
1 0.948654 0.407239
1 0.946969 0.478861
1 0.949107 0.522151
1 0.945485 0.571202
1 0.950167 0.657075
1 0.948302 0.886204
0 0.945959 0.902472
1 0.946339 0.920894
1 0.950709 0.994123
0 0.953666 0.220643
1 0.953852 0.301818
0 0.955107 0.358891
1 0.953755 0.444748
1 0.953386 0.498267
0 0.955269 0.540252
1 0.956746 0.595125
1 0.953485 0.756011
1 0.956417 0.838023
0 0.95725 0.0238878
1 0.958133 0.105911
1 0.957623 0.147313
1 0.962355 0.176949
1 0.961956 0.241572
1 0.959953 0.343571
0 0.963152 0.479064
1 0.958377 0.616616
1 0.959841 0.722875
1 0.958102 0.781573
1 0.961647 0.808683
1 0.9629 0.908271
1 0.959441 0.945134
1 0.962651 0.974259
1 0.963475 0.0676008
1 0.96471 0.0861749
1 0.967588 0.133815
1 0.967151 0.207062
1 0.967265 0.275461
1 0.967591 0.327231
1 0.965681 0.415549
1 0.964234 0.463444
1 0.964564 0.572092
0 0.963403 0.643214
1 0.965341 0.682648
1 0.96362 0.855874
1 0.963443 0.875849
1 0.970915 0.0058552
1 0.970577 0.160962
1 0.972532 0.22401
1 0.970746 0.295288
1 0.971729 0.361751
1 0.971805 0.390095
0 0.970725 0.440543
1 0.97226 0.503718
1 0.972866 0.705858
1 0.973636 0.754914
1 0.975034 0.798005
1 0.97236 0.932188
1 0.979683 0.0298634
1 0.979593 0.147157
0 0.9808 0.254531
1 0.979127 0.453386
1 0.978003 0.52718
1 0.981332 0.593561
1 0.975777 0.832314
2 0.981589 0.847763
1 0.979869 0.867785
0 0.978015 0.885034
0 0.97978 0.962516
1 0.982063 0.0590254
0 0.985187 0.111547
1 0.984841 0.281414
0 0.987287 0.404168
1 0.983349 0.427954
1 0.98499 0.475584
1 0.986713 0.57242
1 0.982449 0.672011
1 0.986457 0.734133
1 0.985791 0.76905
1 0.985213 0.81776
1 0.990746 0.0768983
1 0.988196 0.095661
0 0.99082 0.172238
1 0.990447 0.202404
1 0.990564 0.303366
1 0.992421 0.321652
0 0.992027 0.34051
1 0.989822 0.372224
1 0.987945 0.55178
1 0.987767 0.63283
1 0.993233 0.832942
1 0.989633 0.899313
1 0.992666 0.92147
1 0.993555 0.951578
1 0.987899 0.985404
1 0.995629 0.00962697
1 0.995639 0.133282
1 0.999631 0.228698
1 0.995919 0.458632
1 0.994197 0.498772
1 0.995127 0.517375
1 0.999259 0.611567
2 0.995756 0.714478
0 0.999188 0.780805
1 0.99909 0.804869
1 0.999706 0.860003
1 0.99995 0.884992
