1 0.00387236 0.00391338
0 0.00477981 0.064656
1 0.00162446 0.185292
1 0.00393098 0.2301
1 0.00569575 0.303667
0 0.00227051 0.330326
1 0.000929694 0.54201
1 0.00381688 0.570384
1 0.000552722 0.605775
1 0.00425199 0.642541
0 0.00610509 0.677384
1 0.00209583 0.735537
0 0.00486928 0.755666
1 0.00609158 0.781425
1 0.00495028 0.969529
1 0.0106301 0.0962261
1 0.0103858 0.359273
1 0.00956133 0.414559
1 0.00660992 0.44036
1 0.00727942 0.79985
1 0.00790081 0.855753
0 0.00986554 0.874574
1 0.00899511 0.901667
1 0.0154789 0.021664
1 0.014877 0.0492534
0 0.0130508 0.119963
1 0.017455 0.137755
1 0.0156453 0.248623
1 0.0151112 0.275845
0 0.0130668 0.485965
1 0.016788 0.526713
1 0.0132207 0.594899
1 0.0174674 0.624801
0 0.0136983 0.836628
1 0.0135847 0.918128
0 0.0124581 0.949236
1 0.0223778 0.199432
0 0.0233552 0.401782
1 0.0219699 0.465124
1 0.0194044 0.503652
1 0.0235293 0.544717
1 0.0234142 0.575713
1 0.0215028 0.692223
1 0.0244146 0.72185
1 0.0221173 0.742356
1 0.0223532 0.765885
1 0.0227072 0.81751
1 0.0202823 0.935217
1 0.0240348 0.962818
1 0.0243468 0.981181
0 0.0257747 0.231748
0 0.0278238 0.293663
1 0.0272241 0.348328
1 0.0295265 0.384563
1 0.0266453 0.66914
1 0.0252452 0.792185
1 0.0285463 0.844976
1 0.0267844 0.870855
1 0.0262506 0.899629
0 0.0264009 0.998793
1 0.0316136 0.0874418
1 0.0315977 0.159407
1 0.0359246 0.324101
0 0.0355632 0.448147
0 0.0319187 0.522281
1 0.0347377 0.598208
1 0.0342372 0.620947
1 0.0322861 0.646466
1 0.0363049 0.706844
1 0.0426164 0.000390049
1 0.0403835 0.0165317
1 0.0426818 0.0351492
1 0.0388819 0.13214
1 0.0372555 0.425926
1 0.037426 0.481452
1 0.0392668 0.501339
1 0.0397034 0.762059
1 0.0392397 0.803435
0 0.0418435 0.895419
1 0.0393319 0.919356
0 0.0418597 0.9356
1 0.0453923 0.0612764
1 0.0443531 0.106296
1 0.0440649 0.210023
1 0.0451377 0.258836
2 0.0445556 0.36203
2 0.049063 0.530822
1 0.0449804 0.556529
0 0.0473093 0.603027
1 0.0469328 0.687116
0 0.0478903 0.783278
1 0.0447477 0.868487
0 0.0543898 0.0803926
0 0.0549536 0.186952
1 0.0499933 0.278827
1 0.0510304 0.306502
1 0.0495503 0.38804
2 0.0542769 0.465275
1 0.0521948 0.57223
1 0.052819 0.616447
1 0.0536964 0.736076
0 0.0510333 0.824455
1 0.0548654 0.98509
1 0.0599894 0.0371094
1 0.0577029 0.243576
1 0.0565582 0.343587
1 0.0582491 0.418504
1 0.0555388 0.447324
1 0.0605781 0.485922
2 0.0564513 0.507641
0 0.0610384 0.63504
1 0.0569496 0.663197
0 0.0584936 0.706475
1 0.060649 0.763714
1 0.0565524 0.944834
1 0.0597295 0.963466
1 0.0616441 0.00709713
1 0.0668755 0.0654164
1 0.0636284 0.115525
1 0.0643134 0.147399
2 0.0616493 0.433888
1 0.0634009 0.802398
1 0.0631137 0.842499
0 0.0663094 0.860154
1 0.0629027 0.890915
1 0.0644013 0.921318
1 0.069688 0.0221056
1 0.0705897 0.0927858
1 0.0729358 0.298102
1 0.072198 0.324732
1 0.0703245 0.36596
1 0.068296 0.519457
1 0.0701642 0.542472
1 0.0694667 0.575991
1 0.070052 0.598386
1 0.0706941 0.727617
0 0.0698885 0.751587
1 0.0698988 0.819377
1 0.0771694 0.0358525
1 0.0776843 0.218603
0 0.0796713 0.276795
1 0.0770151 0.388376
2 0.074523 0.413675
1 0.0776561 0.434997
2 0.0760384 0.478814
2 0.0760006 0.507418
2 0.0782562 0.528523
0 0.0782457 0.558459
1 0.0763733 0.637476
1 0.0759035 0.685515
1 0.077332 0.709955
1 0.0760528 0.778962
1 0.0774572 0.948588
0 0.0814521 0.120711
1 0.0799448 0.190579
1 0.0828515 0.252329
1 0.0855289 0.462389
1 0.0811989 0.4949
0 0.0816254 0.604256
1 0.0849408 0.616589
1 0.082297 0.664854
1 0.0830531 0.843904
1 0.0827439 0.868609
1 0.0847008 0.974325
2 0.0884063 0.00161332
1 0.0915436 0.0610197
1 0.0878013 0.0814037
2 0.089514 0.444213
0 0.0870243 0.514103
2 0.0878801 0.577441
1 0.0863662 0.743125
0 0.0881138 0.811714
0 0.0902735 0.933808
1 0.0935944 0.0172165
0 0.0959101 0.0386749
1 0.0979425 0.11002
1 0.0930874 0.147723
2 0.096893 0.2061
1 0.0923393 0.311577
0 0.0921545 0.340027
2 0.0929127 0.39507
0 0.0944444 0.425646
2 0.0963914 0.477376
2 0.098038 0.492999
2 0.0961777 0.523527
2 0.0923628 0.546956
1 0.0977094 0.583982
1 0.0956144 0.633726
2 0.094211 0.70086
2 0.0940257 0.765243
2 0.0962423 0.888757
1 0.101667 0.00461684
1 0.100318 0.17393
1 0.102648 0.445166
2 0.101947 0.458551
1 0.10354 0.554306
2 0.103875 0.593829
1 0.103506 0.607704
2 0.102043 0.620321
2 0.0988551 0.658935
1 0.0990573 0.679378
1 0.0983144 0.792888
1 0.104126 0.866163
1 0.0993678 0.91291
1 0.109249 0.0458135
1 0.105217 0.0869175
1 0.10636 0.228471
2 0.104576 0.354663
1 0.107686 0.371955
1 0.109605 0.41139
0 0.107354 0.471908
2 0.108763 0.540023
2 0.108509 0.725439
1 0.104529 0.739131
1 0.107468 0.811712
1 0.108835 0.839701
1 0.109854 0.936411
1 0.113269 0.0189208
1 0.116518 0.0649764
1 0.110474 0.277578
2 0.11117 0.320012
2 0.11473 0.399199
2 0.112931 0.482948
2 0.113355 0.500939
2 0.112218 0.523374
2 0.115035 0.575728
0 0.114661 0.634051
1 0.11539 0.652581
2 0.116017 0.666583
2 0.111554 0.68582
0 0.110469 0.702092
1 0.11064 0.778913
1 0.11142 0.968938
0 0.11744 0.00433182
1 0.117971 0.100665
1 0.117477 0.198015
2 0.122421 0.354279
2 0.122677 0.432919
2 0.118872 0.447905
2 0.11715 0.462714
1 0.121813 0.53078
2 0.12051 0.561111
1 0.121165 0.593856
0 0.118718 0.751603
1 0.118692 0.885401
1 0.127812 0.0135108
1 0.126243 0.0307662
1 0.128009 0.0519552
1 0.128676 0.0766989
1 0.123792 0.129988
2 0.124531 0.372701
1 0.128178 0.390182
2 0.127487 0.407635
1 0.127166 0.492579
2 0.128783 0.509963
2 0.125805 0.609944
2 0.126969 0.680667
1 0.124097 0.720448
0 0.128789 0.831129
0 0.132821 0.0999184
0 0.132627 0.165743
1 0.132537 0.219095
1 0.129121 0.325626
2 0.132487 0.447204
2 0.130699 0.470259
2 0.132811 0.535802
2 0.130004 0.549919
0 0.130699 0.57561
2 0.131586 0.589111
2 0.130777 0.625425
2 0.133226 0.642626
1 0.129231 0.696149
0 0.134135 0.788758
1 0.131426 0.811466
1 0.13454 0.866952
0 0.134219 0.918337
0 0.140958 0.0378729
1 0.140611 0.113136
0 0.140247 0.287974
2 0.13677 0.306632
2 0.140716 0.338493
1 0.135545 0.356034
2 0.139557 0.391086
1 0.136938 0.416257
2 0.139136 0.501113
1 0.140024 0.55521
1 0.137337 0.611499
1 0.139137 0.659521
2 0.135436 0.712005
2 0.137786 0.731679
1 0.138464 0.755185
1 0.140905 0.775555
1 0.140192 0.844692
1 0.139278 0.891058
1 0.138605 0.994209
1 0.143394 0.0197457
1 0.141126 0.257666
2 0.141631 0.370282
2 0.141657 0.438469
1 0.144682 0.452562
2 0.141981 0.478917
1 0.142928 0.515241
2 0.141695 0.525188
2 0.146459 0.567575
2 0.146119 0.600893
2 0.142766 0.692583
1 0.151277 0.0531982
1 0.147609 0.0761121
1 0.148474 0.0974699
1 0.150782 0.140843
1 0.14889 0.177565
1 0.153319 0.215341
0 0.151356 0.231338
2 0.153273 0.357747
1 0.151614 0.397942
2 0.149493 0.413518
2 0.152697 0.470193
0 0.148359 0.490337
2 0.148788 0.540353
2 0.152698 0.579249
2 0.148561 0.619112
2 0.15213 0.658352
1 0.151469 0.795912
1 0.150849 0.948236
1 0.148469 0.969579
1 0.158074 0.11802
2 0.155957 0.315251
2 0.1583 0.338438
2 0.158704 0.381604
2 0.159323 0.405379
0 0.153423 0.425692
2 0.158551 0.442604
2 0.157059 0.503803
2 0.153638 0.517357
2 0.158848 0.612247
2 0.155226 0.63317
0 0.155563 0.645039
1 0.157189 0.674913
2 0.155296 0.71145
2 0.155684 0.738766
2 0.153919 0.767664
1 0.156982 0.817078
1 0.155993 0.856664
0 0.159698 0.00618551
1 0.16444 0.0219331
1 0.162352 0.193403
2 0.16482 0.291851
1 0.162172 0.369238
2 0.161616 0.529668
2 0.161055 0.549579
1 0.159618 0.568844
2 0.163331 0.588992
1 0.162735 0.601722
2 0.161551 0.68833
1 0.165059 0.836479
1 0.160373 0.887125
1 0.16239 0.923793
1 0.169789 0.0951021
1 0.167812 0.16681
1 0.169434 0.240977
1 0.168527 0.271823
1 0.169533 0.323142
2 0.16725 0.357104
2 0.166416 0.42699
2 0.165801 0.451972
2 0.169221 0.482399
1 0.16789 0.507239
0 0.170952 0.52646
1 0.170465 0.544108
2 0.171713 0.554979
2 0.167752 0.646985
2 0.169732 0.66019
2 0.169639 0.675187
2 0.169533 0.703111
0 0.167011 0.726104
1 0.168721 0.763042
0 0.166823 0.870115
1 0.174044 0.0463468
1 0.172394 0.0693423
1 0.172563 0.135847
1 0.174953 0.220447
2 0.173789 0.304213
2 0.17449 0.335873
1 0.175411 0.348093
2 0.176446 0.374005
2 0.173944 0.392349
1 0.176877 0.424603
2 0.174104 0.439485
1 0.17604 0.459229
2 0.175705 0.472335
2 0.177528 0.508627
2 0.172337 0.578489
2 0.17725 0.604798
2 0.175071 0.630842
2 0.17748 0.689371
2 0.172019 0.791335
1 0.174689 0.804119
0 0.173472 0.965245
1 0.172341 0.994678
1 0.181122 0.0149197
2 0.18201 0.0853961
1 0.182853 0.11068
2 0.182817 0.280255
2 0.183674 0.364026
2 0.178051 0.414402
2 0.180257 0.568062
2 0.179107 0.592096
1 0.178657 0.653705
2 0.183325 0.670814
2 0.17915 0.718525
2 0.18209 0.752639
0 0.180802 0.907553
1 0.180536 0.94229
1 0.187179 0.059203
0 0.186387 0.156624
1 0.18628 0.256706
2 0.188945 0.335153
2 0.189149 0.34828
1 0.18455 0.385783
2 0.189521 0.407303
2 0.189506 0.422101
1 0.18889 0.445274
2 0.186483 0.46431
0 0.18707 0.479043
2 0.187103 0.518185
2 0.188065 0.540656
2 0.186389 0.578958
2 0.190153 0.60692
2 0.185796 0.620896
2 0.18852 0.636995
2 0.190067 0.695479
2 0.186698 0.735724
0 0.18826 0.767257
2 0.188799 0.783357
0 0.186219 0.820941
1 0.187092 0.87269
0 0.194048 0.0433318
0 0.191137 0.215075
2 0.196157 0.292855
1 0.192571 0.309843
2 0.193018 0.372566
2 0.193447 0.396323
2 0.195966 0.430774
2 0.191302 0.487685
2 0.192448 0.502746
1 0.19521 0.534024
2 0.194997 0.553164
1 0.190506 0.565819
1 0.193547 0.594151
2 0.195647 0.627977
2 0.19269 0.652588
2 0.196143 0.665297
2 0.194785 0.679701
2 0.191363 0.711184
1 0.190955 0.722632
1 0.191665 0.847562
1 0.195291 0.89018
1 0.192419 0.92385
1 0.19457 0.97292
1 0.19808 0.0221108
1 0.199633 0.0938463
1 0.199526 0.124539
1 0.202437 0.180196
1 0.198372 0.198067
1 0.199994 0.234196
2 0.201938 0.249465
2 0.202033 0.26679
2 0.201014 0.318806
0 0.20129 0.331439
2 0.202354 0.35653
0 0.202342 0.405767
2 0.196538 0.455295
2 0.197013 0.470079
2 0.197962 0.522142
2 0.200097 0.573882
2 0.202125 0.702683
2 0.202451 0.757116
1 0.196401 0.79675
1 0.200898 0.994688
1 0.205956 0.070411
1 0.2054 0.144361
1 0.206681 0.289104
2 0.203603 0.304399
1 0.207424 0.366358
2 0.204683 0.383699
2 0.204551 0.423295
2 0.207325 0.43655
2 0.206338 0.450496
2 0.205382 0.462405
1 0.203642 0.483015
2 0.205792 0.496291
1 0.20299 0.507076
2 0.206918 0.515249
2 0.206353 0.531647
2 0.20693 0.544141
2 0.203284 0.599773
0 0.204409 0.615161
1 0.208013 0.642593
2 0.20628 0.652813
1 0.204958 0.673142
2 0.207601 0.724219
2 0.202641 0.742116
1 0.204312 0.777262
1 0.206126 0.819011
1 0.203203 0.952019
0 0.211026 0.113763
2 0.214426 0.236078
1 0.214584 0.314656
2 0.210659 0.39339
2 0.212052 0.408933
2 0.214338 0.427703
1 0.213898 0.466329
1 0.211482 0.523712
2 0.209235 0.565496
2 0.208965 0.579906
2 0.209312 0.625993
2 0.210601 0.685945
0 0.212216 0.698256
2 0.212137 0.711398
2 0.212829 0.769442
2 0.210356 0.797703
1 0.209184 0.877669
1 0.21743 0.0140329
1 0.216125 0.0344443
2 0.216539 0.204052
1 0.21511 0.220022
0 0.217188 0.257141
2 0.215722 0.335429
1 0.218518 0.345357
2 0.217522 0.362415
2 0.217665 0.376045
2 0.218632 0.440655
2 0.215603 0.457901
2 0.216308 0.475579
2 0.220009 0.488056
2 0.217181 0.511979
2 0.217096 0.53287
2 0.220061 0.549289
1 0.2202 0.596209
2 0.215923 0.614434
2 0.21968 0.634959
2 0.220592 0.652639
2 0.216373 0.670702
1 0.215699 0.732798
2 0.218819 0.745887
1 0.215403 0.848615
2 0.215435 0.91435
1 0.218026 0.976913
1 0.221394 0.155591
2 0.223815 0.186677
2 0.22103 0.271516
1 0.226455 0.281224
2 0.223094 0.293168
2 0.225054 0.308929
2 0.223221 0.322353
2 0.222789 0.386992
2 0.224789 0.403729
2 0.223119 0.418476
2 0.225785 0.429343
1 0.225552 0.44754
2 0.222554 0.498269
1 0.225392 0.563631
2 0.226225 0.581078
2 0.226213 0.678164
2 0.224898 0.703528
2 0.221118 0.721339
2 0.224118 0.785814
0 0.226141 0.817686
0 0.224026 0.994777
1 0.227541 0.0972378
1 0.229465 0.132053
1 0.230206 0.17574
1 0.232725 0.216236
2 0.229772 0.241788
2 0.230318 0.262496
2 0.23234 0.337999
2 0.229688 0.353986
2 0.231257 0.366805
1 0.232849 0.37731
2 0.227112 0.46531
1 0.23253 0.481261
0 0.230332 0.511315
2 0.229928 0.519931
2 0.229167 0.54492
2 0.230892 0.55584
2 0.228145 0.616539
1 0.232903 0.649261
2 0.232405 0.691652
2 0.230418 0.731395
1 0.228301 0.752849
1 0.231357 0.777027
0 0.228615 0.856702
1 0.228132 0.898871
1 0.232449 0.928724
1 0.232758 0.955716
1 0.235284 0.021282
1 0.235265 0.0520916
1 0.238665 0.114627
2 0.238893 0.161573
2 0.237424 0.228514
2 0.237535 0.284455
2 0.235083 0.302336
1 0.238465 0.323147
1 0.236253 0.397613
2 0.237963 0.41057
2 0.233835 0.422245
1 0.235755 0.43104
2 0.236655 0.50026
1 0.23374 0.534056
2 0.237757 0.568188
2 0.237887 0.582936
2 0.235351 0.592633
2 0.237396 0.608793
2 0.239001 0.637317
2 0.236974 0.666572
2 0.238358 0.679228
1 0.236263 0.717914
2 0.234513 0.763569
2 0.234566 0.808194
1 0.238482 0.831627
1 0.238707 0.865391
1 0.244335 0.0024202
0 0.241633 0.0806447
1 0.243163 0.14489
0 0.245116 0.189034
1 0.24372 0.243737
2 0.24054 0.345631
0 0.244798 0.354472
2 0.241546 0.37061
2 0.239952 0.385861
2 0.244323 0.440052
0 0.244815 0.450958
2 0.241612 0.458781
2 0.24143 0.488867
2 0.24501 0.512785
2 0.241035 0.522317
2 0.240317 0.54002
1 0.240409 0.619024
1 0.242469 0.687925
2 0.240032 0.703552
2 0.241856 0.726864
1 0.242842 0.738505
2 0.241804 0.750301
2 0.242911 0.774632
1 0.243347 0.794252
1 0.243201 0.886139
1 0.240385 0.911529
2 0.247406 0.126184
2 0.251262 0.178847
2 0.251267 0.204125
2 0.250438 0.235592
2 0.245486 0.266277
1 0.250608 0.278975
0 0.245962 0.29726
2 0.24774 0.314949
2 0.250969 0.380397
2 0.248609 0.393094
2 0.250505 0.404827
0 0.246364 0.412478
2 0.248076 0.423974
2 0.246819 0.466927
2 0.251225 0.489525
2 0.247699 0.501706
2 0.24624 0.552993
1 0.250586 0.569556
2 0.249356 0.583521
2 0.247954 0.599531
2 0.246917 0.625311
2 0.246311 0.652021
1 0.248214 0.762974
1 0.24583 0.814242
1 0.249455 0.943293
1 0.245645 0.978607
1 0.254478 0.0173492
0 0.256411 0.0356706
1 0.254976 0.220742
1 0.257608 0.259653
2 0.253539 0.331393
2 0.25562 0.346309
2 0.252653 0.359131
1 0.254296 0.372319
2 0.254382 0.444349
2 0.256228 0.458219
2 0.257256 0.505772
1 0.252232 0.52081
2 0.254895 0.531475
2 0.256526 0.540806
2 0.255162 0.615798
2 0.254992 0.631095
2 0.257598 0.653465
0 0.255662 0.668283
2 0.255383 0.693766
2 0.254971 0.711211
2 0.25536 0.735517
2 0.254211 0.752207
2 0.253322 0.784223
0 0.255729 0.9164
0 0.256701 0.960407
1 0.260436 0.0641156
1 0.259647 0.0992742
2 0.258442 0.161883
1 0.263701 0.178232
1 0.263514 0.240464
2 0.260076 0.274791
2 0.259217 0.288074
1 0.262855 0.303429
2 0.262752 0.315605
2 0.258887 0.389628
2 0.260145 0.404918
2 0.258021 0.433356
1 0.261765 0.471096
2 0.258479 0.480351
2 0.261168 0.524036
2 0.258281 0.562099
2 0.261301 0.572073
2 0.259586 0.587418
1 0.260089 0.641096
2 0.261008 0.675658
1 0.263079 0.687447
1 0.262521 0.796083
2 0.262849 0.807945
0 0.261704 0.828336
1 0.259531 0.848724
0 0.263796 0.869917
1 0.261824 0.894264
0 0.26932 0.128883
1 0.269193 0.14843
2 0.266496 0.1942
2 0.264486 0.251669
2 0.263978 0.339549
2 0.267066 0.361445
2 0.264355 0.371095
1 0.267781 0.385684
1 0.266177 0.420014
1 0.263848 0.44089
2 0.264315 0.452684
2 0.265967 0.486781
1 0.264128 0.499054
2 0.2652 0.513911
2 0.266328 0.536928
1 0.269167 0.553102
2 0.264747 0.59757
2 0.269853 0.607764
2 0.268501 0.624251
2 0.267182 0.634428
2 0.26772 0.65708
2 0.268657 0.6672
2 0.268374 0.69732
2 0.263815 0.720981
0 0.268792 0.766591
2 0.268865 0.776525
1 0.264903 0.994843
1 0.273983 0.0415538
1 0.272993 0.115086
2 0.274805 0.179133
2 0.27231 0.207444
2 0.273518 0.223818
2 0.271205 0.279688
2 0.274251 0.30424
2 0.271951 0.32638
1 0.275536 0.337602
2 0.273917 0.351101
2 0.275369 0.389009
2 0.274671 0.413015
2 0.270807 0.433003
2 0.274729 0.441703
2 0.27385 0.451857
2 0.273105 0.469566
2 0.276009 0.497555
2 0.270674 0.507011
2 0.270307 0.522777
2 0.273775 0.544153
2 0.271211 0.568158
0 0.27248 0.584571
2 0.274876 0.595754
2 0.27153 0.681715
2 0.270639 0.711055
2 0.27364 0.729965
1 0.271786 0.747748
2 0.274824 0.788791
1 0.27572 0.857132
1 0.274071 0.961826
1 0.279949 0.0160479
1 0.281431 0.0939343
2 0.281242 0.144662
1 0.278568 0.191999
2 0.277662 0.238242
2 0.276661 0.254107
0 0.277415 0.26894
2 0.278542 0.293451
2 0.276182 0.368035
2 0.280327 0.378094
2 0.277779 0.400491
2 0.278503 0.42317
2 0.277457 0.478657
2 0.279647 0.50853
0 0.281434 0.524309
2 0.27787 0.532485
2 0.281184 0.561995
2 0.277326 0.576414
2 0.281934 0.614902
2 0.28056 0.629045
2 0.27636 0.637904
2 0.277321 0.648559
2 0.281043 0.662564
1 0.279504 0.674477
2 0.27867 0.690779
2 0.279982 0.703039
2 0.279755 0.764468
2 0.277264 0.802588
1 0.276192 0.816441
1 0.278483 0.882391
1 0.279552 0.905935
1 0.278759 0.92819
2 0.284027 0.16282
1 0.286819 0.173735
1 0.283251 0.211175
2 0.286514 0.223622
2 0.285928 0.304884
2 0.284318 0.317885
2 0.28532 0.331466
0 0.285366 0.386316
2 0.287527 0.407151
1 0.286861 0.415699
0 0.283451 0.439061
1 0.284309 0.467628
1 0.283257 0.490005
2 0.285179 0.500583
2 0.287187 0.578896
2 0.287661 0.588253
2 0.283827 0.600716
2 0.288056 0.63596
2 0.287921 0.680859
0 0.285814 0.714971
2 0.287997 0.726272
2 0.287276 0.745987
1 0.287667 0.803272
2 0.287296 0.817658
2 0.283821 0.834423
2 0.290539 0.204804
1 0.291568 0.23269
2 0.290059 0.250687
2 0.291287 0.266926
1 0.290918 0.277471
2 0.294408 0.286236
1 0.292007 0.29815
2 0.294043 0.338583
2 0.289485 0.358027
1 0.293589 0.367835
2 0.289534 0.395412
2 0.291847 0.422193
2 0.288798 0.430826
2 0.291321 0.439807
2 0.291695 0.453839
2 0.292721 0.467631
2 0.293737 0.477015
2 0.291024 0.492348
2 0.29447 0.502339
2 0.289543 0.510963
2 0.292041 0.523944
2 0.289691 0.538159
2 0.2903 0.55535
2 0.291665 0.564158
1 0.293302 0.573639
1 0.291295 0.6171
2 0.292258 0.62595
2 0.293156 0.652895
2 0.293504 0.668818
1 0.291391 0.759906
2 0.288503 0.781664
0 0.292171 0.848498
0 0.29364 0.984934
2 0.297368 0.0272835
1 0.296222 0.0577953
1 0.294686 0.115081
1 0.296067 0.136656
0 0.296286 0.153171
2 0.29621 0.185027
0 0.297065 0.217335
2 0.298968 0.308381
2 0.300213 0.318706
1 0.298581 0.328951
2 0.296528 0.351608
2 0.300543 0.362925
2 0.297641 0.377305
2 0.294901 0.385834
2 0.297524 0.409989
1 0.299492 0.433597
2 0.297256 0.446952
2 0.299998 0.487427
2 0.300567 0.526163
1 0.298222 0.534104
2 0.300572 0.57922
2 0.297629 0.593753
2 0.297102 0.607856
2 0.298063 0.638847
2 0.297985 0.68408
2 0.294915 0.716637
1 0.298612 0.72952
2 0.298 0.771534
2 0.297931 0.789634
2 0.29755 0.838034
0 0.295812 0.891043
1 0.296386 0.924405
1 0.294707 0.944935
1 0.29811 0.969141
1 0.305446 0.00615525
1 0.304617 0.192683
2 0.30645 0.23467
2 0.301918 0.249584
2 0.302191 0.265008
2 0.30503 0.296318
1 0.30296 0.392114
2 0.301504 0.400428
2 0.304589 0.41605
2 0.306404 0.445177
1 0.302903 0.453561
2 0.303976 0.466005
2 0.305831 0.47749
2 0.304477 0.512523
2 0.303039 0.549382
2 0.306405 0.559348
2 0.302743 0.570105
2 0.30556 0.599333
2 0.30347 0.616507
2 0.301086 0.695632
1 0.301154 0.706558
2 0.303024 0.742472
2 0.303701 0.756631
2 0.306161 0.810944
1 0.303855 0.821535
1 0.301178 0.862794
1 0.3047 0.91068
0 0.309986 0.0982285
2 0.312281 0.131342
2 0.307804 0.165579
1 0.312512 0.176341
1 0.307929 0.208322
2 0.307222 0.223331
1 0.30928 0.255062
1 0.309188 0.272669
2 0.307571 0.286315
2 0.308474 0.345887
2 0.306997 0.377213
2 0.30885 0.432303
2 0.308947 0.458722
2 0.312684 0.487474
1 0.306818 0.505323
2 0.310393 0.528734
2 0.30758 0.541241
1 0.310333 0.552099
2 0.312405 0.609165
2 0.312607 0.620762
2 0.307 0.641855
2 0.308753 0.659715
2 0.309635 0.671763
1 0.309292 0.681655
2 0.311588 0.706686
2 0.312288 0.719176
0 0.312352 0.752962
2 0.307268 0.778706
1 0.307048 0.800762
2 0.309949 0.872494
1 0.312642 0.95813
1 0.3166 0.146141
2 0.314758 0.195053
1 0.316972 0.227114
2 0.314857 0.265371
1 0.316757 0.293421
0 0.316174 0.315393
2 0.314778 0.323703
1 0.317463 0.333786
2 0.318046 0.342299
2 0.318728 0.352096
2 0.315943 0.372246
2 0.314261 0.397002
2 0.314405 0.409318
2 0.314758 0.424851
2 0.314748 0.450473
0 0.315297 0.465052
2 0.318163 0.479497
2 0.318524 0.493167
2 0.313868 0.511266
2 0.315321 0.521163
2 0.318319 0.53475
2 0.317939 0.549256
2 0.318435 0.561457
2 0.316629 0.573715
2 0.315444 0.588529
2 0.316104 0.597061
2 0.315262 0.638166
1 0.318134 0.65574
2 0.314629 0.694362
2 0.313925 0.72985
2 0.3164 0.771594
2 0.317452 0.784837
2 0.31309 0.82693
2 0.315264 0.846836
1 0.318618 0.862596
1 0.315907 0.882763
1 0.312934 0.936269
1 0.315168 0.97523
1 0.318909 0.990999
1 0.324186 0.0214197
1 0.322359 0.0780461
1 0.322074 0.119435
2 0.321063 0.160105
1 0.322864 0.201776
2 0.31937 0.212244
1 0.320607 0.242346
2 0.322149 0.255879
2 0.322496 0.273536
2 0.321749 0.283859
2 0.321335 0.305993
1 0.319798 0.363495
2 0.322423 0.383015
0 0.322623 0.394134
2 0.322103 0.432375
2 0.320911 0.444432
2 0.32221 0.459159
1 0.32271 0.581497
2 0.320977 0.626724
2 0.323197 0.665087
2 0.320017 0.673704
2 0.322259 0.685733
1 0.323654 0.703971
2 0.321877 0.722704
1 0.320215 0.738205
2 0.319564 0.747263
2 0.321352 0.80358
1 0.324038 0.904448
0 0.322681 0.919678
1 0.330512 0.0424488
2 0.328352 0.141611
2 0.329479 0.183048
2 0.325945 0.228145
2 0.327726 0.29259
2 0.328925 0.31302
2 0.330253 0.328208
2 0.330263 0.337923
2 0.328809 0.349952
2 0.330452 0.359781
2 0.331043 0.368811
2 0.330471 0.389029
2 0.325971 0.408635
1 0.328968 0.415866
2 0.329598 0.423982
1 0.32852 0.436778
2 0.330745 0.444938
1 0.330815 0.455564
2 0.32849 0.468186
2 0.331017 0.491824
2 0.32733 0.49903
1 0.327245 0.506957
2 0.325843 0.519475
1 0.326752 0.527186
2 0.327274 0.535656
2 0.329443 0.546825
2 0.32522 0.556318
2 0.326345 0.567209
2 0.329576 0.57688
2 0.328444 0.594951
2 0.32849 0.606651
0 0.331019 0.615009
2 0.331281 0.627715
2 0.331156 0.636765
2 0.328319 0.651866
2 0.328949 0.677749
2 0.328897 0.695382
2 0.331258 0.725319
2 0.325895 0.758938
1 0.328067 0.772502
0 0.329623 0.791691
2 0.329364 0.812924
1 0.326132 0.824159
0 0.326351 0.839642
2 0.326532 0.855422
0 0.327632 0.960461
2 0.334227 0.125274
2 0.332215 0.217918
2 0.335954 0.240529
1 0.332914 0.258675
2 0.332066 0.267699
2 0.335762 0.30499
1 0.336918 0.374956
2 0.333795 0.40388
1 0.334415 0.484639
2 0.334139 0.509527
1 0.331962 0.561044
2 0.336079 0.586365
2 0.337384 0.619771
2 0.33574 0.64469
2 0.333278 0.66127
2 0.331562 0.709995
2 0.33398 0.738274
1 0.33478 0.868486
0 0.331394 0.885394
1 0.33468 0.919343
2 0.34114 0.154257
1 0.33955 0.169665
2 0.341587 0.191606
2 0.339403 0.227151
2 0.339717 0.250955
2 0.342412 0.273136
0 0.338762 0.28246
2 0.342193 0.292389
1 0.340947 0.314439
2 0.33979 0.340988
0 0.341474 0.350619
2 0.338026 0.383037
2 0.339063 0.4192
2 0.337973 0.437061
2 0.339543 0.447914
2 0.339381 0.457222
2 0.339285 0.475271
2 0.34261 0.498223
2 0.341399 0.522618
2 0.342479 0.530979
2 0.340845 0.543934
2 0.338861 0.556494
2 0.338253 0.565473
2 0.338975 0.594358
2 0.340829 0.610392
2 0.341037 0.628617
1 0.341184 0.636893
2 0.340474 0.673101
2 0.337802 0.686445
2 0.342164 0.695613
1 0.342875 0.719108
2 0.340781 0.727409
2 0.337768 0.752192
2 0.341124 0.764299
2 0.340841 0.786163
1 0.341077 0.812736
2 0.339135 0.827319
2 0.341819 0.845389
2 0.343351 0.891023
2 0.337934 0.93221
1 0.339501 0.982439
0 0.344155 0.00487256
1 0.347608 0.0290764
1 0.346334 0.143297
1 0.343767 0.20131
1 0.349286 0.21945
2 0.346359 0.261262
2 0.347506 0.284253
2 0.345473 0.302451
2 0.349025 0.334418
2 0.346997 0.358424
2 0.344843 0.367039
2 0.345123 0.377571
2 0.348101 0.387325
2 0.346502 0.404058
0 0.34374 0.427001
2 0.347827 0.442692
1 0.348829 0.449914
2 0.344868 0.468542
2 0.348669 0.487096
2 0.348974 0.503418
2 0.345075 0.51386
2 0.346365 0.552209
2 0.347495 0.580457
1 0.346743 0.591102
2 0.347166 0.599527
2 0.347233 0.622962
2 0.343829 0.650033
2 0.347227 0.683048
2 0.348106 0.741732
2 0.345953 0.79957
2 0.346937 0.871542
2 0.348896 0.912308
1 0.343896 0.943029
1 0.344338 0.961164
0 0.354453 0.0696024
1 0.354054 0.0999714
1 0.351919 0.123315
2 0.350718 0.175514
2 0.35062 0.208065
2 0.353947 0.297556
2 0.349736 0.319824
2 0.351039 0.344931
1 0.354842 0.361573
2 0.355422 0.372034
2 0.355434 0.382093
2 0.350179 0.414444
2 0.351728 0.424765
2 0.355251 0.432409
2 0.354145 0.457828
1 0.349704 0.473968
2 0.355665 0.480414
2 0.354475 0.497523
1 0.354695 0.508581
2 0.350081 0.520322
2 0.35374 0.528506
1 0.351695 0.540752
2 0.350307 0.564273
2 0.351264 0.606799
2 0.355519 0.629125
2 0.350588 0.64446
0 0.355487 0.652532
2 0.353216 0.660639
1 0.350607 0.672364
2 0.353159 0.697897
2 0.350666 0.709826
2 0.353556 0.72436
1 0.353654 0.76596
2 0.352102 0.777979
1 0.353882 0.792015
1 0.352659 0.84216
1 0.354476 0.922517
1 0.356511 0.0517307
1 0.359427 0.181185
2 0.356476 0.194366
2 0.361944 0.218608
0 0.356131 0.239739
2 0.35909 0.251281
2 0.357468 0.273937
1 0.358916 0.281978
1 0.357591 0.307134
2 0.35992 0.330115
2 0.359473 0.346019
2 0.360065 0.398274
1 0.356379 0.407964
2 0.35974 0.422677
2 0.359536 0.439474
2 0.361756 0.451522
2 0.361138 0.469906
2 0.357248 0.490293
2 0.361273 0.536389
2 0.360809 0.555095
0 0.358466 0.571354
2 0.359233 0.58598
2 0.360021 0.596504
2 0.361492 0.606044
2 0.357974 0.615032
2 0.360522 0.637044
2 0.358201 0.669428
2 0.356039 0.734761
2 0.359273 0.746132
2 0.355961 0.756889
2 0.356299 0.804208
1 0.360696 0.819696
2 0.361603 0.847468
0 0.35622 0.863388
1 0.361154 0.887363
1 0.360574 0.905086
1 0.361961 0.936236
1 0.359433 0.979715
1 0.361533 0.995787
1 0.367199 0.0315208
2 0.362426 0.1165
0 0.365765 0.137455
2 0.362598 0.156022
0 0.365785 0.196632
2 0.365955 0.242084
2 0.363472 0.264995
2 0.363606 0.291663
2 0.366223 0.300933
2 0.366391 0.318412
1 0.364111 0.337447
2 0.367104 0.359496
2 0.362837 0.367523
2 0.366826 0.380949
2 0.36379 0.390037
2 0.368013 0.40516
1 0.366094 0.42783
2 0.367315 0.436902
2 0.363194 0.461622
2 0.36472 0.477441
1 0.364665 0.491908
2 0.362618 0.500696
2 0.363566 0.511122
2 0.365753 0.525581
2 0.364483 0.563985
2 0.367049 0.592518
2 0.363006 0.625502
2 0.364297 0.646432
2 0.362968 0.68066
1 0.362664 0.68863
2 0.364567 0.706096
1 0.362049 0.726339
2 0.367999 0.75726
2 0.366957 0.767974
2 0.366193 0.778374
2 0.366123 0.790795
2 0.367217 0.808457
2 0.367586 0.836699
0 0.364532 0.959644
1 0.370755 0.00967629
1 0.372709 0.0889392
2 0.369087 0.169742
2 0.370564 0.205866
2 0.371793 0.231497
1 0.372755 0.258106
2 0.36821 0.274855
2 0.373503 0.28659
2 0.370149 0.329588
1 0.371894 0.367501
2 0.372398 0.41766
1 0.372729 0.445074
2 0.371416 0.460113
1 0.368906 0.468109
2 0.372902 0.486882
2 0.370752 0.497903
2 0.372634 0.509518
2 0.371251 0.519533
2 0.369079 0.541436
2 0.373411 0.548359
1 0.370903 0.556507
2 0.373043 0.572281
2 0.372684 0.581302
1 0.370158 0.616329
2 0.370675 0.628404
2 0.372479 0.644941
2 0.368971 0.653759
2 0.368185 0.663342
2 0.371291 0.676836
2 0.369613 0.721753
2 0.371116 0.731943
1 0.373463 0.784479
2 0.370631 0.861022
1 0.371258 0.872032
1 0.374695 0.0670916
1 0.377006 0.112819
2 0.379265 0.154044
1 0.379763 0.174488
2 0.377171 0.18537
2 0.380111 0.247785
2 0.378965 0.266165
1 0.38021 0.276604
2 0.37542 0.302586
2 0.376262 0.313273
2 0.3777 0.337031
2 0.37458 0.350043
2 0.375733 0.384935
2 0.376552 0.392969
1 0.377075 0.404072
2 0.377839 0.427709
2 0.377764 0.46525
2 0.376843 0.47494
2 0.377533 0.503289
2 0.379747 0.516312
2 0.378654 0.531074
2 0.380009 0.557376
1 0.378615 0.576722
1 0.375718 0.597818
2 0.377638 0.608983
2 0.376393 0.622611
1 0.374467 0.636172
2 0.376832 0.665838
2 0.378652 0.688755
2 0.376796 0.700391
2 0.375616 0.71137
2 0.380016 0.734963
0 0.375984 0.744267
1 0.376238 0.765551
2 0.379815 0.793854
2 0.378748 0.817151
2 0.379012 0.829894
1 0.378815 0.853591
2 0.378869 0.894626
1 0.375885 0.988285
1 0.384521 0.194339
2 0.385461 0.204178
2 0.381181 0.215515
1 0.382587 0.224983
2 0.380609 0.294333
0 0.384603 0.312917
2 0.382275 0.321819
1 0.381395 0.345172
2 0.381356 0.35814
2 0.380923 0.376783
2 0.384048 0.408644
1 0.386206 0.422217
2 0.382127 0.455446
0 0.383818 0.475031
2 0.38221 0.492022
1 0.384398 0.510761
2 0.384913 0.523424
1 0.384158 0.536244
2 0.38323 0.547366
2 0.386363 0.565557
2 0.38359 0.588358
2 0.384694 0.629928
2 0.384365 0.64293
2 0.382966 0.651822
2 0.383353 0.660559
1 0.385554 0.668317
2 0.383311 0.717103
2 0.385357 0.754063
2 0.384554 0.776173
0 0.380702 0.805214
1 0.380771 0.909349
2 0.383405 0.923241
1 0.38059 0.949453
1 0.386106 0.967036
1 0.38912 0.0172053
0 0.386817 0.0333537
1 0.388773 0.0531015
2 0.390432 0.102085
2 0.38858 0.120908
1 0.387055 0.138653
2 0.391588 0.170331
2 0.390292 0.2287
2 0.389458 0.240002
0 0.392431 0.249505
2 0.388973 0.267522
2 0.387278 0.282116
1 0.389056 0.296871
2 0.389923 0.305013
2 0.391822 0.339531
0 0.387939 0.366807
2 0.389499 0.383421
2 0.390338 0.394648
2 0.391227 0.413945
2 0.389545 0.436088
2 0.387082 0.446413
2 0.391946 0.462195
2 0.390684 0.471263
2 0.387307 0.486297
2 0.390729 0.551454
2 0.389991 0.578018
2 0.389916 0.594112
2 0.386913 0.612745
0 0.387163 0.621012
2 0.389871 0.694694
0 0.391349 0.706096
2 0.388025 0.725337
2 0.388742 0.738777
1 0.390434 0.791365
1 0.392274 0.828773
2 0.390177 0.839131
1 0.388679 0.874754
1 0.389571 0.934206
2 0.396007 0.0782756
2 0.395263 0.147632
2 0.397038 0.184384
0 0.397244 0.2144
2 0.393045 0.317141
2 0.39753 0.329012
2 0.395372 0.347043
2 0.39554 0.355824
2 0.396823 0.389008
2 0.392863 0.40251
2 0.396701 0.423778
1 0.3975 0.436947
2 0.397757 0.454453
2 0.396998 0.477177
1 0.39857 0.483647
2 0.396508 0.492236
2 0.392871 0.501266
2 0.398237 0.508135
2 0.39315 0.524277
2 0.393567 0.537488
2 0.39543 0.565738
1 0.397727 0.579742
1 0.395563 0.602836
2 0.394497 0.615035
2 0.397432 0.644296
2 0.397789 0.653727
2 0.39484 0.670618
1 0.397458 0.681904
2 0.398168 0.699544
1 0.396112 0.722956
2 0.397704 0.761505
1 0.396877 0.773109
2 0.397699 0.810325
2 0.39582 0.852577
2 0.398221 0.865229
1 0.398004 0.982338
0 0.393224 0.996748
1 0.403024 0.11332
2 0.404521 0.199267
2 0.402765 0.234162
2 0.400843 0.246765
1 0.401547 0.263605
2 0.401197 0.273148
2 0.403504 0.282788
2 0.402427 0.292379
2 0.402112 0.315818
2 0.398953 0.364206
2 0.400323 0.373136
0 0.401148 0.400739
2 0.400293 0.412692
2 0.403498 0.443246
2 0.399148 0.468281
2 0.403287 0.49558
1 0.401284 0.519193
2 0.39937 0.531071
0 0.400308 0.544445
2 0.40453 0.562767
2 0.401733 0.59804
2 0.404048 0.613291
2 0.398823 0.624998
2 0.400265 0.63413
2 0.402764 0.67325
2 0.401075 0.68876
2 0.399416 0.713464
2 0.399253 0.730992
1 0.399571 0.747925
2 0.402295 0.783612
2 0.401937 0.820488
2 0.404833 0.839222
0 0.399683 0.88905
1 0.401479 0.917331
0 0.404452 0.934936
2 0.404051 0.953826
1 0.405369 0.0304988
1 0.408655 0.0874699
0 0.408046 0.138327
2 0.408261 0.15301
1 0.404914 0.172202
2 0.407532 0.210812
2 0.410227 0.301083
2 0.407208 0.340256
2 0.409964 0.348108
1 0.409997 0.360229
1 0.405735 0.378748
2 0.405129 0.38971
2 0.407135 0.407971
1 0.410769 0.417704
2 0.405773 0.423554
1 0.40627 0.457659
2 0.410616 0.464608
2 0.407818 0.47336
2 0.405577 0.486036
2 0.410785 0.503344
2 0.408224 0.510981
2 0.40946 0.520095
2 0.408945 0.533044
2 0.408507 0.556287
2 0.407187 0.586424
2 0.409311 0.606141
1 0.408645 0.620591
2 0.409784 0.629409
2 0.40897 0.651678
1 0.406114 0.659066
2 0.406823 0.681657
2 0.410344 0.693893
2 0.409819 0.702422
2 0.406436 0.719134
2 0.406892 0.739833
2 0.405141 0.794783
1 0.407588 0.854264
2 0.409536 0.908973
2 0.413579 0.119847
1 0.411317 0.190362
1 0.41203 0.219351
2 0.411202 0.23982
2 0.412668 0.279824
2 0.416601 0.317513
1 0.415771 0.335996
2 0.417174 0.361167
2 0.415076 0.38299
2 0.413465 0.394712
2 0.416086 0.442661
2 0.416826 0.452814
2 0.415353 0.477215
2 0.412866 0.493482
2 0.415389 0.537074
2 0.41287 0.549993
2 0.411331 0.567613
2 0.413866 0.579094
1 0.416743 0.58784
2 0.411971 0.598255
2 0.416027 0.620679
2 0.412257 0.64285
2 0.414487 0.660373
2 0.412283 0.668416
1 0.415093 0.686659
1 0.414879 0.714641
2 0.413146 0.732661
2 0.412472 0.754478
2 0.415086 0.771704
2 0.416516 0.800111
2 0.411615 0.812657
2 0.415656 0.879409
1 0.411161 0.96561
1 0.416203 0.988822
0 0.42146 0.0169938
0 0.419984 0.0569911
2 0.420834 0.161889
2 0.419872 0.184137
2 0.420676 0.24808
1 0.417295 0.256862
2 0.41788 0.266842
2 0.418339 0.290515
2 0.422732 0.301014
2 0.418989 0.353061
2 0.419909 0.370516
1 0.421838 0.391985
2 0.42235 0.40202
2 0.418292 0.410664
2 0.422705 0.418943
1 0.418167 0.434963
2 0.42331 0.445003
2 0.420859 0.46404
2 0.41793 0.50984
2 0.417594 0.517429
1 0.419743 0.53136
1 0.422745 0.558011
2 0.421299 0.564963
2 0.422731 0.596443
2 0.421699 0.610194
2 0.417896 0.628285
1 0.420907 0.648362
2 0.421922 0.693932
2 0.421631 0.709991
1 0.420827 0.735194
2 0.418617 0.762478
2 0.423129 0.777716
0 0.419116 0.786335
0 0.421001 0.830295
2 0.420438 0.842537
2 0.41879 0.863865
1 0.418147 0.920715
2 0.420204 0.937154
1 0.420413 0.949349
2 0.423726 0.0863646
2 0.423376 0.131342
1 0.428164 0.149034
2 0.428441 0.173601
2 0.428705 0.193198
1 0.42447 0.206261
2 0.423718 0.22686
1 0.423596 0.235463
1 0.428558 0.275126
2 0.427739 0.284749
0 0.425658 0.293755
1 0.423632 0.31233
2 0.426189 0.323618
2 0.426649 0.344047
2 0.428449 0.354395
2 0.425459 0.362889
0 0.425369 0.37485
2 0.429004 0.410682
2 0.425651 0.429068
1 0.426799 0.468689
2 0.427265 0.480041
0 0.424707 0.486952
2 0.423801 0.498161
2 0.425526 0.515944
2 0.427078 0.524403
2 0.427254 0.533664
2 0.423987 0.540772
2 0.42616 0.549946
2 0.425175 0.581823
2 0.424299 0.620966
2 0.425485 0.637528
2 0.426959 0.655464
2 0.424648 0.682447
2 0.42388 0.72632
2 0.42395 0.750296
2 0.424854 0.807815
2 0.425697 0.821744
1 0.424972 0.891584
1 0.434594 0.0798362
2 0.431444 0.1047
2 0.434114 0.162662
2 0.431657 0.254588
2 0.431074 0.316204
0 0.430918 0.334377
2 0.432175 0.369611
2 0.432902 0.388863
2 0.43527 0.40046
1 0.430381 0.420243
2 0.432749 0.434067
2 0.434907 0.445754
2 0.430959 0.452421
2 0.43117 0.459753
2 0.435217 0.481977
2 0.434314 0.494933
2 0.429895 0.508694
1 0.435073 0.51348
2 0.43182 0.543751
2 0.433157 0.554925
2 0.429871 0.57051
0 0.43527 0.587475
2 0.43134 0.595841
2 0.431874 0.603232
1 0.431197 0.612208
2 0.433036 0.630405
2 0.434131 0.641115
1 0.432023 0.662991
2 0.430254 0.676306
2 0.434926 0.690539
1 0.433745 0.702974
2 0.433625 0.720866
2 0.431811 0.757173
2 0.431639 0.769389
2 0.433615 0.784136
1 0.431182 0.801381
2 0.431553 0.837067
0 0.43097 0.867507
0 0.431868 0.913213
1 0.431119 0.965737
0 0.431075 0.982212
1 0.436726 0.00796001
1 0.435788 0.0446987
1 0.439935 0.120902
2 0.438375 0.18578
1 0.441135 0.197297
2 0.437067 0.208112
2 0.438343 0.218985
2 0.436931 0.241595
2 0.440283 0.260495
2 0.438138 0.272159
2 0.436991 0.2855
2 0.440281 0.324303
2 0.438415 0.334616
2 0.441213 0.34309
1 0.435872 0.349017
1 0.440176 0.364916
2 0.440927 0.385551
1 0.43814 0.393689
2 0.439323 0.409842
2 0.436961 0.417682
2 0.4368 0.464982
2 0.438179 0.472383
2 0.437573 0.502443
2 0.439567 0.519687
2 0.439832 0.52878
2 0.440864 0.535668
1 0.439525 0.543916
2 0.438227 0.569957
2 0.439612 0.577481
2 0.439138 0.601125
2 0.439548 0.614805
1 0.438774 0.648234
2 0.441136 0.660267
2 0.438051 0.672174
2 0.440344 0.714189
2 0.435883 0.736512
1 0.438355 0.776277
2 0.438102 0.809107
2 0.436548 0.851934
2 0.43917 0.882337
1 0.441163 0.923803
2 0.441045 0.937703
1 0.43764 0.949237
1 0.442067 0.0975407
1 0.442133 0.175883
2 0.441944 0.229179
1 0.446294 0.285334
2 0.442255 0.297048
2 0.443514 0.311354
1 0.447221 0.318159
1 0.446765 0.336673
2 0.443923 0.350593
2 0.445168 0.359104
2 0.443882 0.374799
2 0.443777 0.40105
1 0.446576 0.411707
2 0.446824 0.427774
2 0.443863 0.435952
2 0.442432 0.44773
1 0.442946 0.455096
2 0.446399 0.468822
2 0.442955 0.480478
2 0.441905 0.489364
1 0.446805 0.495521
2 0.447258 0.50678
2 0.447586 0.520562
2 0.446679 0.544307
2 0.446468 0.551621
2 0.445067 0.562007
2 0.445504 0.571319
2 0.443975 0.594169
2 0.445813 0.604485
2 0.442028 0.62742
1 0.441899 0.68326
2 0.447763 0.688571
2 0.442151 0.70394
1 0.445265 0.754366
2 0.444346 0.767249
2 0.445694 0.781758
2 0.44254 0.791748
1 0.443714 0.819012
2 0.445655 0.829626
1 0.445517 0.839753
1 0.444295 0.89305
2 0.448516 0.0801659
2 0.453533 0.12718
2 0.448273 0.143746
0 0.449932 0.155732
2 0.45249 0.188272
0 0.451184 0.211205
2 0.452345 0.223685
1 0.45034 0.240763
2 0.45066 0.258848
2 0.448247 0.270487
2 0.451155 0.306725
2 0.453753 0.332573
2 0.452112 0.348043
2 0.451804 0.364339
1 0.452584 0.374559
2 0.449322 0.386291
2 0.452561 0.394132
2 0.45322 0.41622
2 0.452315 0.441518
2 0.453231 0.471878
2 0.4508 0.488109
2 0.452289 0.49921
2 0.453325 0.527831
2 0.453387 0.537051
2 0.448752 0.584254
2 0.453016 0.608349
2 0.448162 0.614064
0 0.44874 0.628563
2 0.448346 0.638443
2 0.452438 0.65815
1 0.449255 0.666446
2 0.448415 0.678562
2 0.452768 0.703121
2 0.45103 0.721418
1 0.44801 0.72975
2 0.44963 0.74066
2 0.449475 0.804992
2 0.453117 0.818105
2 0.450923 0.850343
2 0.448022 0.867248
2 0.447922 0.905936
2 0.453456 0.920908
1 0.450898 0.994069
1 0.456779 0.0147653
0 0.458683 0.089753
2 0.454701 0.200016
2 0.459414 0.24842
0 0.457073 0.265935
2 0.45976 0.277815
2 0.459592 0.287176
2 0.454667 0.316204
2 0.458509 0.340266
1 0.455755 0.355653
2 0.457266 0.38142
2 0.45943 0.398511
2 0.454351 0.407141
1 0.454303 0.426831
2 0.455155 0.434272
2 0.456195 0.459882
1 0.45825 0.47601
2 0.458592 0.488861
2 0.458535 0.512099
2 0.457442 0.518943
1 0.459334 0.551811
2 0.454419 0.547344
2 0.455945 0.563806
1 0.455608 0.575854
2 0.456441 0.590097
1 0.454309 0.597956
1 0.460053 0.618073
2 0.454838 0.622529
2 0.455169 0.632953
2 0.454713 0.647051
2 0.457477 0.728855
2 0.457465 0.754654
2 0.457539 0.767119
2 0.455425 0.787082
1 0.456899 0.797077
2 0.459021 0.833986
1 0.459558 0.865476
1 0.457722 0.936474
1 0.456332 0.954113
2 0.456595 0.975031
0 0.460146 0.039405
1 0.462617 0.0576055
1 0.46196 0.107208
2 0.465153 0.119616
2 0.46282 0.180466
2 0.461198 0.210514
2 0.4662 0.219562
1 0.461647 0.301197
2 0.462604 0.311739
2 0.462961 0.321412
2 0.46602 0.335644
2 0.460371 0.36579
2 0.46247 0.375211
0 0.464761 0.392821
2 0.460561 0.420196
2 0.466226 0.432276
0 0.460527 0.448427
2 0.461446 0.467078
2 0.462609 0.501445
2 0.462425 0.526052
0 0.464491 0.532736
2 0.465033 0.548236
2 0.46352 0.559657
2 0.465963 0.580762
2 0.464032 0.589335
2 0.460417 0.601483
2 0.464263 0.628093
1 0.464837 0.637557
2 0.462314 0.652174
2 0.461692 0.669268
1 0.463584 0.676284
2 0.46166 0.686015
1 0.463482 0.694625
2 0.462495 0.706681
2 0.462579 0.72119
2 0.461279 0.739212
2 0.464632 0.760579
1 0.461193 0.776865
1 0.464445 0.816395
2 0.460212 0.877663
2 0.46601 0.89275
2 0.466841 0.134654
2 0.472156 0.147665
2 0.471834 0.160585
2 0.471852 0.196723
1 0.469438 0.206609
2 0.469082 0.230831
1 0.470564 0.240817
2 0.472031 0.250777
2 0.468188 0.269261
2 0.466473 0.294993
2 0.470297 0.305847
1 0.472035 0.318822
2 0.471661 0.32708
2 0.468612 0.348892
2 0.466595 0.401688
1 0.466626 0.414329
2 0.467212 0.446266
2 0.468203 0.454989
2 0.471835 0.473456
2 0.470791 0.484528
2 0.466405 0.478596
2 0.470288 0.496872
1 0.469229 0.508492
2 0.470058 0.516742
2 0.467347 0.539361
2 0.471856 0.564809
2 0.466996 0.571383
2 0.472327 0.577328
2 0.471108 0.599146
2 0.467595 0.608522
2 0.472365 0.632764
2 0.47039 0.651663
2 0.469939 0.688101
2 0.469227 0.713313
2 0.472063 0.732294
1 0.4708 0.745696
2 0.471988 0.778393
2 0.471744 0.7976
2 0.469893 0.80816
2 0.471105 0.831439
1 0.470713 0.842059
2 0.470624 0.853564
2 0.468768 0.911994
1 0.469308 0.984084
1 0.47513 0.00742029
1 0.473277 0.0308608
2 0.473844 0.172378
1 0.477398 0.182491
2 0.476242 0.216022
1 0.47312 0.260493
1 0.476338 0.286945
0 0.477619 0.341455
1 0.47243 0.357547
1 0.473321 0.373954
2 0.472543 0.382461
2 0.473764 0.39022
2 0.474636 0.401695
2 0.474409 0.409802
2 0.477469 0.418192
1 0.47308 0.4313
2 0.474618 0.444799
1 0.476355 0.455323
2 0.474921 0.463334
2 0.476909 0.495759
2 0.476335 0.503797
2 0.477146 0.519721
2 0.47259 0.531978
2 0.473538 0.545874
2 0.473543 0.55467
2 0.477629 0.560898
2 0.478351 0.601218
2 0.473118 0.61576
1 0.47594 0.623688
2 0.472812 0.640867
2 0.474675 0.659498
1 0.478266 0.669843
2 0.473685 0.678983
2 0.476839 0.69484
1 0.476339 0.706331
2 0.474345 0.75611
2 0.476935 0.816161
1 0.474726 0.899881
1 0.47473 0.92409
0 0.476416 0.942588
1 0.481961 0.0597751
2 0.478884 0.085929
2 0.481999 0.118725
2 0.478569 0.226915
2 0.482864 0.236961
2 0.482264 0.266545
2 0.480952 0.277195
2 0.48099 0.293914
2 0.483076 0.320442
2 0.484488 0.339267
2 0.484447 0.348374
2 0.482018 0.355885
2 0.479367 0.368716
2 0.480964 0.381895
1 0.481996 0.392971
2 0.483275 0.405079
2 0.483499 0.412695
2 0.482954 0.43399
2 0.480931 0.450938
2 0.482711 0.461641
2 0.480169 0.471239
2 0.481497 0.485936
2 0.479347 0.529266
2 0.480488 0.544679
1 0.482324 0.585841
2 0.478664 0.609519
2 0.480787 0.617679
0 0.480784 0.647532
2 0.483835 0.655168
2 0.484315 0.663992
2 0.481521 0.687193
2 0.483484 0.701255
2 0.478921 0.715531
0 0.481565 0.731868
2 0.482337 0.749467
1 0.480051 0.765442
2 0.479716 0.785083
1 0.482594 0.799635
2 0.482464 0.842827
1 0.484065 0.858473
2 0.478791 0.873169
1 0.482718 0.962758
1 0.490067 0.131366
2 0.487131 0.142825
2 0.486471 0.16443
2 0.485693 0.19492
2 0.485831 0.208879
2 0.486808 0.254901
2 0.48864 0.287423
0 0.484942 0.305231
2 0.490677 0.313886
2 0.486894 0.327771
2 0.489035 0.372467
2 0.489156 0.384827
1 0.487498 0.418305
2 0.485449 0.427324
2 0.490694 0.475515
0 0.488782 0.485827
2 0.48715 0.497701
2 0.49048 0.508069
2 0.485024 0.50455
2 0.485144 0.5126
1 0.489602 0.517094
2 0.486199 0.523281
2 0.488095 0.535447
2 0.490326 0.542007
2 0.486445 0.551089
2 0.484946 0.562148
2 0.48759 0.570276
2 0.486897 0.578153
2 0.487988 0.598467
1 0.489156 0.609841
2 0.490796 0.619526
2 0.485105 0.631933
2 0.489439 0.638351
2 0.486201 0.675459
2 0.487714 0.714396
2 0.487623 0.739808
2 0.490371 0.761529
2 0.489924 0.816039
1 0.485673 0.884471
0 0.485219 0.99072
2 0.496127 0.0521524
1 0.49689 0.103265
2 0.495394 0.155286
2 0.496351 0.174153
2 0.493487 0.187137
2 0.490911 0.220336
1 0.492461 0.229214
2 0.493998 0.239318
1 0.494737 0.252008
2 0.496442 0.305581
1 0.492119 0.322612
2 0.494939 0.332606
2 0.490882 0.362233
1 0.493498 0.379274
2 0.496574 0.389401
2 0.49221 0.398908
2 0.492951 0.412268
2 0.495121 0.424227
2 0.492141 0.440894
2 0.493443 0.456045
1 0.495063 0.464438
2 0.496204 0.486902
2 0.493645 0.496119
2 0.496611 0.510688
2 0.494728 0.526567
1 0.493834 0.558722
2 0.494176 0.579583
2 0.494309 0.587754
1 0.493966 0.62601
2 0.491558 0.649536
2 0.49134 0.659617
0 0.492222 0.68326
2 0.496636 0.695734
2 0.494153 0.708577
1 0.494588 0.744472
2 0.492339 0.772469
1 0.494315 0.784371
2 0.490882 0.795209
1 0.491658 0.832209
2 0.496696 0.844587
2 0.496162 0.865394
0 0.493112 0.898941
2 0.494462 0.924464
1 0.492566 0.977657
1 0.500225 0.00176206
2 0.500714 0.0770641
2 0.497187 0.116834
2 0.499989 0.138594
2 0.498334 0.203535
2 0.500821 0.246318
0 0.497946 0.271182
2 0.497095 0.280862
2 0.498653 0.296363
2 0.499131 0.324662
2 0.499 0.344473
1 0.49699 0.354357
2 0.502881 0.369851
2 0.501834 0.410875
2 0.502046 0.419129
2 0.499169 0.430354
2 0.499252 0.441685
2 0.502112 0.450619
2 0.497252 0.472825
2 0.498545 0.500705
2 0.499906 0.517429
2 0.498358 0.54627
2 0.499785 0.570098
1 0.501489 0.592873
2 0.496943 0.597484
2 0.498258 0.609765
2 0.501845 0.62432
2 0.499783 0.644961
2 0.501721 0.656954
1 0.500924 0.663784
2 0.497785 0.672095
2 0.501748 0.713356
2 0.497818 0.722702
2 0.499266 0.736153
2 0.499712 0.752498
1 0.50193 0.767214
2 0.498153 0.804837
0 0.502211 0.854033
2 0.498308 0.886697
1 0.496999 0.941885
1 0.502329 0.958483
1 0.50385 0.0393024
2 0.505358 0.165972
2 0.505547 0.181348
1 0.50545 0.192973
2 0.504793 0.226501
2 0.508237 0.279558
1 0.506356 0.30875
2 0.507992 0.318809
2 0.505714 0.349853
2 0.507657 0.376254
2 0.503404 0.383444
1 0.507786 0.389894
2 0.50598 0.398495
2 0.507332 0.427951
1 0.50863 0.434801
2 0.505566 0.46869
2 0.504874 0.478214
2 0.505395 0.49239
2 0.505471 0.502033
2 0.507169 0.515969
2 0.503723 0.522813
2 0.507703 0.529299
2 0.503529 0.537295
2 0.50608 0.545903
2 0.504418 0.554501
2 0.505266 0.564841
2 0.507025 0.581256
2 0.508361 0.601954
2 0.506733 0.609734
2 0.503639 0.617038
2 0.506043 0.639228
2 0.505767 0.650105
2 0.508313 0.671696
2 0.503694 0.687346
1 0.507043 0.700559
1 0.507851 0.719683
2 0.506866 0.760086
2 0.507996 0.780187
2 0.507521 0.792241
2 0.503164 0.817814
2 0.50457 0.835095
2 0.505939 0.902059
1 0.507648 0.921219
1 0.509647 0.0621088
2 0.514807 0.103023
2 0.510744 0.126291
0 0.512163 0.138157
2 0.511221 0.210468
0 0.510554 0.219031
2 0.510327 0.237828
1 0.512788 0.24624
2 0.510149 0.263029
1 0.514836 0.275303
2 0.509455 0.291477
1 0.511448 0.334141
2 0.514799 0.344221
2 0.513944 0.357161
2 0.514754 0.367606
2 0.515072 0.382816
0 0.51085 0.408211
2 0.509669 0.449893
2 0.513651 0.456609
2 0.514886 0.466401
2 0.515088 0.47626
1 0.510697 0.481824
2 0.513913 0.49321
2 0.513501 0.509161
1 0.512858 0.525847
2 0.512091 0.567849
2 0.514822 0.586015
2 0.510185 0.624425
2 0.511158 0.633498
1 0.512817 0.650538
2 0.511907 0.658884
2 0.511889 0.683541
2 0.514717 0.696442
2 0.511358 0.708755
2 0.509901 0.73261
2 0.509299 0.750478
2 0.515321 0.76625
0 0.511735 0.800773
2 0.514703 0.844639
2 0.513537 0.859002
1 0.512973 0.87268
0 0.510771 0.948868
1 0.518308 0.00690993
1 0.517642 0.0885347
2 0.519638 0.18294
2 0.520742 0.205093
2 0.516909 0.22814
2 0.52107 0.238
2 0.517916 0.28264
2 0.516169 0.301964
2 0.519801 0.311956
2 0.516361 0.320229
2 0.515866 0.32842
2 0.515957 0.417651
2 0.517892 0.433841
2 0.518875 0.441613
1 0.521293 0.465295
2 0.519516 0.485671
2 0.516222 0.501932
2 0.515785 0.515698
2 0.520762 0.524293
2 0.521438 0.53265
2 0.518628 0.545124
2 0.519744 0.552415
2 0.515514 0.559346
0 0.52074 0.565211
2 0.517601 0.577524
2 0.517561 0.595195
2 0.520566 0.602324
0 0.516779 0.613249
2 0.518555 0.626584
1 0.517902 0.635426
2 0.520853 0.642018
2 0.516085 0.666489
2 0.515645 0.675145
1 0.519138 0.686828
0 0.521014 0.71146
2 0.520239 0.719216
2 0.516998 0.740914
2 0.521138 0.81895
1 0.515599 0.834908
2 0.519555 0.892402
2 0.520203 0.925144
0 0.520895 0.991068
0 0.522227 0.0379694
2 0.524239 0.0733379
2 0.526175 0.126547
2 0.522006 0.153875
2 0.524446 0.166109
2 0.523332 0.249005
1 0.525609 0.259523
2 0.52708 0.300191
2 0.525354 0.321258
2 0.524133 0.342745
1 0.522283 0.358927
2 0.525411 0.365566
1 0.523507 0.376782
2 0.521588 0.390534
2 0.522215 0.400267
2 0.523089 0.410199
2 0.521776 0.42265
0 0.525694 0.442789
2 0.523796 0.450935
2 0.525865 0.459698
2 0.524857 0.473357
2 0.526161 0.484315
1 0.522779 0.497233
2 0.523189 0.508952
2 0.525784 0.517451
2 0.524388 0.559693
2 0.525385 0.582716
1 0.52251 0.589224
2 0.524308 0.612031
2 0.524365 0.654033
2 0.524442 0.675709
2 0.522863 0.697646
1 0.521845 0.733015
2 0.526765 0.739397
0 0.52742 0.750822
2 0.525189 0.759052
2 0.521524 0.785713
2 0.526252 0.8355
1 0.527522 0.859124
2 0.52251 0.868514
2 0.526085 0.905273
1 0.522763 0.949136
1 0.521783 0.965787
2 0.530815 0.0962447
2 0.528598 0.11204
2 0.532237 0.186964
1 0.5327 0.203315
2 0.532799 0.215723
2 0.530639 0.226942
2 0.529172 0.271534
1 0.532452 0.287118
1 0.531111 0.337877
2 0.531807 0.347935
2 0.532552 0.360663
2 0.532248 0.372745
2 0.532509 0.380774
2 0.532032 0.401919
2 0.532614 0.410702
1 0.529508 0.420498
2 0.529967 0.454076
2 0.529499 0.465956
2 0.532461 0.490609
2 0.533428 0.503783
2 0.528374 0.535763
1 0.533271 0.540556
2 0.530448 0.547734
2 0.527638 0.568303
2 0.529322 0.602721
2 0.533348 0.611553
2 0.530427 0.618493
2 0.533541 0.626806
2 0.533134 0.639051
0 0.532848 0.666852
2 0.529375 0.688545
2 0.531429 0.699983
2 0.530429 0.71074
2 0.533424 0.727255
2 0.530108 0.767607
1 0.530443 0.784585
2 0.528227 0.80066
1 0.530001 0.813075
2 0.530726 0.825353
2 0.530951 0.848163
1 0.528768 0.934068
1 0.537961 0.0114436
2 0.535954 0.152476
2 0.535676 0.243432
2 0.535389 0.254408
2 0.538675 0.298189
1 0.536072 0.306009
2 0.535698 0.317867
2 0.534811 0.330616
2 0.539391 0.392444
2 0.536088 0.425558
2 0.534332 0.432966
2 0.537153 0.446
2 0.539524 0.45354
1 0.536349 0.472835
2 0.534225 0.47981
2 0.539733 0.487005
0 0.535491 0.511005
2 0.538313 0.517488
2 0.534347 0.524076
2 0.535292 0.55704
2 0.534145 0.572747
2 0.536221 0.585316
2 0.534787 0.592974
2 0.537781 0.61807
2 0.537974 0.646043
2 0.534497 0.65669
2 0.534008 0.681484
2 0.539814 0.698792
2 0.535625 0.71778
2 0.539318 0.735121
2 0.537678 0.744496
2 0.535676 0.753926
2 0.536589 0.777553
2 0.539515 0.817405
1 0.537098 0.837943
2 0.539671 0.864291
1 0.534497 0.896537
1 0.537947 0.956357
1 0.539984 0.0673542
0 0.544948 0.0859834
2 0.540394 0.121105
1 0.542732 0.164832
2 0.54408 0.178805
2 0.5416 0.205201
2 0.540979 0.225089
2 0.544768 0.268366
2 0.545716 0.306357
2 0.542732 0.335216
2 0.542149 0.348467
2 0.540112 0.362567
1 0.544429 0.370361
2 0.541966 0.377255
2 0.544738 0.384284
1 0.54158 0.405556
2 0.540169 0.418091
1 0.544786 0.428315
2 0.543266 0.434669
2 0.544275 0.444905
2 0.542559 0.461486
2 0.545705 0.472028
2 0.545008 0.479254
2 0.544333 0.506381
2 0.54246 0.554323
2 0.544383 0.561964
1 0.540194 0.567757
1 0.545568 0.584032
1 0.542573 0.60089
1 0.54473 0.617699
1 0.542262 0.633965
2 0.542061 0.653906
2 0.541453 0.670448
1 0.544514 0.707864
1 0.542931 0.727289
2 0.543827 0.760626
2 0.540366 0.79959
2 0.542234 0.878273
1 0.542686 0.915168
0 0.544961 0.932265
1 0.540991 0.973219
1 0.547325 0.0317269
2 0.54748 0.138242
2 0.550201 0.197963
0 0.54853 0.214609
2 0.547656 0.234046
1 0.547896 0.243696
2 0.549617 0.256989
2 0.54665 0.27937
1 0.546318 0.326181
2 0.546911 0.342222
2 0.548244 0.413627
2 0.550643 0.420603
2 0.550169 0.448998
1 0.54629 0.454905
2 0.551881 0.475325
1 0.551075 0.482918
2 0.546396 0.491081
2 0.549211 0.500837
2 0.546773 0.515497
2 0.546707 0.525232
2 0.5462 0.533013
2 0.54636 0.545085
2 0.550758 0.556512
2 0.550362 0.570619
2 0.547752 0.577339
2 0.551205 0.59453
2 0.547332 0.606837
2 0.548625 0.623534
2 0.550875 0.633397
2 0.549756 0.641163
2 0.548836 0.664311
1 0.550561 0.672168
1 0.54677 0.688717
2 0.549604 0.736843
2 0.549471 0.75281
1 0.55161 0.777973
2 0.548289 0.790175
2 0.546828 0.809103
2 0.549519 0.830046
2 0.547333 0.849452
1 0.551377 0.862404
0 0.551956 0.894235
1 0.551957 0.99742
2 0.556067 0.0942382
2 0.55625 0.186097
2 0.558019 0.206299
2 0.556026 0.228178
1 0.552954 0.265184
2 0.556191 0.275104
2 0.553116 0.285819
2 0.554572 0.300388
0 0.554371 0.309636
2 0.556708 0.323551
2 0.553708 0.33536
1 0.555008 0.346128
2 0.553103 0.3537
2 0.555295 0.36264
2 0.555534 0.373459
2 0.553435 0.38453
2 0.555339 0.395877
2 0.552155 0.403533
2 0.552535 0.433759
2 0.552736 0.441174
2 0.555896 0.466488
2 0.557902 0.482434
2 0.556882 0.500566
1 0.55223 0.507025
2 0.558067 0.518686
2 0.555375 0.528925
2 0.55601 0.536526
2 0.554468 0.549377
2 0.555352 0.56186
2 0.556068 0.580281
2 0.55679 0.588219
2 0.55382 0.601943
1 0.557541 0.627912
0 0.554959 0.64553
2 0.555211 0.653865
2 0.553971 0.68068
2 0.555052 0.700914
2 0.552573 0.708913
2 0.552258 0.717867
2 0.556355 0.760555
2 0.556321 0.875216
1 0.556253 0.940819
1 0.557418 0.961185
0 0.560652 0.0216602
1 0.559154 0.111734
2 0.560349 0.146102
2 0.562272 0.162678
1 0.560406 0.196341
2 0.558291 0.217024
2 0.55982 0.249111
2 0.563884 0.26842
1 0.562099 0.28662
2 0.56335 0.297275
2 0.56291 0.316797
2 0.563143 0.331308
2 0.561172 0.340324
2 0.562016 0.388102
2 0.560502 0.402412
2 0.562141 0.412155
1 0.56284 0.419147
2 0.558768 0.428717
2 0.560419 0.441453
2 0.562843 0.452838
1 0.563963 0.468977
2 0.563171 0.486932
2 0.561218 0.494018
2 0.561151 0.506271
2 0.564341 0.531682
1 0.559958 0.541746
2 0.561873 0.556808
2 0.558989 0.57273
0 0.563244 0.584045
2 0.561787 0.602004
1 0.560119 0.612706
2 0.558913 0.62139
2 0.564056 0.633271
2 0.562255 0.641074
2 0.561575 0.649263
2 0.558668 0.670179
0 0.561245 0.689884
2 0.562872 0.709696
2 0.559064 0.727169
1 0.558851 0.740217
2 0.561047 0.774233
2 0.559991 0.785824
1 0.558868 0.797895
2 0.558841 0.807482
2 0.561584 0.822128
2 0.562373 0.845693
2 0.562814 0.860908
1 0.562799 0.90909
0 0.558884 0.981065
1 0.570545 0.0353085
1 0.565232 0.0558267
2 0.566172 0.129117
2 0.565215 0.175491
2 0.564506 0.240476
2 0.569882 0.28241
2 0.565221 0.352229
2 0.569384 0.359563
0 0.566726 0.368407
2 0.565942 0.381477
1 0.567924 0.392652
0 0.564871 0.434791
1 0.56669 0.498592
2 0.568956 0.506964
2 0.569767 0.515688
2 0.567847 0.52323
2 0.567448 0.543234
2 0.569746 0.550157
2 0.567388 0.562257
2 0.566236 0.577448
2 0.5659 0.590051
2 0.569866 0.597588
2 0.568332 0.607297
2 0.570434 0.625378
1 0.56869 0.646396
2 0.564718 0.660778
1 0.568705 0.667657
1 0.56726 0.721287
2 0.569026 0.730204
2 0.566068 0.753235
2 0.565891 0.763486
2 0.57032 0.787235
2 0.568497 0.802123
1 0.567136 0.835367
2 0.565847 0.885888
1 0.569635 0.994265
1 0.574138 0.0758157
2 0.576463 0.118503
2 0.574758 0.202505
1 0.576511 0.220951
2 0.573624 0.232048
2 0.573959 0.249357
2 0.575383 0.292366
2 0.57218 0.308377
2 0.576023 0.319634
1 0.570584 0.329406
2 0.574416 0.368408
2 0.573286 0.376287
2 0.572954 0.399957
2 0.572489 0.407598
2 0.57138 0.417491
2 0.576189 0.440418
2 0.572194 0.458783
2 0.574223 0.471647
2 0.571144 0.4798
2 0.574046 0.497236
0 0.575039 0.521393
2 0.574694 0.532863
1 0.575946 0.547263
2 0.575018 0.556961
1 0.570865 0.570987
1 0.574184 0.603725
1 0.573751 0.631117
2 0.572602 0.638162
2 0.575459 0.64577
2 0.572593 0.659178
2 0.572821 0.679885
2 0.572706 0.695642
2 0.573753 0.706046
2 0.575933 0.72125
2 0.573797 0.743688
0 0.575198 0.76497
2 0.575053 0.822236
1 0.575737 0.875432
1 0.57627 0.94371
1 0.582097 0.0102049
2 0.582242 0.140231
2 0.577645 0.164295
2 0.579978 0.183846
1 0.577789 0.261514
2 0.582268 0.27129
2 0.580417 0.303595
2 0.579296 0.328573
2 0.577758 0.33719
1 0.578112 0.347938
2 0.579831 0.362228
2 0.58069 0.381485
2 0.58183 0.389597
1 0.581861 0.411577
2 0.580687 0.420905
2 0.577056 0.429287
2 0.578636 0.447777
2 0.57838 0.462645
0 0.581503 0.487273
2 0.582216 0.499846
2 0.576894 0.5058
2 0.57987 0.540909
2 0.582207 0.559132
2 0.582479 0.56901
2 0.581175 0.576341
2 0.578319 0.583768
2 0.580811 0.602305
0 0.577407 0.617261
2 0.581639 0.638089
2 0.580918 0.663552
2 0.577003 0.671781
2 0.578747 0.778724
2 0.580259 0.803492
0 0.578624 0.812825
2 0.580609 0.83932
1 0.582273 0.856172
2 0.582518 0.902535
1 0.581029 0.976689
1 0.588129 0.0444096
2 0.585706 0.219096
2 0.584233 0.229531
0 0.584852 0.243869
2 0.588831 0.261283
2 0.58411 0.28344
2 0.584922 0.31377
2 0.586646 0.334505
2 0.584572 0.344125
2 0.585517 0.355374
1 0.583785 0.369665
2 0.582908 0.400008
2 0.588575 0.410108
2 0.587958 0.417846
1 0.583861 0.428539
2 0.587571 0.434334
2 0.584914 0.442466
1 0.586672 0.4502
1 0.585719 0.472801
2 0.587706 0.50576
2 0.587114 0.522694
1 0.587417 0.529664
2 0.582908 0.547614
2 0.588746 0.552341
2 0.5866 0.588766
2 0.586457 0.629859
1 0.585178 0.648707
2 0.587707 0.656855
2 0.588865 0.668714
1 0.583985 0.6956
2 0.588368 0.711397
2 0.588192 0.725988
1 0.583443 0.737968
2 0.586131 0.757861
2 0.584382 0.768498
1 0.588406 0.794451
1 0.584789 0.924566
2 0.591846 0.110199
0 0.589709 0.15191
1 0.594707 0.179718
2 0.590433 0.209504
2 0.592364 0.239203
2 0.594686 0.282267
2 0.589784 0.294596
2 0.594387 0.315511
2 0.589408 0.323467
2 0.592096 0.367928
2 0.59047 0.380689
1 0.589812 0.393049
2 0.592141 0.403207
2 0.590271 0.425933
2 0.594941 0.434965
2 0.592388 0.443457
2 0.593795 0.458241
2 0.589257 0.467406
2 0.592376 0.488578
2 0.589374 0.49567
2 0.591975 0.517219
2 0.592877 0.539458
0 0.591965 0.559923
2 0.589314 0.578036
1 0.590528 0.595361
2 0.58904 0.606739
2 0.589867 0.614674
1 0.593983 0.620606
2 0.590137 0.682154
2 0.592092 0.734969
1 0.594747 0.7725
2 0.590309 0.783362
2 0.591333 0.806521
2 0.589863 0.824348
2 0.594294 0.85008
2 0.590624 0.8754
1 0.590285 0.888521
0 0.591073 0.944595
1 0.599304 0.0781106
2 0.598831 0.132895
2 0.597791 0.16362
2 0.59512 0.192811
2 0.597061 0.223568
2 0.599511 0.253049
2 0.596846 0.269533
1 0.595551 0.303738
2 0.598013 0.327885
2 0.596799 0.349102
2 0.600552 0.375324
2 0.59797 0.3902
2 0.600206 0.40016
2 0.599998 0.40827
2 0.59558 0.417465
2 0.596353 0.480631
2 0.599705 0.495478
1 0.59704 0.50175
2 0.595374 0.510516
2 0.599122 0.522795
2 0.598153 0.555308
2 0.597992 0.566922
1 0.597547 0.578865
2 0.596849 0.588955
2 0.597073 0.598229
2 0.599541 0.611327
2 0.595304 0.640585
2 0.599983 0.669139
1 0.600291 0.67776
2 0.595226 0.689592
1 0.599146 0.704872
1 0.595772 0.75197
2 0.601116 0.782304
1 0.600703 0.833275
1 0.600492 0.905818
1 0.599508 0.9562
2 0.60521 0.0036052
1 0.605371 0.104045
1 0.60457 0.210003
1 0.604309 0.231699
2 0.60541 0.283146
2 0.607358 0.296888
2 0.604894 0.306492
2 0.605566 0.322953
0 0.604588 0.332575
2 0.605351 0.34385
1 0.602616 0.354976
2 0.605236 0.36599
1 0.606886 0.379308
2 0.602951 0.42926
2 0.603114 0.442625
2 0.601535 0.453904
0 0.603004 0.463046
2 0.604236 0.470021
1 0.60736 0.482076
2 0.602111 0.507732
2 0.60241 0.516242
1 0.606547 0.535753
2 0.60264 0.573519
1 0.607187 0.593532
2 0.605613 0.603288
2 0.60158 0.621719
2 0.603146 0.633686
2 0.60211 0.653687
0 0.607072 0.661774
2 0.603089 0.693224
2 0.60349 0.714074
0 0.604008 0.734316
2 0.603774 0.747328
2 0.603258 0.766247
2 0.605544 0.794853
2 0.604846 0.842564
2 0.603127 0.889984
1 0.611006 0.0380673
2 0.60865 0.148116
2 0.611208 0.190906
2 0.608459 0.261786
1 0.612286 0.270677
2 0.61003 0.356214
0 0.612146 0.395405
2 0.61013 0.403218
2 0.609764 0.41383
2 0.611581 0.427298
2 0.60852 0.437332
2 0.611718 0.450683
2 0.610998 0.459649
2 0.612791 0.467155
2 0.612511 0.486731
2 0.611793 0.501692
2 0.608255 0.527776
2 0.607958 0.542649
2 0.609579 0.550107
2 0.609097 0.5607
2 0.610947 0.58627
0 0.61171 0.618962
2 0.609793 0.642664
2 0.610179 0.677682
2 0.612951 0.689998
2 0.611204 0.703525
2 0.611482 0.721514
2 0.610367 0.776815
1 0.607884 0.808194
0 0.608556 0.859529
2 0.607471 0.871018
1 0.608133 0.924823
2 0.61458 0.207756
2 0.613981 0.221554
2 0.618717 0.248015
2 0.6194 0.263593
2 0.618338 0.280695
0 0.61723 0.292522
2 0.616689 0.30172
2 0.614872 0.316492
2 0.616396 0.326708
2 0.614321 0.337676
2 0.61836 0.347681
2 0.617633 0.364454
2 0.615361 0.385289
2 0.618609 0.405748
2 0.61499 0.44186
2 0.617313 0.476563
2 0.613543 0.510426
2 0.615579 0.537899
2 0.616235 0.556597
1 0.618159 0.569211
2 0.615695 0.577361
2 0.618661 0.590144
2 0.615707 0.602902
2 0.61774 0.623241
1 0.614431 0.636236
2 0.614339 0.664938
2 0.619464 0.698549
2 0.614612 0.730933
2 0.614635 0.760608
2 0.613775 0.820182
2 0.618169 0.845901
2 0.618927 0.879694
1 0.615199 0.89247
0 0.619164 0.911227
1 0.61928 0.981955
1 0.62544 0.00282831
0 0.625716 0.0558873
2 0.621118 0.114775
2 0.623315 0.133916
1 0.620472 0.166514
2 0.62038 0.179351
2 0.622584 0.195944
2 0.622022 0.231979
2 0.625434 0.309826
2 0.623008 0.332592
2 0.623087 0.357556
2 0.62008 0.373294
1 0.625487 0.403588
2 0.624841 0.41472
2 0.622106 0.424078
0 0.622575 0.432652
1 0.620601 0.447191
2 0.621627 0.453953
1 0.62193 0.462578
2 0.625761 0.470841
0 0.620068 0.491863
2 0.620636 0.504114
2 0.620945 0.520232
2 0.623656 0.543524
2 0.623541 0.582625
1 0.6254 0.60261
2 0.622539 0.633421
2 0.619728 0.648067
1 0.622719 0.654736
2 0.624329 0.675698
1 0.622943 0.691032
2 0.625183 0.712982
1 0.620232 0.72222
2 0.620997 0.74072
2 0.62544 0.752746
1 0.625105 0.774248
2 0.622156 0.78552
2 0.620765 0.831918
2 0.622657 0.865827
1 0.621638 0.948468
1 0.629679 0.0884811
1 0.626857 0.205252
2 0.62864 0.214949
1 0.62796 0.253639
2 0.627216 0.274753
2 0.631273 0.326446
2 0.631109 0.336087
2 0.629396 0.346486
2 0.627408 0.3659
2 0.62821 0.389344
1 0.628821 0.420653
2 0.630175 0.439697
2 0.628965 0.447896
2 0.629758 0.457682
2 0.627791 0.48375
2 0.628311 0.496569
1 0.631504 0.518988
2 0.626087 0.526015
1 0.626121 0.534942
2 0.631695 0.543968
2 0.62652 0.555509
2 0.626975 0.572349
2 0.628252 0.589772
2 0.628194 0.615974
2 0.631558 0.627333
2 0.629424 0.641394
2 0.625819 0.663188
2 0.629987 0.694903
2 0.630459 0.724912
2 0.631035 0.735491
1 0.630257 0.798633
2 0.626334 0.812742
1 0.627075 0.856249
2 0.630497 0.901442
1 0.636217 0.0245614
0 0.633837 0.120989
2 0.632437 0.150948
2 0.632002 0.185669
2 0.634484 0.228138
2 0.632338 0.241562
2 0.637258 0.278742
2 0.633218 0.298673
2 0.633453 0.315724
2 0.636724 0.353157
0 0.636501 0.361763
1 0.634209 0.383684
2 0.633114 0.400202
2 0.635581 0.413414
2 0.63668 0.42475
2 0.632176 0.431474
2 0.63424 0.470303
2 0.635803 0.490659
2 0.635098 0.50171
2 0.634917 0.511593
2 0.635932 0.526985
2 0.633937 0.536371
2 0.635435 0.55445
2 0.634162 0.563652
2 0.636059 0.57373
1 0.636646 0.586462
2 0.633958 0.59553
2 0.632227 0.604693
1 0.637544 0.633394
2 0.634915 0.664667
2 0.637199 0.679951
2 0.634699 0.704774
1 0.635958 0.747897
2 0.633831 0.760284
2 0.634603 0.776048
2 0.637523 0.821178
2 0.63534 0.84406
2 0.637255 0.860857
1 0.636668 0.884969
1 0.634593 0.932273
2 0.643879 0.113248
2 0.643428 0.134662
2 0.639133 0.169633
2 0.64139 0.205081
2 0.643501 0.263382
2 0.64298 0.288101
2 0.640438 0.306676
1 0.640307 0.320575
2 0.638295 0.374862
2 0.639752 0.394249
2 0.642452 0.435341
2 0.642369 0.445971
2 0.638502 0.454974
2 0.641993 0.462283
2 0.643284 0.471521
1 0.638295 0.479113
2 0.641051 0.506674
2 0.643033 0.52238
2 0.63875 0.54724
0 0.643084 0.566031
2 0.642269 0.582019
1 0.644041 0.604719
2 0.641448 0.611978
2 0.642862 0.621445
2 0.639373 0.644627
2 0.643226 0.687685
2 0.639627 0.719836
2 0.641364 0.737033
2 0.639757 0.786965
2 0.641888 0.80426
0 0.642442 0.833055
0 0.640627 0.95366
1 0.641096 0.988665
1 0.650159 0.0500834
1 0.645471 0.0721739
2 0.648062 0.188071
2 0.645856 0.236122
0 0.648029 0.249395
2 0.649884 0.325016
2 0.649076 0.335106
2 0.644804 0.343352
2 0.645603 0.364161
2 0.646669 0.379092
2 0.647987 0.389761
2 0.645144 0.403814
2 0.646924 0.413399
1 0.64455 0.421205
2 0.647616 0.454987
2 0.648939 0.478282
2 0.645018 0.490952
1 0.650089 0.498125
0 0.650167 0.521612
2 0.644204 0.534745
1 0.649391 0.542664
2 0.647727 0.558998
2 0.650152 0.593114
2 0.647319 0.631169
2 0.648036 0.642443
1 0.645789 0.655564
2 0.647181 0.677738
1 0.646128 0.705728
2 0.649447 0.719548
1 0.645469 0.727366
2 0.649512 0.751434
2 0.649638 0.773869
2 0.646379 0.873586
1 0.645595 0.904797
1 0.65221 0.00638391
2 0.653529 0.0988362
0 0.652824 0.172443
2 0.651191 0.222823
2 0.652578 0.258213
1 0.652087 0.282892
2 0.652577 0.296021
2 0.652417 0.315974
2 0.655216 0.346523
2 0.653788 0.359861
2 0.654107 0.372242
2 0.653268 0.39797
1 0.655224 0.408081
2 0.651823 0.422423
2 0.653823 0.434281
0 0.653031 0.441042
2 0.651208 0.447523
2 0.655354 0.461172
2 0.650926 0.468129
2 0.655834 0.490462
2 0.651656 0.506833
2 0.655897 0.527304
2 0.65344 0.535751
2 0.65074 0.570828
2 0.650482 0.611205
2 0.651248 0.66864
2 0.652318 0.697279
2 0.655053 0.727276
2 0.654455 0.803102
2 0.653991 0.815695
2 0.653915 0.827978
2 0.652093 0.845222
1 0.654748 0.966211
0 0.661282 0.0300089
1 0.661693 0.136217
2 0.657638 0.149666
2 0.660957 0.183548
2 0.657972 0.201896
2 0.658074 0.232865
2 0.660605 0.26678
2 0.661567 0.279541
2 0.661221 0.291447
2 0.659096 0.303542
1 0.660846 0.368549
2 0.660136 0.378254
1 0.657088 0.385106
2 0.660822 0.4021
2 0.660621 0.412742
2 0.658749 0.450498
1 0.657381 0.471815
2 0.659281 0.501326
2 0.658196 0.519735
2 0.662033 0.535489
2 0.65773 0.550326
1 0.658306 0.557469
2 0.658967 0.576948
2 0.660698 0.59624
2 0.65918 0.608051
2 0.658818 0.623936
2 0.658066 0.636995
2 0.659143 0.645955
2 0.656464 0.657732
2 0.658285 0.676065
2 0.659181 0.686684
2 0.660693 0.711329
2 0.65758 0.743855
2 0.66062 0.777057
1 0.657315 0.791638
1 0.662466 0.854121
2 0.66154 0.86488
2 0.65793 0.896572
0 0.658217 0.916168
1 0.659304 0.934165
0 0.659753 0.986462
1 0.664102 0.0839721
1 0.663191 0.109164
1 0.662768 0.218279
2 0.662945 0.249277
1 0.667867 0.260164
2 0.664296 0.31955
2 0.66814 0.333519
1 0.663613 0.343835
2 0.662863 0.359694
1 0.668452 0.398104
2 0.66325 0.424985
1 0.668554 0.434556
2 0.664885 0.441659
1 0.66636 0.454927
2 0.663248 0.480844
1 0.663869 0.488209
2 0.666349 0.50937
2 0.665325 0.566216
0 0.666699 0.604941
2 0.663799 0.61639
1 0.667517 0.639401
2 0.666141 0.668448
0 0.662986 0.69459
2 0.666864 0.732066
2 0.66827 0.74752
1 0.666523 0.76408
2 0.66849 0.807708
1 0.665009 0.823566
1 0.667898 0.906704
1 0.673745 0.00329772
1 0.671542 0.170932
2 0.670188 0.19314
2 0.672665 0.231487
2 0.669534 0.272001
2 0.671085 0.291143
2 0.669022 0.302202
2 0.668732 0.369066
2 0.673038 0.381225
2 0.668896 0.389917
2 0.674116 0.405401
0 0.668897 0.413342
2 0.671556 0.450174
2 0.669834 0.466338
2 0.670747 0.487579
2 0.669693 0.516831
2 0.670696 0.530501
1 0.671263 0.543625
2 0.670494 0.557752
2 0.671537 0.575911
1 0.669079 0.585035
2 0.673248 0.595704
2 0.674815 0.61899
2 0.671984 0.632918
2 0.669604 0.649272
2 0.671894 0.679711
2 0.671707 0.689559
1 0.668743 0.714583
2 0.672523 0.724184
2 0.670608 0.788414
2 0.669671 0.83835
2 0.674562 0.850784
0 0.669231 0.877432
1 0.672209 0.968405
1 0.680029 0.0339603
0 0.67772 0.0898058
2 0.674999 0.133722
2 0.679974 0.15845
2 0.679881 0.203543
2 0.68023 0.240375
2 0.679152 0.25587
2 0.679205 0.296768
0 0.676297 0.309065
1 0.678329 0.33037
2 0.675261 0.344147
2 0.675415 0.358731
2 0.675421 0.395711
2 0.679223 0.416006
2 0.677187 0.424624
2 0.675732 0.440708
2 0.680641 0.453092
2 0.675886 0.472077
1 0.678886 0.492507
2 0.679422 0.509335
1 0.678792 0.525128
2 0.678665 0.547047
1 0.677287 0.56245
2 0.677332 0.58618
2 0.679718 0.606401
2 0.679856 0.639366
1 0.675124 0.662614
2 0.678282 0.670458
2 0.676652 0.698766
0 0.674912 0.740307
2 0.67818 0.761486
2 0.679111 0.820349
1 0.679054 0.864227
1 0.687024 0.0539279
1 0.682081 0.0731979
2 0.682847 0.115533
0 0.686972 0.13178
1 0.681619 0.1928
2 0.685246 0.216717
2 0.68516 0.274155
1 0.68435 0.288358
2 0.686331 0.308517
2 0.681747 0.321786
2 0.684013 0.340131
1 0.683253 0.359779
2 0.681387 0.373805
0 0.68512 0.380409
1 0.684606 0.410124
1 0.684754 0.426275
1 0.686209 0.441929
1 0.682565 0.461889
1 0.682128 0.476553
2 0.685635 0.483606
2 0.683873 0.501291
2 0.686333 0.518192
2 0.684968 0.534358
2 0.686237 0.571463
2 0.68473 0.593249
2 0.685815 0.61985
2 0.684112 0.628387
2 0.682631 0.65564
2 0.687035 0.70742
2 0.686825 0.720002
2 0.686426 0.735563
2 0.682579 0.748136
2 0.682045 0.778044
2 0.685886 0.801751
1 0.684023 0.846004
1 0.68181 0.893917
1 0.684634 0.913501
0 0.687033 0.954279
1 0.684252 0.985088
2 0.689793 0.178284
2 0.689139 0.231043
2 0.692259 0.26082
2 0.690102 0.352205
2 0.689563 0.364742
2 0.689646 0.386737
2 0.687997 0.398638
2 0.691381 0.420704
2 0.691832 0.430218
2 0.688955 0.475308
2 0.691304 0.494932
2 0.691223 0.50954
2 0.689917 0.52574
2 0.687794 0.544713
2 0.688347 0.556497
2 0.691452 0.578948
1 0.688459 0.604065
2 0.689643 0.635949
2 0.690798 0.647834
2 0.688312 0.675108
2 0.687988 0.688646
1 0.689616 0.754994
0 0.688948 0.825981
2 0.691495 0.856053
2 0.690143 0.881531
1 0.690732 0.929218
1 0.692259 0.970094
1 0.695678 0.0923947
2 0.694769 0.146026
2 0.696998 0.165368
1 0.695095 0.210531
2 0.694689 0.242249
2 0.69523 0.281507
2 0.696536 0.328368
2 0.697947 0.344521
2 0.698657 0.377101
2 0.698099 0.396326
2 0.695588 0.406296
2 0.694519 0.44322
0 0.697944 0.452879
2 0.694074 0.462618
1 0.696996 0.469644
0 0.696515 0.543355
2 0.697087 0.559755
2 0.696013 0.568119
2 0.698595 0.594286
2 0.696945 0.613976
2 0.694125 0.623028
2 0.698415 0.658623
2 0.69584 0.669304
1 0.699373 0.701994
2 0.6975 0.710743
2 0.695804 0.729944
2 0.695271 0.7414
2 0.69586 0.762744
0 0.69921 0.782625
2 0.696272 0.793287
1 0.69376 0.810033
2 0.693261 0.836577
1 0.69736 0.871328
1 0.696869 0.998622
1 0.701073 0.0219476
0 0.703741 0.0553733
1 0.700124 0.10987
1 0.70497 0.129509
0 0.703249 0.178796
2 0.701608 0.202342
2 0.704181 0.21965
0 0.70453 0.233941
1 0.701506 0.253952
2 0.699573 0.271958
2 0.701824 0.296407
1 0.699511 0.309786
2 0.703786 0.320073
2 0.700189 0.356767
1 0.705191 0.383101
2 0.701375 0.412924
2 0.700305 0.421563
1 0.704965 0.435657
2 0.700138 0.478756
1 0.700128 0.489765
2 0.704092 0.496251
0 0.704466 0.504266
2 0.700015 0.514437
2 0.700862 0.535128
2 0.70471 0.544977
1 0.70271 0.574345
2 0.699967 0.584006
1 0.700468 0.635869
2 0.700781 0.647935
2 0.705302 0.674719
2 0.700067 0.684029
2 0.702737 0.749386
2 0.705257 0.808912
2 0.701433 0.82256
1 0.702798 0.890074
1 0.705969 0.15158
2 0.711491 0.253308
2 0.71089 0.275479
1 0.708806 0.286277
2 0.708408 0.310789
1 0.706315 0.337328
2 0.708087 0.346426
2 0.707869 0.370069
2 0.706636 0.393196
1 0.708082 0.404627
2 0.708211 0.457332
2 0.709758 0.476586
2 0.708552 0.512925
2 0.705729 0.523665
1 0.708443 0.530899
2 0.707978 0.56226
2 0.709607 0.586028
2 0.709499 0.595421
2 0.705786 0.604658
2 0.707538 0.616294
2 0.709324 0.632979
2 0.70982 0.654983
2 0.710963 0.665671
2 0.707572 0.694176
2 0.709846 0.706503
1 0.71014 0.729231
2 0.710726 0.739673
2 0.705713 0.768334
2 0.708452 0.795435
1 0.706307 0.844981
2 0.707574 0.876824
0 0.709187 0.908718
1 0.70691 0.932217
1 0.70713 0.952809
1 0.706662 0.978416
1 0.712427 0.0704486
1 0.712249 0.194748
2 0.717444 0.230203
1 0.712422 0.356582
2 0.717266 0.377234
2 0.717776 0.386921
2 0.716542 0.402585
2 0.715496 0.411925
2 0.716735 0.435376
1 0.714571 0.448444
1 0.71319 0.468626
2 0.713075 0.48748
2 0.71436 0.505571
2 0.715578 0.542942
2 0.713986 0.575287
2 0.716948 0.617528
2 0.717729 0.638575
2 0.717288 0.687998
2 0.713173 0.719598
1 0.713284 0.760891
1 0.713413 0.819057
2 0.714333 0.836196
1 0.711758 0.863366
2 0.715552 0.992725
0 0.722323 0.0973837
2 0.71949 0.121628
0 0.723261 0.150375
2 0.723502 0.21653
2 0.723703 0.247816
2 0.722193 0.267125
2 0.722739 0.289964
2 0.717938 0.303412
2 0.722595 0.319998
2 0.719297 0.334202
2 0.718171 0.348016
2 0.721875 0.364911
0 0.719162 0.420117
2 0.720705 0.453913
2 0.719774 0.463456
2 0.717862 0.48004
1 0.721872 0.506776
2 0.721318 0.527444
1 0.718533 0.550212
2 0.719498 0.558844
2 0.723249 0.572739
1 0.721662 0.589833
2 0.720656 0.602568
0 0.722523 0.646521
1 0.71863 0.676929
2 0.720648 0.747496
2 0.718962 0.777819
2 0.721165 0.810561
2 0.723514 0.823853
1 0.723885 0.885586
1 0.721663 0.916985
1 0.72706 0.0305122
1 0.728193 0.0506339
1 0.728236 0.131982
2 0.726825 0.172356
2 0.727416 0.355576
2 0.727151 0.383178
1 0.724347 0.392671
2 0.729331 0.399523
2 0.725002 0.408276
2 0.728224 0.443701
2 0.725915 0.476101
2 0.725938 0.48854
2 0.730036 0.50291
2 0.726696 0.628454
2 0.726149 0.657663
2 0.72847 0.676182
2 0.727809 0.686261
0 0.727616 0.6978
2 0.724047 0.710376
2 0.724666 0.72206
2 0.724725 0.76682
2 0.724181 0.796927
0 0.724937 0.835994
1 0.726951 0.853028
1 0.724667 0.942486
1 0.725039 0.979277
1 0.73525 0.0764473
2 0.73057 0.190239
0 0.730613 0.202964
1 0.732382 0.242253
2 0.735815 0.252523
2 0.732032 0.299815
1 0.732996 0.312478
2 0.732868 0.32662
2 0.733194 0.339011
2 0.735598 0.432738
1 0.731616 0.456509
0 0.731894 0.4706
2 0.733958 0.480427
1 0.733748 0.491865
2 0.731142 0.51652
2 0.730317 0.537387
2 0.732289 0.553029
2 0.735722 0.562443
2 0.733367 0.579735
2 0.730552 0.58838
2 0.734087 0.601736
2 0.731529 0.618475
2 0.734137 0.646606
1 0.732464 0.731498
2 0.735495 0.775322
1 0.73465 0.787804
1 0.734654 0.807564
0 0.731022 0.876287
1 0.73218 0.901967
1 0.731806 0.959435
1 0.739318 0.0152756
0 0.742082 0.0600883
1 0.736234 0.11321
2 0.741573 0.130558
2 0.73699 0.219407
2 0.739942 0.276875
0 0.736607 0.288036
2 0.74146 0.306603
2 0.738228 0.350274
2 0.74191 0.362206
0 0.737474 0.369947
2 0.74016 0.395518
1 0.741476 0.412209
2 0.736778 0.420328
2 0.73626 0.464338
2 0.741009 0.505833
1 0.739703 0.524326
2 0.736894 0.63197
1 0.739428 0.658658
2 0.738967 0.676031
2 0.736409 0.695073
2 0.737479 0.740959
2 0.737414 0.761214
1 0.740478 0.830817
1 0.741756 0.862454
1 0.737486 0.928134
1 0.747535 0.0971202
2 0.742684 0.158872
2 0.744741 0.197118
1 0.745019 0.263388
2 0.748179 0.317905
1 0.744482 0.333951
2 0.746603 0.37824
1 0.746007 0.38897
2 0.744018 0.439365
2 0.743686 0.451302
1 0.746645 0.464986
2 0.742768 0.485458
2 0.742583 0.495292
2 0.744469 0.584769
2 0.744086 0.597384
1 0.74428 0.60737
2 0.742704 0.615891
2 0.748325 0.647313
2 0.74425 0.666824
2 0.748139 0.68799
2 0.743 0.711507
2 0.746751 0.730992
1 0.745009 0.771836
1 0.747348 0.89349
0 0.744 0.941594
1 0.748143 0.954931
1 0.745393 0.995865
1 0.749341 0.0454249
1 0.752599 0.12073
1 0.74906 0.14099
1 0.748758 0.18335
2 0.751921 0.210704
1 0.753938 0.225156
0 0.749054 0.245381
2 0.754593 0.25763
2 0.751365 0.271545
2 0.753479 0.286066
2 0.751742 0.343775
1 0.752678 0.364013
2 0.753429 0.408367
2 0.74895 0.418797
2 0.754556 0.426597
2 0.752503 0.446601
2 0.751142 0.458443
2 0.751046 0.472042
1 0.752868 0.483583
2 0.751161 0.506969
2 0.753303 0.527173
2 0.750556 0.53697
1 0.753119 0.555295
2 0.750797 0.571011
2 0.753179 0.60893
2 0.750261 0.623277
2 0.75306 0.635116
2 0.753754 0.657326
2 0.754108 0.677177
1 0.7492 0.703396
0 0.752771 0.75711
2 0.750747 0.79829
2 0.750526 0.816204
1 0.749505 0.911681
1 0.754331 0.926325
0 0.753313 0.971722
0 0.757052 0.00642999
1 0.759763 0.061485
1 0.755513 0.0778401
0 0.760676 0.14905
1 0.758981 0.167063
1 0.758163 0.197211
2 0.755833 0.235468
1 0.756357 0.296602
1 0.759054 0.319685
2 0.754625 0.354949
2 0.760385 0.36838
1 0.759006 0.414579
0 0.755498 0.435047
2 0.760324 0.496722
2 0.757732 0.545799
2 0.758008 0.581504
2 0.759153 0.645352
2 0.759453 0.666877
2 0.760466 0.688701
2 0.760631 0.702577
1 0.758336 0.736206
2 0.757382 0.747801
2 0.754821 0.779086
1 0.757329 0.82703
1 0.758524 0.857051
1 0.758062 0.880726
0 0.758529 0.901801
1 0.761544 0.0298407
2 0.766486 0.251231
1 0.763486 0.272416
2 0.762128 0.308188
2 0.763441 0.340558
2 0.766144 0.388058
2 0.766701 0.430068
1 0.765467 0.458332
2 0.766628 0.469702
2 0.764927 0.486471
2 0.761577 0.521199
2 0.765236 0.532224
2 0.763388 0.55337
2 0.76352 0.573155
2 0.7612 0.594799
2 0.760841 0.616154
2 0.76335 0.631087
1 0.766229 0.652245
2 0.761232 0.7165
2 0.7609 0.763016
1 0.761778 0.791892
1 0.765738 0.941676
1 0.766656 0.965483
1 0.762942 0.987669
1 0.768958 0.0883069
1 0.77163 0.10951
1 0.771388 0.1373
1 0.772034 0.153368
1 0.772428 0.177264
0 0.772296 0.190032
2 0.767815 0.209696
1 0.771758 0.225351
2 0.768192 0.296343
2 0.769318 0.320895
2 0.769909 0.361158
2 0.768032 0.402815
2 0.771306 0.417941
2 0.772265 0.45393
1 0.769849 0.477519
0 0.76776 0.504573
1 0.770408 0.523384
2 0.771474 0.547266
2 0.772577 0.565828
0 0.768358 0.582488
1 0.769377 0.609671
2 0.772299 0.660071
2 0.76866 0.672323
0 0.769803 0.682854
1 0.770925 0.721176
2 0.769925 0.741958
1 0.772734 0.763657
2 0.768691 0.774308
1 0.770842 0.811978
0 0.768494 0.822677
0 0.77263 0.872893
1 0.771297 0.926035
1 0.773967 0.00568415
0 0.777371 0.0448856
1 0.77566 0.0667407
1 0.77632 0.20203
2 0.774342 0.237381
2 0.776254 0.278825
2 0.773484 0.348618
1 0.779057 0.360231
0 0.777222 0.379219
2 0.778338 0.391863
2 0.778227 0.430056
1 0.773483 0.443181
2 0.778273 0.484547
2 0.773943 0.494613
2 0.778926 0.587205
2 0.776886 0.598404
2 0.774089 0.619315
2 0.778159 0.62899
2 0.777338 0.648589
2 0.775507 0.693401
2 0.777519 0.713733
2 0.778059 0.730058
1 0.777096 0.782457
2 0.775247 0.795791
1 0.773022 0.889432
1 0.773522 0.908682
2 0.781761 0.258512
1 0.779183 0.293739
2 0.784417 0.306775
0 0.780442 0.331663
2 0.779452 0.370844
1 0.780217 0.416084
2 0.78307 0.454347
2 0.779798 0.465602
2 0.785039 0.515826
2 0.780259 0.527696
1 0.780116 0.544418
2 0.785217 0.556328
2 0.78143 0.610384
2 0.785088 0.640303
1 0.784568 0.699219
1 0.780633 0.74096
1 0.779842 0.847343
1 0.784782 0.869475
1 0.782657 0.942837
1 0.783459 0.968036
1 0.78425 0.990098
1 0.789201 0.0202604
1 0.79087 0.0374296
1 0.785279 0.0853582
0 0.786429 0.103077
1 0.786918 0.1235
1 0.791329 0.140862
1 0.790609 0.159428
2 0.788953 0.17423
2 0.790672 0.224632
0 0.786481 0.24374
2 0.785742 0.345673
1 0.788264 0.388834
2 0.787418 0.408892
2 0.786876 0.421139
2 0.785489 0.444012
2 0.7894 0.462386
1 0.787578 0.473968
2 0.787835 0.490943
2 0.787684 0.503136
2 0.788928 0.545807
2 0.787145 0.578749
2 0.79115 0.591585
2 0.789224 0.602324
2 0.788519 0.618894
2 0.79137 0.630925
2 0.789846 0.653666
2 0.787671 0.675211
2 0.787399 0.722137
2 0.786992 0.748892
2 0.785444 0.77057
1 0.787856 0.812317
1 0.794054 0.057915
1 0.794331 0.213474
2 0.796776 0.240247
2 0.794177 0.277191
1 0.793936 0.314222
2 0.792462 0.32574
2 0.796839 0.336815
1 0.796656 0.357176
2 0.79187 0.369838
2 0.792866 0.396625
1 0.797279 0.411125
0 0.792353 0.433418
2 0.797017 0.498431
2 0.791437 0.527953
2 0.793597 0.564244
2 0.791772 0.688356
2 0.796735 0.710906
1 0.796848 0.759056
0 0.797467 0.789637
1 0.793882 0.837372
1 0.791687 0.901292
0 0.791734 0.916324
1 0.796039 0.93224
0 0.796183 0.978344
1 0.80149 0.00865327
1 0.800085 0.0981016
2 0.802109 0.193449
1 0.800944 0.265391
1 0.797734 0.291136
2 0.800094 0.379485
2 0.802579 0.421685
2 0.802143 0.434911
1 0.802227 0.453909
2 0.799133 0.477704
0 0.802689 0.487835
2 0.803566 0.506759
1 0.802194 0.517932
2 0.801592 0.528297
2 0.801763 0.545444
2 0.799105 0.609606
2 0.803568 0.630046
1 0.798599 0.641125
2 0.800679 0.678569
1 0.798795 0.729165
1 0.801705 0.802671
1 0.798363 0.855599
1 0.806855 0.0304723
1 0.807994 0.0781631
0 0.80661 0.128176
1 0.807605 0.143613
1 0.806563 0.173813
2 0.807855 0.218567
2 0.806143 0.284864
2 0.805809 0.298911
2 0.808589 0.319631
1 0.808577 0.335706
2 0.808853 0.349926
2 0.808111 0.362072
2 0.8043 0.405422
2 0.808224 0.447776
2 0.806114 0.463301
0 0.808817 0.535515
2 0.804174 0.582259
1 0.805469 0.593867
2 0.809002 0.640624
1 0.804899 0.668641
2 0.808936 0.69011
1 0.806651 0.70523
2 0.803704 0.739162
2 0.809387 0.75348
2 0.80379 0.77356
1 0.804441 0.87548
1 0.808245 0.892628
1 0.803931 0.953846
1 0.8069 0.989718
1 0.811192 0.0487846
1 0.81168 0.114252
1 0.815552 0.159443
1 0.811851 0.201545
1 0.811719 0.237427
2 0.813406 0.256297
0 0.815185 0.273279
0 0.812661 0.308573
2 0.810577 0.374893
2 0.811228 0.389465
1 0.813263 0.410688
2 0.815118 0.485
2 0.811248 0.555847
2 0.811201 0.606916
2 0.814198 0.61947
2 0.814455 0.675524
2 0.815427 0.727228
1 0.814923 0.740138
1 0.814147 0.792838
1 0.813293 0.84629
0 0.810517 0.859449
1 0.809979 0.913346
1 0.818343 0.00943515
1 0.816412 0.0986727
2 0.821521 0.296635
2 0.818396 0.341289
1 0.817446 0.356496
0 0.82002 0.372393
1 0.819736 0.437367
2 0.820108 0.447635
2 0.821288 0.464868
2 0.821269 0.503648
2 0.819524 0.517348
2 0.81819 0.532872
2 0.81746 0.547202
1 0.819994 0.562597
2 0.817889 0.580476
2 0.818405 0.650525
2 0.821863 0.662939
1 0.818276 0.762869
1 0.817151 0.82606
1 0.821716 0.88029
2 0.821497 0.904242
1 0.821843 0.933183
0 0.822808 0.0264058
1 0.825274 0.0621446
1 0.826541 0.125651
1 0.824147 0.142292
0 0.823792 0.195066
1 0.825475 0.214308
2 0.828025 0.268212
2 0.82624 0.383649
2 0.824173 0.399338
2 0.823844 0.424464
1 0.825217 0.491839
2 0.826513 0.600266
2 0.826986 0.612796
2 0.822316 0.636779
1 0.826541 0.689026
2 0.823887 0.704171
1 0.827739 0.777826
0 0.825402 0.810468
1 0.827448 0.854379
2 0.833341 0.0781303
1 0.832449 0.16891
1 0.829518 0.232445
1 0.829111 0.253487
1 0.833695 0.299654
2 0.828417 0.319927
1 0.831587 0.33872
2 0.833329 0.36298
2 0.833315 0.433989
0 0.828457 0.453105
1 0.832981 0.468082
2 0.83356 0.50669
2 0.832974 0.537579
2 0.834028 0.577953
2 0.828927 0.588686
0 0.83093 0.653261
2 0.832963 0.680007
1 0.833317 0.708738
2 0.832089 0.721177
0 0.830787 0.749727
1 0.831799 0.800339
1 0.831843 0.839063
1 0.833264 0.890867
1 0.829242 0.973311
1 0.839273 0.00606917
1 0.836047 0.0409512
1 0.835961 0.0975413
1 0.839595 0.187757
1 0.835628 0.279863
2 0.835214 0.348463
2 0.838705 0.379231
0 0.838916 0.399344
2 0.834596 0.420293
2 0.838134 0.486164
1 0.839854 0.527598
2 0.840357 0.546775
2 0.834747 0.564169
2 0.838416 0.642182
2 0.834391 0.664399
2 0.836528 0.789811
1 0.83798 0.817892
1 0.835799 0.866633
1 0.838623 0.935307
0 0.836901 0.956997
1 0.846334 0.069122
1 0.843896 0.123958
1 0.84236 0.205854
0 0.841197 0.225132
1 0.844958 0.239316
1 0.84619 0.257499
2 0.840498 0.311581
0 0.844754 0.323508
1 0.841703 0.41334
1 0.84547 0.450724
2 0.842045 0.463562
1 0.845103 0.502256
2 0.845753 0.513287
1 0.843322 0.57132
2 0.842908 0.590427
0 0.842387 0.601047
2 0.841162 0.612646
1 0.841113 0.625959
2 0.845082 0.696411
2 0.844527 0.735082
1 0.845485 0.75984
2 0.844036 0.771443
1 0.840942 0.910906
1 0.852341 0.0324741
0 0.849102 0.145814
1 0.849025 0.165537
0 0.850531 0.272904
2 0.84984 0.346901
1 0.847047 0.365218
1 0.847963 0.383331
2 0.846964 0.426999
2 0.848589 0.440607
2 0.847503 0.478264
2 0.847824 0.533744
2 0.848468 0.56244
2 0.850914 0.632099
2 0.849576 0.661472
1 0.850055 0.725708
1 0.852718 0.779317
0 0.849665 0.848686
1 0.852389 0.891814
1 0.847486 0.978099
1 0.854327 0.0528514
1 0.857449 0.133918
1 0.85422 0.223627
1 0.856504 0.291389
2 0.857305 0.361596
2 0.856655 0.378069
2 0.856698 0.400425
1 0.857911 0.412749
1 0.858221 0.469122
2 0.85861 0.497161
2 0.857018 0.543002
2 0.856418 0.579956
2 0.858018 0.593314
2 0.857659 0.614874
2 0.854546 0.647244
1 0.854444 0.674995
1 0.853661 0.703036
1 0.85633 0.742969
1 0.85446 0.802227
0 0.856349 0.878103
1 0.858576 0.908008
1 0.858676 0.932836
1 0.8542 0.954084
0 0.853506 0.99451
1 0.86108 0.0770994
1 0.861412 0.111248
1 0.86246 0.156518
0 0.862174 0.18249
2 0.85994 0.305772
2 0.862838 0.32323
2 0.862043 0.433187
2 0.862636 0.455103
2 0.861341 0.483146
0 0.86101 0.523726
0 0.860712 0.562916
0 0.859709 0.712218
0 0.863784 0.818587
1 0.86333 0.836344
1 0.870121 0.0120705
0 0.867884 0.0330473
1 0.866356 0.0955636
1 0.868963 0.200356
1 0.867747 0.236897
1 0.866333 0.33754
0 0.869524 0.357815
2 0.867959 0.385821
0 0.870483 0.420754
2 0.869917 0.466505
2 0.865153 0.511602
1 0.866976 0.580231
0 0.870692 0.676485
2 0.869559 0.69909
2 0.866744 0.730967
0 0.867216 0.746759
1 0.866205 0.767115
1 0.866569 0.852929
1 0.870979 0.886605
1 0.868439 0.984045
1 0.872754 0.0557527
1 0.87384 0.137236
1 0.87504 0.253321
1 0.872156 0.269154
1 0.874411 0.311373
2 0.877202 0.344171
1 0.874849 0.372873
1 0.872621 0.396859
2 0.871282 0.410608
2 0.874412 0.479477
1 0.871724 0.496372
1 0.876749 0.515209
2 0.873865 0.525665
2 0.87352 0.540085
2 0.872043 0.568605
2 0.877121 0.632722
1 0.87149 0.652741
2 0.876577 0.666196
2 0.876221 0.715121
1 0.874913 0.799628
1 0.876689 0.867327
1 0.877266 0.950765
1 0.882365 0.0931734
1 0.88058 0.155313
1 0.882209 0.296514
2 0.879593 0.439163
1 0.882063 0.449503
1 0.878432 0.559892
2 0.878796 0.582841
1 0.879538 0.605123
1 0.880505 0.747355
2 0.877736 0.77986
1 0.8808 0.817415
1 0.877583 0.834691
1 0.880159 0.918098
1 0.887928 0.0328083
1 0.886477 0.0754037
0 0.885202 0.111212
1 0.883992 0.184226
1 0.886191 0.217597
1 0.88409 0.238736
1 0.88927 0.330572
2 0.888273 0.386921
1 0.889071 0.416281
2 0.889405 0.427811
0 0.889169 0.49191
2 0.8887 0.50442
2 0.88627 0.534257
2 0.886848 0.54846
2 0.887494 0.64511
1 0.886867 0.702662
1 0.884101 0.728976
0 0.889472 0.79762
1 0.885676 0.884022
1 0.884684 0.900178
1 0.885732 0.969296
1 0.89028 0.0131763
1 0.894651 0.130874
1 0.891521 0.166959
0 0.890695 0.259953
0 0.89506 0.3122
1 0.892371 0.363938
1 0.891922 0.465732
2 0.89452 0.52259
2 0.892165 0.567801
1 0.890647 0.585882
1 0.894321 0.620051
2 0.895598 0.66574
1 0.892269 0.686154
1 0.89569 0.760895
1 0.891743 0.840906
1 0.892161 0.857114
0 0.894246 0.910543
1 0.890453 0.934392
0 0.900725 0.0656821
1 0.896798 0.101295
1 0.896304 0.150161
0 0.900617 0.178504
1 0.898369 0.28315
1 0.901145 0.385402
2 0.896887 0.402883
2 0.899036 0.444087
2 0.901532 0.554501
1 0.901549 0.601755
1 0.899014 0.640206
1 0.899344 0.721009
0 0.89743 0.734476
1 0.901303 0.783897
1 0.897437 0.808925
1 0.901662 0.888622
0 0.899086 0.983971
1 0.903519 0.195362
0 0.905776 0.212123
1 0.903985 0.250746
2 0.901966 0.351722
0 0.902188 0.431015
1 0.903828 0.480815
2 0.902023 0.492006
1 0.902518 0.513217
0 0.904833 0.57004
0 0.904887 0.687815
2 0.907884 0.708721
0 0.907165 0.844359
1 0.902389 0.869017
1 0.910729 0.00905516
1 0.912839 0.0487226
1 0.911456 0.0892593
0 0.912696 0.128079
1 0.908992 0.167496
1 0.910167 0.318741
1 0.909472 0.403889
2 0.913588 0.418295
1 0.908528 0.453739
1 0.91113 0.538189
0 0.911188 0.620325
1 0.911016 0.670109
1 0.912195 0.753536
1 0.913568 0.913002
0 0.913565 0.939728
1 0.913327 0.968238
1 0.915391 0.0704184
1 0.915274 0.11052
1 0.914612 0.182857
1 0.915082 0.225024
1 0.917973 0.303559
2 0.914131 0.33701
1 0.919866 0.352946
0 0.915663 0.368266
2 0.918482 0.395035
1 0.916478 0.433839
2 0.917745 0.464065
1 0.914128 0.496648
1 0.915039 0.775449
1 0.914889 0.826281
1 0.919627 0.852669
1 0.91842 0.885605
1 0.918455 0.987942
1 0.923154 0.028982
1 0.923843 0.14627
1 0.923035 0.259939
0 0.92357 0.288384
2 0.923633 0.487293
0 0.922116 0.520428
2 0.922577 0.534692
1 0.922571 0.581436
1 0.926009 0.655435
1 0.921334 0.686486
1 0.92449 0.703608
1 0.926013 0.72379
1 0.920744 0.738828
0 0.923683 0.763506
0 0.920274 0.803581
1 0.929401 0.0847763
1 0.930916 0.19439
1 0.930469 0.388296
0 0.931109 0.41082
2 0.931848 0.451447
2 0.928763 0.509225
1 0.930696 0.628917
1 0.931558 0.775513
1 0.929155 0.791636
1 0.931548 0.815889
1 0.931774 0.834335
2 0.930584 0.876641
1 0.932953 0.104959
1 0.938076 0.135158
1 0.936755 0.160928
0 0.937443 0.181404
1 0.936054 0.215428
2 0.934787 0.232926
2 0.932555 0.365285
1 0.932993 0.430731
1 0.934737 0.496295
1 0.932862 0.600646
1 0.937233 0.753316
1 0.938221 0.902993
1 0.934757 0.929637
2 0.932744 0.999108
2 0.941372 0.116859
1 0.94187 0.267416
1 0.940472 0.334225
1 0.943053 0.352448
1 0.941457 0.467073
1 0.939425 0.551697
2 0.939397 0.670374
1 0.939643 0.694671
1 0.939037 0.73686
1 0.942196 0.800866
1 0.940014 0.968139
1 0.945043 0.0222255
1 0.947092 0.0521479
1 0.949357 0.080056
1 0.946461 0.148788
1 0.945325 0.30943
1 0.946365 0.371953
0 0.95017 0.440091
2 0.946793 0.514362
0 0.948183 0.562224
2 0.945031 0.586247
1 0.945547 0.617192
0 0.945532 0.641301
1 0.94712 0.822242
1 0.946512 0.847031
1 0.945116 0.986858
1 0.956631 0.10684
1 0.954151 0.182047
1 0.955988 0.230623
1 0.955321 0.250737
1 0.953807 0.284265
0 0.954284 0.340056
1 0.953068 0.397779
1 0.951644 0.419349
0 0.954873 0.493437
1 0.954135 0.528204
1 0.952041 0.599704
1 0.950979 0.655418
1 0.951238 0.717249
1 0.955497 0.745381
0 0.95385 0.773395
0 0.955117 0.903773
1 0.958456 0.19868
1 0.961476 0.315605
1 0.959682 0.358077
1 0.959556 0.630289
0 0.957793 0.691386
1 0.959331 0.803124
0 0.961631 0.817597
1 0.957226 0.876002
1 0.962203 0.927259
0 0.957715 0.946263
1 0.967644 0.0372711
1 0.965566 0.124784
0 0.966626 0.148954
1 0.966906 0.272528
1 0.968704 0.422295
1 0.966773 0.454007
1 0.967932 0.475104
1 0.963809 0.506625
1 0.967244 0.553837
1 0.964015 0.579048
0 0.968373 0.73592
1 0.964794 0.782585
1 0.965625 0.835665
0 0.965233 0.862616
1 0.968357 0.974647
1 0.963748 0.996044
0 0.969332 0.0655335
1 0.971293 0.0912336
1 0.969897 0.168647
1 0.974347 0.217769
1 0.97043 0.29871
1 0.97258 0.346708
0 0.972099 0.37762
1 0.970464 0.395637
1 0.973036 0.603366
1 0.970912 0.703084
1 0.972945 0.766311
1 0.975437 0.799709
1 0.974341 0.899504
0 0.978265 0.0116408
0 0.976625 0.106171
1 0.977521 0.138223
1 0.979481 0.183473
0 0.977868 0.201063
1 0.977847 0.237851
0 0.976851 0.256039
1 0.975597 0.328887
1 0.976682 0.536141
1 0.981418 0.646034
1 0.977551 0.676169
1 0.980091 0.825081
1 0.976056 0.874155
1 0.98356 0.0794757
1 0.983993 0.120728
0 0.987195 0.291546
1 0.985319 0.308983
1 0.986643 0.359393
0 0.985911 0.424649
1 0.984376 0.447357
1 0.983443 0.468021
1 0.987213 0.484851
1 0.986495 0.582584
1 0.986962 0.749322
2 0.987248 0.786238
1 0.983466 0.845632
1 0.983479 0.945701
1 0.984551 0.965136
1 0.986393 0.98376
1 0.989905 0.0289901
1 0.992243 0.0549045
0 0.993397 0.166717
1 0.993494 0.248545
1 0.988564 0.40639
1 0.98778 0.51934
0 0.99021 0.557983
2 0.988447 0.615311
1 0.991353 0.695262
1 0.99316 0.717411
1 0.9932 0.769818
1 0.993231 0.866123
1 0.991985 0.924622
1 0.996164 0.109537
1 0.99915 0.147959
1 0.997392 0.210442
1 0.994927 0.270389
1 0.997617 0.390403
1 0.996505 0.501003
1 0.996498 0.814332
1 0.994341 0.83308
1 0.995163 0.887758
