1 0.00374336 0.0126183
1 0.00547706 0.0571966
1 0.00354243 0.140904
1 2.35e-05 0.19218
1 0.000937695 0.282279
1 0.000780765 0.424384
1 0.00122201 0.443487
0 0.00130344 0.536776
1 0.00179617 0.593413
0 0.00501683 0.658874
1 0.00427522 0.783572
1 0.0010001 0.855107
1 0.00170468 0.900398
1 0.00245331 0.918298
0 0.0096761 0.167589
1 0.00901666 0.245453
0 0.0111099 0.261538
1 0.00831773 0.319645
2 0.0104081 0.39769
1 0.00841383 0.492633
1 0.00639939 0.572274
1 0.0075326 0.613358
0 0.0082445 0.83761
1 0.0108829 0.978267
0 0.0144872 0.221188
1 0.0167514 0.336873
1 0.0167847 0.465955
1 0.0129246 0.55726
0 0.0145543 0.59973
1 0.0124579 0.629764
1 0.0154791 0.697496
1 0.0126915 0.740023
1 0.0162447 0.802887
1 0.0129909 0.822421
1 0.0141786 0.87018
1 0.0179594 0.938492
1 0.0140505 0.957366
0 0.0241722 0.00385334
1 0.0231973 0.0784813
1 0.0213552 0.118947
1 0.0201085 0.184964
1 0.0224916 0.280662
1 0.0192611 0.514539
0 0.0234666 0.568457
0 0.0203997 0.716649
1 0.0185098 0.757539
0 0.0238451 0.882438
1 0.0283608 0.036622
1 0.025755 0.0577123
1 0.0272792 0.254846
1 0.0287704 0.362017
1 0.0265324 0.384184
1 0.0300184 0.492617
1 0.0268306 0.533011
1 0.0254544 0.612205
2 0.0246269 0.788445
1 0.024925 0.853837
0 0.0264722 0.91634
1 0.027674 0.969953
1 0.0322283 0.146755
1 0.0309559 0.207979
1 0.0360007 0.307652
0 0.0364467 0.345371
1 0.0354663 0.404948
1 0.0308331 0.43557
1 0.0342703 0.587973
1 0.0330005 0.651668
1 0.0318199 0.680143
1 0.0325616 0.737869
1 0.0310857 0.771138
1 0.0359056 0.799647
1 0.0411655 0.0213994
1 0.0424808 0.0919275
0 0.0401766 0.118506
1 0.0386 0.234044
1 0.0391609 0.460671
0 0.0407984 0.47785
0 0.036828 0.521563
1 0.0375591 0.562251
1 0.0410393 0.604173
0 0.0398999 0.63753
1 0.0398824 0.876701
0 0.0393845 0.956711
1 0.0459251 0.0589673
2 0.046493 0.074623
1 0.0474569 0.162333
0 0.048806 0.27237
1 0.044477 0.288955
0 0.0483697 0.385639
1 0.0438355 0.537822
1 0.0430178 0.756658
1 0.0434759 0.82901
1 0.0468316 0.900885
1 0.0448582 0.919816
1 0.0473378 0.994496
1 0.0539895 0.0091633
1 0.0496194 0.189725
0 0.0497529 0.430413
1 0.0524419 0.488865
1 0.0510122 0.512003
2 0.0535499 0.591892
1 0.0523385 0.653172
1 0.0519866 0.702249
1 0.0530364 0.773424
1 0.053483 0.945768
1 0.0541774 0.969707
1 0.0589264 0.042199
1 0.0610032 0.0685612
1 0.0583007 0.135457
1 0.0595036 0.245193
1 0.0575661 0.324639
1 0.0608157 0.439709
1 0.0608369 0.463639
1 0.0588343 0.621914
1 0.0565294 0.67626
1 0.0602359 0.72235
0 0.0561592 0.740773
1 0.0583397 0.807844
1 0.0565748 0.844097
1 0.0665332 0.0263466
1 0.0647612 0.0877836
1 0.063278 0.115167
2 0.0627878 0.21136
1 0.061812 0.302455
1 0.063158 0.365281
1 0.0657628 0.39572
1 0.0627897 0.533396
0 0.0616466 0.558747
1 0.0623346 0.575568
0 0.0663237 0.861723
1 0.0618759 0.887065
0 0.0620053 0.927649
1 0.0705423 0.00280311
1 0.0689903 0.418462
2 0.0696658 0.522533
2 0.0683488 0.649795
2 0.0679764 0.700549
1 0.068841 0.761244
1 0.0695184 0.781378
1 0.0719538 0.913003
0 0.079478 0.0825938
1 0.0787378 0.100231
1 0.074949 0.153283
1 0.0775896 0.18505
2 0.0791106 0.317306
1 0.0738163 0.498674
1 0.0767493 0.563783
1 0.0780372 0.593087
0 0.0763334 0.610917
1 0.0791705 0.72019
0 0.0772084 0.795561
1 0.0796601 0.880691
0 0.0840469 0.0105504
1 0.0800413 0.0507459
1 0.0841925 0.126606
1 0.0840709 0.232959
1 0.0815528 0.281254
1 0.0857737 0.385041
1 0.0832238 0.448095
2 0.0842522 0.485586
1 0.0836485 0.52757
2 0.0837585 0.580817
1 0.0815882 0.631574
1 0.0824994 0.664603
1 0.0848596 0.741149
1 0.0798559 0.830038
1 0.0856033 0.95467
1 0.0829666 0.977834
1 0.0893213 0.023451
1 0.0883401 0.358446
0 0.0915898 0.40355
1 0.0904952 0.427325
2 0.0872762 0.513225
2 0.0906539 0.538514
1 0.091645 0.613549
2 0.0898811 0.65394
1 0.0900832 0.696019
1 0.0911677 0.761757
1 0.0883318 0.781864
1 0.0885809 0.809809
1 0.0870039 0.855114
1 0.0897993 0.924226
1 0.0933008 0.0696887
0 0.096453 0.265825
0 0.0948793 0.327458
1 0.0975329 0.465967
1 0.0937235 0.574635
2 0.0956806 0.602014
0 0.094721 0.724771
1 0.0979996 0.872182
1 0.0990006 0.00606927
1 0.102511 0.0393194
0 0.0986045 0.143586
1 0.103745 0.247334
2 0.103058 0.342841
0 0.102118 0.445647
2 0.101925 0.479634
1 0.103974 0.552756
2 0.0984831 0.627062
1 0.0989197 0.643209
0 0.0988316 0.674937
1 0.0990198 0.837976
0 0.103502 0.894568
1 0.109931 0.0205871
1 0.108875 0.0534315
1 0.109144 0.0942058
1 0.107673 0.123858
1 0.110394 0.186314
1 0.105889 0.215002
1 0.106603 0.303923
1 0.106325 0.499659
2 0.105552 0.566344
2 0.11023 0.582543
1 0.104664 0.593695
2 0.109329 0.613017
1 0.10813 0.782255
1 0.109576 0.987445
1 0.112364 0.0729653
1 0.11401 0.156595
1 0.111321 0.371708
2 0.113792 0.407102
2 0.113872 0.436182
2 0.11301 0.46556
2 0.113337 0.510233
0 0.112023 0.525376
2 0.111788 0.538254
2 0.115235 0.634411
2 0.110599 0.684911
1 0.113069 0.717362
2 0.1148 0.734945
1 0.111063 0.754451
0 0.113023 0.804683
1 0.115819 0.856528
1 0.11429 0.937151
0 0.114879 0.958108
1 0.118507 0.036862
2 0.118935 0.32513
2 0.120658 0.353915
2 0.118346 0.450979
2 0.118374 0.482899
1 0.121423 0.5683
2 0.119185 0.65183
2 0.117638 0.702135
1 0.12053 0.820922
1 0.117903 0.908616
1 0.124767 0.00743721
0 0.123969 0.060976
1 0.126338 0.0839396
1 0.124763 0.117431
1 0.128462 0.135899
0 0.127905 0.204641
1 0.124057 0.27789
2 0.124043 0.378857
1 0.124474 0.41459
2 0.126141 0.428954
2 0.125492 0.470012
2 0.127561 0.501201
2 0.123472 0.530626
1 0.123865 0.546787
0 0.123083 0.587727
2 0.124179 0.601419
2 0.1253 0.619866
2 0.12389 0.669501
0 0.124598 0.767365
1 0.127305 0.879353
1 0.13364 0.168424
1 0.128895 0.246061
2 0.132967 0.480812
2 0.131448 0.52021
2 0.129753 0.560476
0 0.1338 0.634155
1 0.129448 0.687488
2 0.130169 0.717502
1 0.133869 0.790467
2 0.133803 0.859303
1 0.133291 0.924146
0 0.137725 0.0308185
1 0.138205 0.0681212
0 0.139879 0.101626
2 0.13833 0.292579
2 0.137682 0.312955
1 0.137708 0.328135
2 0.137882 0.344446
1 0.135789 0.35965
2 0.136514 0.392941
2 0.141081 0.439105
2 0.138273 0.46662
1 0.136345 0.493138
1 0.139212 0.5295
2 0.13615 0.541773
2 0.139352 0.571395
2 0.134971 0.59218
1 0.139228 0.604041
2 0.139215 0.618541
2 0.136579 0.645853
1 0.137974 0.754931
1 0.142431 0.0447797
0 0.144626 0.134963
1 0.146236 0.227344
2 0.143083 0.369094
0 0.144274 0.402156
2 0.14331 0.41678
1 0.141368 0.454169
2 0.141742 0.504261
2 0.14513 0.517372
2 0.146037 0.554674
1 0.146702 0.657391
2 0.143717 0.670823
2 0.142951 0.688145
2 0.146078 0.744886
1 0.144886 0.822237
1 0.143493 0.843232
0 0.144992 0.900066
1 0.142585 0.983777
1 0.152872 0.0140504
1 0.153065 0.151651
1 0.151081 0.202487
1 0.151965 0.262584
0 0.152377 0.287593
2 0.150327 0.355382
2 0.148431 0.383915
1 0.152172 0.427085
0 0.151931 0.481442
2 0.149568 0.529071
1 0.150745 0.576263
2 0.151237 0.604508
2 0.152443 0.626254
2 0.149958 0.704043
1 0.149565 0.722418
1 0.153013 0.804596
1 0.147957 0.87368
1 0.151423 0.939775
1 0.156259 0.0710497
1 0.1563 0.0935972
2 0.159492 0.275447
2 0.156633 0.322486
2 0.158793 0.368733
2 0.156328 0.417629
2 0.156578 0.446534
2 0.153453 0.466514
2 0.154161 0.497959
2 0.159328 0.542303
2 0.153643 0.640085
2 0.158165 0.688267
1 0.154648 0.775542
1 0.154072 0.918268
1 0.16472 0.00276713
1 0.163746 0.117691
2 0.161796 0.169541
1 0.163807 0.238084
2 0.165039 0.254852
1 0.160592 0.309432
0 0.161664 0.345895
2 0.160468 0.397001
1 0.162758 0.40926
2 0.161454 0.511013
1 0.162487 0.52835
0 0.165354 0.557623
2 0.16202 0.570548
2 0.161481 0.589089
2 0.164021 0.602474
0 0.162111 0.675337
2 0.163463 0.72223
2 0.165629 0.738986
1 0.163919 0.846127
1 0.160583 0.889925
1 0.16112 0.962575
0 0.168619 0.0209114
1 0.167336 0.0367357
2 0.167624 0.0605261
1 0.167001 0.135074
1 0.170862 0.211498
2 0.171636 0.36542
2 0.168808 0.426561
1 0.166417 0.461145
2 0.167327 0.479869
2 0.170495 0.549223
1 0.171087 0.5847
2 0.170609 0.614292
2 0.167227 0.654189
2 0.167489 0.70154
1 0.167639 0.752971
0 0.17087 0.791799
1 0.170629 0.865679
0 0.170955 0.936938
1 0.174979 0.0963506
1 0.172262 0.152931
1 0.174291 0.176605
0 0.173462 0.195795
2 0.174224 0.227047
1 0.174041 0.276947
2 0.172246 0.303367
2 0.176401 0.319203
2 0.172043 0.336953
2 0.177674 0.377414
1 0.172041 0.386519
2 0.175474 0.406415
2 0.176578 0.438999
2 0.177566 0.455571
1 0.172254 0.506232
2 0.175566 0.527659
2 0.176832 0.567264
2 0.177889 0.59915
1 0.176436 0.634299
2 0.175652 0.689154
1 0.173976 0.822957
1 0.1739 0.911182
1 0.179751 0.0759096
2 0.181443 0.244703
2 0.178477 0.417692
1 0.181058 0.427109
1 0.183741 0.44669
2 0.178904 0.47168
2 0.178438 0.489429
1 0.179993 0.544307
2 0.180947 0.556855
2 0.181588 0.577756
2 0.181021 0.674077
1 0.178773 0.712386
2 0.180684 0.748036
1 0.178798 0.882885
0 0.179508 0.977896
1 0.1856 0.0235888
1 0.188415 0.0447335
0 0.187822 0.106312
2 0.189289 0.174598
2 0.185609 0.208779
0 0.189194 0.254459
2 0.18739 0.275874
2 0.186725 0.293372
2 0.184872 0.353441
1 0.189769 0.369408
2 0.189108 0.413474
1 0.184747 0.478922
2 0.188888 0.496038
2 0.184508 0.508412
2 0.186313 0.522767
2 0.187606 0.537648
2 0.188492 0.588094
0 0.18989 0.604007
2 0.187136 0.616619
2 0.18721 0.630756
2 0.184677 0.643672
2 0.185146 0.660898
2 0.184688 0.700965
1 0.188329 0.735454
2 0.185466 0.764076
1 0.189601 0.853292
1 0.187571 0.928085
1 0.188987 0.954877
1 0.190717 0.00142369
1 0.191174 0.131216
1 0.191464 0.154447
1 0.194333 0.193377
1 0.191316 0.221208
1 0.19024 0.317067
2 0.194836 0.330926
1 0.191771 0.342524
2 0.191852 0.383099
2 0.191014 0.394859
2 0.190244 0.429846
2 0.195843 0.484492
2 0.192746 0.549445
2 0.193391 0.565726
1 0.195762 0.581203
1 0.193565 0.669699
2 0.195535 0.691437
2 0.195469 0.717209
1 0.192062 0.795833
0 0.195222 0.829497
1 0.196071 0.871152
1 0.200847 0.0770449
0 0.20224 0.1452
2 0.201556 0.234513
2 0.201471 0.361315
1 0.199961 0.391199
1 0.200403 0.41414
2 0.201271 0.437688
0 0.201478 0.453911
1 0.201812 0.472689
2 0.200719 0.49545
2 0.196527 0.505672
2 0.20093 0.52029
2 0.198642 0.538082
2 0.198112 0.593877
2 0.200597 0.609224
2 0.199062 0.620094
2 0.198852 0.638097
2 0.199935 0.655839
2 0.201757 0.739291
2 0.198064 0.753656
1 0.203213 0.173944
2 0.202685 0.264832
1 0.203717 0.281203
2 0.20385 0.292104
0 0.20602 0.303398
2 0.206951 0.339692
2 0.203124 0.402234
2 0.204703 0.463628
1 0.206563 0.504029
2 0.207499 0.548623
1 0.205538 0.560647
2 0.208474 0.599572
2 0.205673 0.667007
1 0.20599 0.703049
0 0.208498 0.72922
1 0.20424 0.899831
1 0.207303 0.983442
1 0.210137 0.0198962
1 0.209152 0.0446948
1 0.213497 0.103144
1 0.211987 0.127331
1 0.211387 0.157906
2 0.208678 0.198218
2 0.212624 0.245413
2 0.214054 0.276033
2 0.214063 0.310966
2 0.208894 0.323786
0 0.210162 0.349413
2 0.212183 0.383926
2 0.213705 0.40008
2 0.212412 0.418806
1 0.211436 0.434562
2 0.214457 0.44456
2 0.2146 0.455964
2 0.213092 0.482938
2 0.210773 0.513411
1 0.210649 0.535383
2 0.210341 0.571088
2 0.209984 0.584361
1 0.212616 0.608112
2 0.212653 0.624068
1 0.210128 0.640891
0 0.210612 0.682672
2 0.212165 0.694505
0 0.20873 0.774474
2 0.209406 0.787499
1 0.209143 0.821616
0 0.210368 0.87649
1 0.210216 0.942097
1 0.219431 0.0808288
1 0.220294 0.142637
1 0.220478 0.209842
1 0.217965 0.228337
2 0.220098 0.35024
2 0.215084 0.368172
2 0.220559 0.430026
2 0.217179 0.46595
2 0.217995 0.493716
2 0.21858 0.506515
2 0.217634 0.528927
2 0.219615 0.541652
2 0.220714 0.561028
2 0.220377 0.578157
2 0.219067 0.633724
2 0.218552 0.655402
2 0.217477 0.671771
2 0.218654 0.717556
2 0.216986 0.736986
1 0.219188 0.751809
2 0.218775 0.763646
1 0.215551 0.842144
1 0.219585 0.887356
1 0.219932 0.908716
0 0.220882 0.061533
1 0.222125 0.191399
1 0.224577 0.248439
2 0.22437 0.263973
2 0.222389 0.288525
1 0.226405 0.322061
2 0.221147 0.336645
2 0.225602 0.363692
1 0.226329 0.450155
0 0.226709 0.489533
2 0.223427 0.516724
2 0.223588 0.618684
2 0.22113 0.644405
2 0.225834 0.689128
1 0.226302 0.926189
1 0.22311 0.997343
1 0.23246 0.126009
2 0.229426 0.1542
2 0.227101 0.30159
2 0.232722 0.343751
2 0.231528 0.37373
0 0.232062 0.389935
2 0.229672 0.401966
1 0.227448 0.414761
2 0.231754 0.458335
2 0.231965 0.5028
2 0.227809 0.552381
1 0.232806 0.562422
2 0.229292 0.584218
2 0.227817 0.595905
1 0.232249 0.698101
2 0.23159 0.713327
2 0.228668 0.728284
2 0.231278 0.755924
1 0.228667 0.801086
1 0.229888 0.823266
2 0.229045 0.869271
0 0.229774 0.944498
1 0.231647 0.973837
0 0.234422 0.0110591
1 0.233476 0.0334163
1 0.238625 0.053875
1 0.234113 0.0944991
0 0.233237 0.174872
2 0.236322 0.187549
2 0.233469 0.212013
2 0.235837 0.252006
0 0.234891 0.269979
1 0.236577 0.290201
2 0.236848 0.309261
2 0.237099 0.332085
1 0.238846 0.362022
2 0.23891 0.429135
2 0.233992 0.44081
1 0.237037 0.467437
2 0.234297 0.478599
2 0.236827 0.514433
0 0.236137 0.526521
2 0.235367 0.535316
2 0.238208 0.546749
2 0.23859 0.598735
1 0.233432 0.623617
2 0.237643 0.634682
2 0.236846 0.644779
2 0.23486 0.656143
2 0.2333 0.669944
2 0.237692 0.740141
1 0.239261 0.773183
2 0.233148 0.788826
1 0.238141 0.895205
1 0.240634 0.202871
2 0.23965 0.228437
1 0.241722 0.342913
2 0.24479 0.36898
2 0.239355 0.380994
2 0.240675 0.41096
2 0.24353 0.450515
2 0.244172 0.461225
2 0.244934 0.476992
2 0.241697 0.500071
1 0.2443 0.510497
2 0.245374 0.528446
2 0.243472 0.560681
2 0.240389 0.575244
0 0.242779 0.59056
2 0.244746 0.60815
2 0.242787 0.618983
2 0.245178 0.650878
2 0.243193 0.682206
2 0.240864 0.693446
2 0.240203 0.7235
2 0.243985 0.751781
2 0.241783 0.807562
2 0.240388 0.833156
1 0.243739 0.845198
1 0.246689 0.146612
2 0.249637 0.245833
2 0.246791 0.261194
2 0.246676 0.277559
2 0.251515 0.294354
2 0.250017 0.305527
2 0.248169 0.3165
2 0.248682 0.330821
2 0.247217 0.350115
1 0.247307 0.401022
2 0.249678 0.41997
1 0.249811 0.441365
1 0.247239 0.490272
2 0.250962 0.501768
2 0.247778 0.517974
2 0.246086 0.538632
2 0.249314 0.571004
2 0.251347 0.635544
2 0.250308 0.704274
2 0.249039 0.764361
2 0.246936 0.783018
1 0.245599 0.878164
1 0.250199 0.941382
1 0.257657 0.0392647
1 0.253505 0.0929354
0 0.257463 0.109232
1 0.252131 0.125457
1 0.253962 0.169308
2 0.256044 0.184535
1 0.252848 0.214646
1 0.255776 0.232606
1 0.25494 0.27062
2 0.256171 0.356149
2 0.254757 0.370905
2 0.2523 0.389507
2 0.253354 0.43265
2 0.254888 0.45504
1 0.255813 0.466888
2 0.256828 0.475842
2 0.256458 0.511781
2 0.255226 0.534668
2 0.254014 0.54516
2 0.254935 0.610566
0 0.255783 0.647651
2 0.252564 0.660471
1 0.253816 0.669773
2 0.256176 0.683464
2 0.255774 0.694479
1 0.256632 0.712609
2 0.254606 0.722246
2 0.25366 0.797244
0 0.252768 0.82877
2 0.256443 0.864878
1 0.257419 0.892288
0 0.252619 0.907351
1 0.252464 0.960909
1 0.25796 0.00775187
2 0.260365 0.136575
2 0.26344 0.219412
2 0.263573 0.240925
1 0.259534 0.250311
2 0.26123 0.301462
2 0.259805 0.321829
2 0.259776 0.332981
0 0.259281 0.342171
2 0.262762 0.393164
2 0.261335 0.403979
2 0.258279 0.414998
2 0.26333 0.46262
2 0.2587 0.494485
2 0.2633 0.502809
1 0.262989 0.539912
2 0.261487 0.555322
1 0.260959 0.56953
2 0.258535 0.580115
2 0.261126 0.592684
1 0.25938 0.624443
2 0.261216 0.640544
2 0.262974 0.674263
2 0.259513 0.732651
0 0.257774 0.743772
1 0.262755 0.763494
0 0.259104 0.784938
1 0.263675 0.801301
2 0.258469 0.817528
2 0.262589 0.835704
1 0.26071 0.918714
1 0.260042 0.980033
1 0.266111 0.0701573
2 0.264322 0.198104
2 0.26427 0.259703
2 0.264394 0.273418
2 0.264579 0.287479
1 0.267764 0.325233
2 0.265807 0.375224
0 0.265642 0.424443
2 0.266576 0.452131
1 0.26856 0.511631
2 0.263887 0.525675
2 0.264798 0.608312
2 0.267383 0.653392
2 0.264951 0.663517
2 0.265743 0.686397
0 0.266203 0.695835
2 0.268236 0.708167
2 0.269052 0.719844
2 0.264554 0.750638
2 0.265091 0.775586
1 0.268722 0.824108
1 0.275133 0.114124
1 0.272903 0.147456
0 0.270458 0.167911
1 0.273596 0.213697
1 0.273823 0.2693
1 0.275291 0.288341
2 0.270176 0.308936
2 0.273839 0.318801
2 0.270863 0.335758
2 0.272286 0.352152
1 0.270137 0.361415
1 0.271206 0.383252
2 0.273083 0.391294
2 0.273533 0.4069
2 0.270429 0.436157
0 0.27326 0.458688
1 0.274097 0.477039
2 0.270216 0.488466
2 0.272004 0.499744
2 0.274587 0.523469
2 0.272902 0.537923
2 0.271364 0.553492
2 0.27345 0.562405
2 0.275095 0.572039
2 0.271194 0.600399
2 0.272841 0.624449
2 0.270865 0.635569
2 0.272619 0.678141
2 0.270449 0.736293
2 0.274164 0.76502
2 0.274326 0.787455
2 0.272932 0.813209
2 0.271372 0.854801
1 0.274827 0.897033
1 0.275745 0.943947
1 0.272678 0.964432
2 0.279554 0.0455333
2 0.279788 0.191935
2 0.28003 0.223946
1 0.276974 0.236614
2 0.2796 0.246039
2 0.282032 0.263622
1 0.281982 0.307028
1 0.280697 0.340207
2 0.276853 0.376789
1 0.280935 0.402841
2 0.280189 0.420724
1 0.279856 0.438501
2 0.279553 0.447825
2 0.281168 0.459587
2 0.281799 0.472313
2 0.279256 0.484321
2 0.278426 0.509812
1 0.281234 0.556735
2 0.276476 0.583492
1 0.280362 0.599396
2 0.27626 0.615561
1 0.280823 0.635053
2 0.280767 0.647672
1 0.277608 0.663713
2 0.276136 0.699133
2 0.280169 0.729639
2 0.27707 0.752052
1 0.279514 0.840142
1 0.280486 0.875807
2 0.27928 0.924476
0 0.287832 1.38029e-05
1 0.285796 0.0193524
1 0.285188 0.0927087
2 0.285684 0.124533
2 0.285616 0.163475
1 0.283171 0.182127
1 0.287798 0.201316
2 0.283343 0.278052
2 0.28427 0.29352
2 0.28563 0.327143
2 0.283039 0.355439
2 0.28279 0.366085
2 0.287666 0.375094
2 0.287366 0.384597
2 0.28239 0.411029
2 0.283888 0.428962
1 0.282493 0.494466
1 0.288268 0.511487
2 0.283644 0.52556
2 0.284905 0.535161
2 0.283327 0.544374
2 0.285417 0.567192
2 0.285322 0.576982
2 0.284553 0.592009
2 0.285476 0.674023
2 0.282845 0.68394
2 0.285294 0.715654
1 0.287554 0.742596
2 0.287934 0.756258
2 0.288049 0.779669
1 0.284339 0.790544
2 0.288185 0.806662
1 0.283214 0.982186
2 0.294216 0.185097
2 0.290905 0.215271
1 0.294353 0.240096
1 0.290022 0.258376
2 0.293261 0.286556
2 0.292345 0.302836
2 0.290314 0.318182
2 0.291147 0.349545
2 0.292048 0.360282
2 0.288396 0.395618
2 0.294455 0.432327
2 0.291633 0.441649
1 0.29172 0.455386
2 0.290711 0.503767
2 0.293729 0.529277
2 0.29373 0.54487
2 0.290956 0.558747
2 0.29411 0.572732
2 0.292762 0.584344
2 0.293068 0.595239
2 0.288601 0.610285
2 0.292721 0.631364
2 0.28967 0.642102
2 0.290788 0.652449
2 0.291559 0.690162
1 0.29317 0.701256
2 0.293926 0.723668
0 0.294154 0.817748
2 0.290535 0.829782
2 0.291172 0.846783
1 0.290027 0.914311
0 0.292111 0.96173
1 0.299306 0.0644564
0 0.300455 0.140503
2 0.300108 0.155914
2 0.296699 0.226696
2 0.299104 0.268337
2 0.298502 0.324002
2 0.295375 0.338523
0 0.294519 0.380662
2 0.29852 0.406241
1 0.29509 0.42032
2 0.295375 0.465933
2 0.29705 0.477619
2 0.296767 0.493215
2 0.296894 0.513146
0 0.297547 0.536475
2 0.300413 0.55087
2 0.299071 0.603314
0 0.299319 0.619851
2 0.300568 0.639107
2 0.299562 0.655566
2 0.29598 0.665166
2 0.294745 0.679497
2 0.295597 0.713285
0 0.299534 0.75292
2 0.297069 0.772726
2 0.298221 0.860687
0 0.29598 0.888182
1 0.297627 0.941211
2 0.302142 0.195587
2 0.305491 0.237054
2 0.303255 0.251013
0 0.303322 0.286244
2 0.304687 0.296143
1 0.301847 0.31639
2 0.305052 0.339779
2 0.301039 0.366179
2 0.302163 0.386506
2 0.303198 0.413887
2 0.30231 0.428932
1 0.302275 0.439689
2 0.302483 0.451517
0 0.301699 0.483357
2 0.304705 0.499732
2 0.304843 0.508428
2 0.302677 0.523238
1 0.305452 0.562672
2 0.303889 0.570508
2 0.303863 0.579128
1 0.30214 0.587583
2 0.305754 0.663085
1 0.306436 0.6724
2 0.302411 0.691677
2 0.303771 0.707749
2 0.301465 0.733255
2 0.304508 0.760258
2 0.303719 0.792475
1 0.305449 0.852216
1 0.305692 0.923115
1 0.306741 0.956696
1 0.306558 0.975728
1 0.312826 0.0251899
1 0.312506 0.1272
2 0.306834 0.176725
0 0.308564 0.208099
2 0.308795 0.261461
2 0.308895 0.274548
2 0.310985 0.304231
2 0.312738 0.315758
2 0.3097 0.330055
2 0.308326 0.352971
1 0.307704 0.360977
2 0.311301 0.376531
2 0.311863 0.397377
2 0.311819 0.426206
2 0.308909 0.444461
1 0.30933 0.459727
2 0.308898 0.474527
2 0.309367 0.490047
1 0.310419 0.519089
2 0.308174 0.533139
2 0.306769 0.543484
2 0.309583 0.552889
2 0.310026 0.598515
2 0.3088 0.616466
2 0.311595 0.632546
1 0.312254 0.645307
2 0.308476 0.68399
2 0.309728 0.719708
2 0.311991 0.776543
2 0.30764 0.820466
1 0.311816 0.835408
1 0.308556 0.897351
1 0.312783 0.995683
0 0.315198 0.0747599
1 0.318116 0.100175
1 0.315921 0.158201
2 0.318449 0.168748
2 0.31682 0.189412
2 0.318545 0.205768
2 0.315801 0.219604
2 0.316154 0.241319
0 0.315333 0.251363
1 0.316667 0.297254
2 0.315459 0.365428
2 0.314348 0.387071
1 0.318919 0.393434
1 0.31458 0.416911
2 0.317401 0.460262
2 0.31693 0.478678
2 0.318267 0.489436
2 0.314608 0.49941
2 0.316952 0.507543
1 0.315733 0.542281
2 0.317647 0.563397
2 0.312899 0.577501
2 0.316856 0.58605
2 0.315189 0.609819
2 0.313987 0.624027
2 0.313734 0.658194
2 0.316224 0.667034
2 0.31693 0.679745
2 0.316579 0.704989
1 0.315804 0.713623
1 0.317823 0.7323
2 0.317886 0.749384
2 0.315474 0.762504
1 0.31325 0.804184
2 0.316288 0.853898
1 0.313891 0.869636
2 0.314295 0.88627
2 0.323725 0.140119
1 0.321242 0.226986
2 0.320811 0.265812
2 0.319943 0.280096
1 0.319797 0.323148
2 0.324052 0.333936
2 0.320149 0.344864
2 0.320267 0.355948
2 0.319151 0.408331
2 0.322162 0.417858
2 0.323829 0.426576
2 0.323955 0.436662
2 0.32075 0.451066
2 0.323366 0.472222
2 0.324866 0.481144
2 0.324708 0.504847
2 0.325041 0.514622
2 0.319194 0.527928
2 0.324147 0.545893
2 0.319052 0.55373
2 0.324339 0.569715
2 0.323133 0.597566
2 0.32504 0.609299
2 0.320935 0.636816
2 0.325051 0.646591
2 0.322687 0.655492
0 0.322383 0.688001
2 0.324552 0.723557
1 0.321159 0.777523
2 0.323408 0.800892
2 0.322568 0.820143
2 0.321926 0.836621
1 0.32309 0.904843
2 0.322406 0.942757
2 0.329895 0.159553
1 0.326151 0.186813
2 0.326669 0.234851
2 0.328949 0.256751
2 0.328371 0.286043
2 0.326658 0.306975
2 0.328009 0.362274
2 0.330939 0.373296
2 0.331106 0.39412
2 0.325869 0.400931
1 0.329282 0.466498
2 0.328909 0.523102
2 0.328275 0.532866
1 0.32755 0.582606
2 0.328889 0.628363
2 0.325175 0.698308
2 0.330493 0.7089
2 0.326849 0.740048
2 0.326012 0.76745
2 0.326941 0.78668
0 0.328119 0.845407
2 0.326254 0.871025
2 0.330573 0.89085
0 0.326819 0.920414
1 0.330808 0.963063
1 0.333345 0.0556551
1 0.33498 0.0839141
1 0.336312 0.138441
2 0.331758 0.176302
2 0.337151 0.187551
2 0.335715 0.199822
1 0.331729 0.212361
2 0.335189 0.243285
1 0.33729 0.251432
2 0.33704 0.264991
2 0.331761 0.276423
2 0.333643 0.298986
0 0.333314 0.311783
2 0.336543 0.326347
2 0.337023 0.337694
1 0.334001 0.354074
0 0.336698 0.384711
2 0.334344 0.407833
1 0.333107 0.415465
2 0.333419 0.423526
2 0.334542 0.445692
2 0.332288 0.459799
2 0.332582 0.474562
2 0.332641 0.490069
1 0.333586 0.498645
2 0.33316 0.506241
2 0.331683 0.542537
1 0.331843 0.559058
2 0.336756 0.588594
2 0.335459 0.600765
2 0.337063 0.611439
2 0.33683 0.648252
1 0.332037 0.657948
2 0.333475 0.681013
2 0.333943 0.691858
2 0.333765 0.718922
1 0.335708 0.742605
2 0.337361 0.776875
1 0.335982 0.790011
2 0.334937 0.836367
1 0.337146 0.861921
0 0.3319 0.980554
2 0.342425 0.211
1 0.339619 0.22654
1 0.342216 0.274979
2 0.338141 0.285118
2 0.338585 0.346751
2 0.341466 0.374911
2 0.341367 0.39132
2 0.341419 0.39987
2 0.340523 0.42768
0 0.339793 0.436754
1 0.338309 0.452075
2 0.340973 0.463807
2 0.338357 0.480312
2 0.341974 0.49098
2 0.341428 0.499297
2 0.337608 0.514283
1 0.339686 0.524189
2 0.339834 0.535481
2 0.343288 0.544153
2 0.340459 0.557042
2 0.340828 0.569975
2 0.338194 0.579722
2 0.339379 0.62485
2 0.341119 0.639327
2 0.342313 0.683752
2 0.338797 0.700596
2 0.340717 0.734739
2 0.343076 0.756028
0 0.341665 0.804109
2 0.338137 0.815687
1 0.337883 0.825583
1 0.341717 0.942745
1 0.345382 0.0207354
2 0.346754 0.0927987
2 0.343721 0.126874
2 0.343964 0.146548
1 0.347186 0.16162
1 0.348683 0.192731
2 0.348674 0.281441
2 0.344313 0.296687
2 0.346764 0.314407
2 0.347174 0.329054
2 0.346874 0.361811
2 0.347357 0.408336
2 0.344206 0.418769
2 0.346903 0.441689
2 0.346676 0.454729
2 0.345707 0.517864
2 0.349564 0.553129
2 0.349276 0.56533
2 0.34618 0.576767
2 0.349493 0.58744
2 0.344993 0.598944
2 0.348773 0.612803
2 0.346549 0.651599
2 0.343598 0.665624
2 0.346531 0.674416
2 0.346957 0.725943
2 0.345418 0.745645
1 0.345183 0.771156
2 0.345296 0.853192
2 0.345704 0.873628
1 0.346276 0.888969
2 0.34606 0.903368
1 0.348057 0.928215
1 0.346282 0.957963
1 0.345256 0.98958
0 0.355818 0.0456455
1 0.353314 0.110186
0 0.354719 0.132438
2 0.355695 0.171047
1 0.354271 0.213153
2 0.350141 0.226197
0 0.351976 0.238657
2 0.354995 0.25077
1 0.353382 0.261556
2 0.350884 0.270024
1 0.350895 0.289254
1 0.35044 0.33939
2 0.351509 0.351897
1 0.352914 0.369735
2 0.352408 0.380943
2 0.355092 0.402162
1 0.352883 0.415697
2 0.352231 0.423738
1 0.35513 0.436884
2 0.349877 0.473358
2 0.352279 0.482025
0 0.352847 0.510644
2 0.350551 0.525848
1 0.350394 0.541915
1 0.353057 0.572101
2 0.349713 0.632264
2 0.353997 0.645851
2 0.354329 0.679624
1 0.352372 0.696122
2 0.350123 0.713139
0 0.354145 0.732604
2 0.353171 0.753108
2 0.354291 0.795776
2 0.350659 0.809655
2 0.352892 0.822747
2 0.350646 0.835245
1 0.359928 0.0636511
2 0.356761 0.185136
2 0.357978 0.201693
2 0.361069 0.297878
1 0.359312 0.309778
2 0.355939 0.326354
2 0.359737 0.348007
2 0.356982 0.35912
2 0.36179 0.385583
2 0.358548 0.393147
2 0.359947 0.414439
2 0.357477 0.450016
1 0.35618 0.457948
2 0.357702 0.466795
1 0.359387 0.479426
2 0.356765 0.491726
2 0.358136 0.500709
2 0.359997 0.511601
2 0.35731 0.529901
2 0.361773 0.545343
2 0.358679 0.553024
2 0.357347 0.563156
2 0.360035 0.583366
2 0.360165 0.591836
2 0.356531 0.599867
2 0.358081 0.625491
1 0.357819 0.65604
2 0.356575 0.667434
2 0.361678 0.684591
2 0.360629 0.700777
2 0.358696 0.718861
2 0.358771 0.74175
2 0.358765 0.768173
2 0.357847 0.784174
1 0.361326 0.805259
1 0.359829 0.85199
0 0.360719 0.87792
2 0.361192 0.892766
1 0.361315 0.952377
1 0.367225 0.0181426
1 0.36384 0.0856408
2 0.364849 0.118791
2 0.367562 0.140198
2 0.362608 0.156346
1 0.367581 0.201357
2 0.367377 0.217177
1 0.364609 0.226674
2 0.362441 0.236301
1 0.364381 0.246093
2 0.363555 0.260684
1 0.364848 0.275903
2 0.363013 0.287129
2 0.367686 0.312678
2 0.366052 0.322517
2 0.363664 0.337146
2 0.365304 0.361429
2 0.363852 0.37402
2 0.365465 0.426078
2 0.365218 0.44473
2 0.36742 0.458013
2 0.367418 0.485618
2 0.367737 0.509308
2 0.362205 0.523065
2 0.366106 0.537111
0 0.367165 0.560895
2 0.363117 0.57446
2 0.365489 0.604424
1 0.362598 0.615298
1 0.366709 0.634833
2 0.362497 0.647332
2 0.367808 0.712417
1 0.363561 0.752713
2 0.368068 0.791205
2 0.367783 0.87015
1 0.362689 0.921365
1 0.366959 0.979536
1 0.367237 0.996746
1 0.372225 0.163914
1 0.370492 0.182808
2 0.372181 0.232505
2 0.372868 0.254444
2 0.371349 0.26697
1 0.368119 0.293965
2 0.3733 0.344086
1 0.369117 0.353382
1 0.36941 0.393056
2 0.37059 0.406864
2 0.369284 0.416115
2 0.373721 0.438361
2 0.373515 0.453356
2 0.368299 0.474692
2 0.36911 0.496491
2 0.37333 0.519065
2 0.372672 0.527009
2 0.372328 0.542827
2 0.37324 0.554371
2 0.37153 0.567235
2 0.372709 0.574875
2 0.371838 0.592048
2 0.371426 0.611002
2 0.370122 0.627525
2 0.36979 0.643083
2 0.368826 0.663846
2 0.369597 0.679903
1 0.371111 0.689167
2 0.371421 0.704017
2 0.371945 0.720555
2 0.37026 0.733152
2 0.370841 0.743538
2 0.371223 0.769832
1 0.372171 0.781688
1 0.371851 0.824739
2 0.371457 0.837398
2 0.372832 0.857754
1 0.370915 0.903977
1 0.373818 0.939041
1 0.379017 0.0564703
2 0.377851 0.150831
2 0.3782 0.17649
1 0.379927 0.263503
2 0.380214 0.276801
2 0.377656 0.286327
2 0.378208 0.297531
2 0.379065 0.310172
2 0.375238 0.319818
2 0.377253 0.331719
2 0.378234 0.36471
1 0.375495 0.372097
2 0.37591 0.379742
2 0.378832 0.390836
2 0.376521 0.399566
0 0.378677 0.407621
1 0.375054 0.430213
1 0.380075 0.46004
2 0.37982 0.46878
0 0.375076 0.475295
2 0.377476 0.492113
2 0.377938 0.509327
0 0.375589 0.601602
2 0.377001 0.618119
2 0.378081 0.632642
2 0.378972 0.644246
2 0.377516 0.652497
2 0.377733 0.674126
1 0.376821 0.72702
2 0.380243 0.740231
2 0.375154 0.802612
2 0.375455 0.814309
0 0.379278 0.84727
2 0.379705 0.879206
0 0.378374 0.912545
0 0.375608 0.953882
1 0.378507 0.968279
1 0.384908 0.00683664
1 0.380473 0.0371181
2 0.380656 0.0924754
2 0.381294 0.118084
2 0.384314 0.162519
2 0.38177 0.187704
2 0.381283 0.206833
2 0.383061 0.224933
1 0.380705 0.236998
0 0.384501 0.325045
2 0.382616 0.340022
2 0.381222 0.355377
2 0.384173 0.374146
2 0.381334 0.419428
2 0.38055 0.450241
2 0.380722 0.480665
1 0.384456 0.497089
2 0.383818 0.527576
2 0.380992 0.535675
1 0.380708 0.545402
2 0.385108 0.55913
2 0.381544 0.572327
2 0.385237 0.582394
2 0.382507 0.593425
2 0.385507 0.602264
2 0.381502 0.609356
2 0.385414 0.64947
2 0.383271 0.660966
2 0.383321 0.692302
2 0.380685 0.703297
1 0.38205 0.750238
2 0.383308 0.762488
2 0.382315 0.785128
1 0.384728 0.805762
2 0.383481 0.832614
1 0.384814 0.862513
1 0.382465 0.889397
1 0.384099 0.989984
0 0.388824 0.0792204
1 0.386642 0.129033
2 0.392137 0.142176
0 0.391413 0.187104
2 0.388595 0.198633
2 0.389992 0.23648
2 0.386735 0.248004
2 0.388164 0.263489
0 0.38882 0.278202
1 0.388242 0.307727
2 0.390889 0.336291
1 0.389172 0.344926
0 0.387516 0.361872
2 0.38787 0.383377
2 0.388575 0.399149
2 0.386964 0.409295
2 0.388311 0.434358
2 0.38761 0.442882
2 0.387593 0.456806
2 0.388524 0.470764
2 0.391129 0.480353
2 0.388789 0.489754
2 0.392362 0.501987
2 0.390468 0.514728
0 0.392164 0.5215
2 0.391319 0.534495
2 0.387382 0.54127
2 0.387363 0.550677
2 0.390027 0.570143
2 0.389623 0.610911
2 0.387823 0.619055
2 0.389619 0.62758
1 0.390508 0.636241
1 0.391173 0.65849
2 0.389179 0.668139
0 0.391782 0.681529
1 0.390748 0.699904
2 0.387146 0.714899
2 0.388931 0.725001
2 0.390802 0.740867
1 0.390496 0.769034
2 0.386899 0.79693
2 0.391981 0.820376
2 0.392573 0.846153
1 0.3892 0.921404
2 0.390463 0.939396
1 0.388725 0.954974
2 0.398738 0.153974
2 0.397188 0.174103
1 0.392691 0.212815
2 0.398417 0.226236
2 0.397071 0.256904
2 0.395346 0.271786
2 0.393532 0.295312
2 0.397088 0.318642
2 0.393359 0.327791
2 0.393778 0.352619
2 0.395962 0.361427
2 0.396286 0.377991
2 0.395729 0.3899
1 0.397926 0.411578
2 0.394697 0.419134
2 0.394662 0.450235
2 0.398011 0.475172
2 0.397413 0.493273
2 0.397006 0.527875
2 0.398581 0.5363
2 0.394275 0.576558
2 0.395394 0.587471
2 0.394172 0.595958
2 0.398462 0.609865
1 0.397012 0.617003
2 0.397626 0.627027
2 0.394332 0.643348
2 0.397098 0.664877
2 0.395671 0.69265
2 0.396168 0.711504
2 0.393257 0.760359
2 0.39613 0.787583
2 0.397967 0.798091
2 0.396634 0.858324
1 0.397455 0.879383
2 0.397076 0.90442
1 0.404178 0.031866
1 0.40097 0.0579175
1 0.399696 0.0943322
2 0.40436 0.184678
2 0.401207 0.247487
2 0.40165 0.284795
2 0.398817 0.309926
2 0.403095 0.33137
2 0.401504 0.347775
2 0.40419 0.363758
1 0.400791 0.372496
2 0.402892 0.40101
2 0.404411 0.423213
2 0.400002 0.434553
1 0.402822 0.445075
2 0.402993 0.452044
2 0.400856 0.462823
2 0.399896 0.485689
2 0.401282 0.512217
2 0.402947 0.521336
2 0.401325 0.548316
1 0.400125 0.557203
2 0.403137 0.592419
2 0.403765 0.635593
2 0.403225 0.646891
2 0.402788 0.671556
2 0.40077 0.68451
2 0.398986 0.721978
2 0.40219 0.730656
0 0.40257 0.750986
2 0.403818 0.759424
2 0.404172 0.773525
2 0.404214 0.815015
2 0.400999 0.830821
2 0.400092 0.889237
1 0.398973 0.967478
2 0.401618 0.984119
2 0.410214 0.101671
2 0.409394 0.12027
1 0.408821 0.143708
1 0.409678 0.163221
1 0.405029 0.200766
2 0.405276 0.212555
1 0.405174 0.23567
1 0.405687 0.263304
2 0.409329 0.274212
2 0.408927 0.299503
2 0.407958 0.3109
2 0.40843 0.320053
1 0.407781 0.344092
2 0.406065 0.383547
1 0.405121 0.39272
2 0.408191 0.416396
2 0.410713 0.439454
2 0.406175 0.468914
2 0.4088 0.481179
2 0.407492 0.504134
2 0.407047 0.53046
2 0.409436 0.555942
2 0.408172 0.569373
2 0.40502 0.577372
1 0.407053 0.585446
2 0.408251 0.607911
2 0.405925 0.621506
2 0.407395 0.655679
2 0.410536 0.663973
2 0.410073 0.67969
2 0.408504 0.688988
2 0.40717 0.698718
2 0.405786 0.707923
2 0.410473 0.734377
2 0.405572 0.74232
2 0.409838 0.785747
0 0.408965 0.795423
1 0.405994 0.839794
2 0.409161 0.871483
1 0.404956 0.912462
1 0.405624 0.951913
1 0.406965 0.998965
2 0.417108 0.135706
2 0.415712 0.173826
1 0.415617 0.187107
2 0.414031 0.225321
2 0.411906 0.242001
2 0.413965 0.253398
2 0.415254 0.263882
2 0.413387 0.288202
0 0.416897 0.301944
1 0.416424 0.319312
2 0.412093 0.351876
1 0.415292 0.3589
2 0.411971 0.372446
2 0.413517 0.386274
2 0.415845 0.399289
2 0.41434 0.406991
1 0.416056 0.416035
2 0.411395 0.427516
2 0.412038 0.455883
2 0.413487 0.474383
2 0.415114 0.48682
2 0.411457 0.498022
2 0.41274 0.523865
2 0.413413 0.534153
2 0.411094 0.54158
2 0.413922 0.550057
2 0.415913 0.579641
2 0.41115 0.592129
1 0.413966 0.603476
2 0.413785 0.615178
2 0.416442 0.622687
2 0.417058 0.636886
0 0.414725 0.648914
2 0.416318 0.692799
2 0.413795 0.72544
2 0.415371 0.744407
2 0.413811 0.762611
2 0.413703 0.822645
1 0.414512 0.887013
0 0.416295 0.902947
1 0.415828 0.928745
0 0.421065 0.019981
1 0.417313 0.0720295
2 0.417865 0.153837
2 0.417625 0.198797
2 0.419582 0.215896
2 0.420748 0.235583
2 0.423266 0.245199
2 0.419866 0.278508
2 0.422398 0.289071
2 0.421582 0.311793
2 0.419388 0.326948
2 0.417547 0.337991
2 0.421293 0.352
2 0.423243 0.365427
2 0.422097 0.408726
2 0.418103 0.433922
2 0.420434 0.448092
1 0.42319 0.455118
2 0.419816 0.46064
2 0.422839 0.469066
1 0.422068 0.476985
2 0.420905 0.491508
1 0.417604 0.510493
2 0.421249 0.544212
2 0.418788 0.558037
2 0.422398 0.56639
2 0.421882 0.598341
2 0.419071 0.608916
2 0.419409 0.662135
2 0.421923 0.68578
2 0.417555 0.708198
1 0.422713 0.733729
1 0.419993 0.77496
2 0.419931 0.793603
2 0.422387 0.805211
1 0.418968 0.856311
1 0.428325 0.0446933
2 0.427644 0.0877848
1 0.424834 0.107648
2 0.425378 0.119597
1 0.425172 0.209009
0 0.423479 0.254888
1 0.426343 0.272437
2 0.428612 0.328492
2 0.424976 0.343149
1 0.42532 0.377227
2 0.427973 0.39027
2 0.427804 0.398423
2 0.427758 0.413726
2 0.423447 0.422078
2 0.42427 0.439949
2 0.428929 0.465379
2 0.42775 0.488837
2 0.424861 0.501695
2 0.425486 0.516616
2 0.426531 0.531193
2 0.427529 0.55421
2 0.428372 0.561519
1 0.426114 0.579583
2 0.426519 0.587338
2 0.428911 0.595337
1 0.426289 0.622285
2 0.427532 0.632424
2 0.42859 0.646935
2 0.425429 0.654987
1 0.424649 0.676909
2 0.426739 0.693177
2 0.426299 0.710176
2 0.428088 0.757569
2 0.426118 0.768614
1 0.42508 0.831303
2 0.426151 0.845339
2 0.42653 0.87668
2 0.424389 0.911657
1 0.425452 0.99477
2 0.433959 0.135717
2 0.431828 0.166972
2 0.432355 0.188427
2 0.43224 0.218822
1 0.429749 0.227714
2 0.432376 0.240309
2 0.433178 0.260144
2 0.431398 0.282674
1 0.431164 0.293027
2 0.434147 0.308573
1 0.431294 0.339593
2 0.433382 0.365196
2 0.432845 0.375751
0 0.432874 0.409489
2 0.432643 0.420027
2 0.430365 0.428567
2 0.434574 0.439016
2 0.434646 0.446896
2 0.429884 0.454397
2 0.431271 0.478953
2 0.434526 0.492669
2 0.432449 0.500451
2 0.43135 0.507986
2 0.431787 0.522681
0 0.431265 0.537621
2 0.434665 0.553444
2 0.430381 0.572314
0 0.429693 0.604589
2 0.434837 0.622245
1 0.433065 0.654324
2 0.433008 0.662885
2 0.434327 0.681328
0 0.433572 0.697568
2 0.429998 0.720921
2 0.429863 0.743166
2 0.431017 0.782316
2 0.431043 0.798628
1 0.431166 0.807749
2 0.43227 0.824529
0 0.435291 0.865261
1 0.430009 0.895623
0 0.432854 0.937148
1 0.434678 0.949251
1 0.433081 0.973438
1 0.438513 0.0248642
1 0.436747 0.0679521
2 0.440329 0.102028
1 0.441228 0.123219
2 0.439253 0.197838
2 0.440692 0.229427
2 0.438445 0.267727
2 0.439458 0.278096
2 0.44159 0.291152
1 0.436677 0.3214
2 0.440903 0.327752
2 0.438471 0.342208
2 0.43652 0.357323
0 0.440212 0.367048
2 0.438342 0.383003
2 0.440734 0.39689
2 0.440433 0.410283
1 0.438029 0.430473
2 0.436827 0.460492
2 0.43796 0.467912
2 0.4396 0.502503
2 0.43976 0.512387
2 0.440211 0.534526
2 0.439301 0.544198
2 0.436925 0.563289
2 0.438957 0.575178
2 0.43588 0.599008
2 0.439401 0.608701
2 0.43601 0.630447
2 0.438142 0.642608
2 0.439083 0.709267
2 0.439461 0.718266
2 0.435915 0.732844
0 0.438663 0.741852
2 0.439464 0.772644
2 0.441499 0.792233
2 0.440626 0.81144
2 0.437102 0.838689
2 0.438398 0.85551
1 0.440427 0.881438
0 0.442059 0.0850604
1 0.443809 0.144976
1 0.442911 0.210561
2 0.442851 0.241136
2 0.441961 0.255291
2 0.443692 0.304346
0 0.445275 0.333359
2 0.444704 0.403647
2 0.443149 0.421018
2 0.446181 0.442954
2 0.444009 0.452771
2 0.444839 0.463662
2 0.44317 0.475161
2 0.446662 0.482999
2 0.445344 0.489958
2 0.443918 0.51983
2 0.442517 0.553417
2 0.444149 0.564871
2 0.441829 0.586798
2 0.442751 0.594113
1 0.445926 0.601812
2 0.445392 0.621261
2 0.445786 0.65092
2 0.44301 0.660772
2 0.445716 0.668494
2 0.442683 0.676151
2 0.442957 0.689769
2 0.442082 0.753639
1 0.442552 0.914326
1 0.445601 0.934855
2 0.446528 0.963312
1 0.445579 0.99477
2 0.451948 0.130785
2 0.45148 0.16354
0 0.448039 0.17686
2 0.453371 0.187348
2 0.453519 0.211304
2 0.448253 0.221264
1 0.452385 0.248041
2 0.451856 0.266124
2 0.450648 0.275297
2 0.448208 0.284357
1 0.450888 0.296295
2 0.450042 0.311182
2 0.449736 0.325784
2 0.44917 0.341938
2 0.45331 0.350637
2 0.45079 0.359253
2 0.450457 0.371837
2 0.452676 0.381908
1 0.449537 0.393931
2 0.452521 0.407657
1 0.450951 0.41403
2 0.45096 0.430111
2 0.452916 0.440707
2 0.452506 0.463293
2 0.452271 0.473356
1 0.453714 0.487384
2 0.448834 0.502665
2 0.453575 0.514784
1 0.452259 0.521129
2 0.45049 0.531364
2 0.453346 0.54319
2 0.453441 0.558084
1 0.449835 0.569697
2 0.449182 0.582698
2 0.452229 0.604262
2 0.448425 0.634538
0 0.448345 0.644377
2 0.448752 0.683384
2 0.448149 0.703131
1 0.448692 0.721647
2 0.451359 0.729731
2 0.450014 0.746797
1 0.448922 0.763505
2 0.452197 0.771919
2 0.451899 0.787047
1 0.452105 0.799227
2 0.452362 0.816715
2 0.448232 0.828466
2 0.448983 0.841187
1 0.451552 0.859167
2 0.4479 0.872271
2 0.447878 0.891845
1 0.45781 0.0355256
1 0.455521 0.102948
2 0.455763 0.151542
2 0.459051 0.201816
2 0.455202 0.239106
0 0.459927 0.27571
2 0.458507 0.317211
1 0.457896 0.325349
2 0.456164 0.332849
2 0.457219 0.42427
2 0.455693 0.449714
1 0.455964 0.457689
2 0.458335 0.48225
2 0.457195 0.501423
2 0.459438 0.539832
2 0.456201 0.549686
2 0.454336 0.575452
2 0.459385 0.580624
2 0.454198 0.595161
2 0.456553 0.616181
2 0.456254 0.627187
2 0.457277 0.638034
1 0.45557 0.660361
2 0.458933 0.670346
2 0.455741 0.679266
1 0.45774 0.68806
2 0.456159 0.696989
2 0.456383 0.707732
2 0.459128 0.759613
2 0.459335 0.806758
0 0.460093 0.832977
1 0.458914 0.881202
2 0.459659 0.908073
2 0.457874 0.935039
1 0.457168 0.955073
1 0.457515 0.978588
1 0.460622 0.0564749
2 0.463577 0.182283
2 0.463327 0.215891
2 0.460986 0.228738
2 0.462648 0.253052
2 0.464958 0.264033
2 0.46499 0.284745
2 0.461597 0.293421
2 0.462417 0.305501
2 0.464212 0.340549
1 0.460879 0.356787
2 0.46156 0.364275
2 0.463408 0.373677
1 0.46132 0.381403
2 0.463139 0.390961
2 0.463601 0.401528
2 0.463235 0.413265
2 0.463272 0.449582
2 0.464553 0.458895
2 0.462894 0.470338
2 0.46624 0.483651
2 0.460349 0.493225
2 0.462287 0.506203
2 0.462008 0.517237
2 0.460525 0.527367
2 0.465018 0.553925
2 0.460232 0.56252
2 0.461032 0.606971
2 0.464724 0.631371
2 0.465718 0.651104
2 0.465802 0.663028
2 0.464505 0.67729
2 0.464767 0.692
2 0.4619 0.715819
2 0.463199 0.724891
2 0.460643 0.733723
1 0.465074 0.75207
2 0.464834 0.774245
2 0.463008 0.796331
2 0.465436 0.816527
2 0.463352 0.842211
2 0.460402 0.863862
2 0.464154 0.891648
0 0.460416 0.919012
1 0.466263 0.083516
1 0.466816 0.149962
2 0.470274 0.160157
2 0.469725 0.197634
2 0.469708 0.240122
2 0.47118 0.298367
2 0.466513 0.314862
2 0.466422 0.328811
2 0.471204 0.336261
2 0.46899 0.351326
0 0.470727 0.394757
2 0.470761 0.408604
2 0.472196 0.422322
2 0.469155 0.428885
1 0.466349 0.437049
2 0.469574 0.463929
0 0.472218 0.471051
1 0.468355 0.502708
2 0.472304 0.519974
2 0.46751 0.540225
1 0.470384 0.54816
2 0.467776 0.561392
2 0.47019 0.571895
2 0.469433 0.580059
1 0.466571 0.594014
1 0.46832 0.619659
2 0.472238 0.628956
2 0.472326 0.655281
0 0.471168 0.674949
2 0.472311 0.699826
2 0.469445 0.707536
2 0.468328 0.739444
2 0.470847 0.856773
2 0.470812 0.872504
1 0.471131 0.929012
0 0.468941 0.994543
1 0.476013 0.0170566
0 0.473893 0.0353837
1 0.477078 0.106333
0 0.474891 0.130441
2 0.474849 0.175889
2 0.475414 0.208235
2 0.473434 0.22249
2 0.478272 0.234813
2 0.476536 0.247815
2 0.472787 0.275005
1 0.473268 0.290644
2 0.47766 0.305714
2 0.47542 0.319952
2 0.475822 0.346749
2 0.473444 0.365201
1 0.476852 0.371745
2 0.474181 0.385818
2 0.477223 0.393373
2 0.474048 0.415118
2 0.474256 0.435647
2 0.473431 0.447887
2 0.473195 0.458007
2 0.47303 0.485784
2 0.474211 0.492962
2 0.473293 0.507911
2 0.473202 0.528082
2 0.474703 0.539848
2 0.473332 0.555438
2 0.478477 0.57407
2 0.476015 0.584631
2 0.474318 0.598537
2 0.474678 0.61008
2 0.478525 0.624868
1 0.474421 0.644927
2 0.474272 0.665128
2 0.476499 0.687943
0 0.474135 0.718091
2 0.475317 0.725893
2 0.47287 0.748146
2 0.47745 0.766489
0 0.474458 0.786981
2 0.47545 0.796806
2 0.477537 0.807422
1 0.475742 0.817388
2 0.476805 0.828197
1 0.478485 0.864696
1 0.474967 0.890446
1 0.474268 0.910044
0 0.472611 0.956286
1 0.481418 0.185464
2 0.483646 0.216086
1 0.481212 0.260738
2 0.483155 0.28169
2 0.482183 0.291751
2 0.481568 0.332223
2 0.479949 0.355866
2 0.483851 0.383025
2 0.482285 0.412677
1 0.480609 0.419499
2 0.481829 0.430595
2 0.480337 0.447034
2 0.480921 0.456783
2 0.482368 0.476336
2 0.483371 0.486127
2 0.479756 0.498059
2 0.483451 0.507947
2 0.483549 0.515469
2 0.48274 0.523682
2 0.484258 0.5318
2 0.480445 0.551289
2 0.479727 0.558337
2 0.482478 0.566476
0 0.483439 0.595121
2 0.479098 0.637014
2 0.484321 0.644785
2 0.482202 0.654101
2 0.483751 0.67858
2 0.479919 0.70344
1 0.478866 0.736208
2 0.484633 0.77281
2 0.480636 0.881502
1 0.484464 0.941344
1 0.486037 0.00040678
1 0.489311 0.0363741
1 0.486218 0.0803265
2 0.490656 0.13967
2 0.485356 0.15292
2 0.488369 0.17431
2 0.488116 0.198515
2 0.487585 0.231274
0 0.484979 0.240974
2 0.489715 0.30016
2 0.485114 0.312202
2 0.487707 0.32612
2 0.48698 0.351673
1 0.487038 0.358675
2 0.487924 0.365695
2 0.485667 0.391523
1 0.486425 0.400732
2 0.488131 0.422893
2 0.488998 0.436007
1 0.489449 0.450593
2 0.490208 0.477106
1 0.490626 0.517895
2 0.490319 0.53498
2 0.485573 0.544133
2 0.488624 0.553366
2 0.48759 0.561755
2 0.485016 0.579428
2 0.489687 0.590739
2 0.486568 0.612624
2 0.489928 0.619548
2 0.485752 0.627382
2 0.490254 0.661047
2 0.488927 0.669098
2 0.484981 0.691565
1 0.490682 0.699534
2 0.484903 0.712923
2 0.48615 0.724955
2 0.485764 0.743931
1 0.4857 0.761314
2 0.488012 0.782357
2 0.489754 0.801421
1 0.48537 0.839464
2 0.488978 0.850853
1 0.489818 0.904382
2 0.485494 0.918559
1 0.487335 0.977778
1 0.49398 0.0606668
1 0.496587 0.15675
2 0.495605 0.224871
2 0.492185 0.24619
2 0.493299 0.269274
0 0.495025 0.286346
2 0.495752 0.313262
1 0.49337 0.33921
2 0.495129 0.370612
1 0.491228 0.381421
2 0.49459 0.387718
2 0.493015 0.416004
0 0.494825 0.424137
2 0.496827 0.431699
2 0.491531 0.443215
2 0.493238 0.467106
2 0.491125 0.489351
2 0.492211 0.496476
2 0.494664 0.510106
0 0.491393 0.547312
2 0.492728 0.567507
1 0.492019 0.574573
2 0.491535 0.58344
2 0.495321 0.598931
1 0.491874 0.632999
2 0.492729 0.64299
2 0.493362 0.65189
1 0.492819 0.676408
2 0.493224 0.685482
2 0.493614 0.714604
2 0.494561 0.739774
2 0.494578 0.750916
2 0.496555 0.763433
1 0.496663 0.779374
2 0.49625 0.788257
2 0.492746 0.81372
2 0.491439 0.830817
2 0.495969 0.861318
0 0.494069 0.888448
0 0.498953 0.0765277
1 0.499835 0.110122
2 0.502931 0.147743
2 0.498956 0.16749
2 0.500386 0.180893
2 0.498871 0.206755
2 0.49984 0.237653
2 0.49871 0.253905
2 0.502337 0.342296
2 0.502925 0.3509
2 0.497867 0.358841
2 0.497667 0.378491
2 0.499029 0.402192
2 0.499101 0.439609
2 0.501473 0.451121
2 0.498301 0.457791
2 0.500722 0.467439
2 0.49984 0.478313
2 0.498648 0.50412
2 0.499335 0.521813
2 0.499205 0.531142
2 0.499965 0.544109
2 0.49975 0.556119
2 0.502447 0.562512
2 0.499885 0.581299
1 0.502506 0.591893
2 0.499381 0.606304
2 0.498542 0.619189
2 0.498867 0.632212
1 0.498347 0.660326
2 0.500292 0.671674
2 0.498564 0.69207
2 0.501679 0.707167
1 0.498656 0.726152
1 0.50053 0.806483
2 0.499937 0.843057
0 0.498628 0.933155
1 0.501178 0.961471
0 0.502356 0.975513
1 0.507129 0.00167272
0 0.505543 0.190794
2 0.504349 0.219461
2 0.507915 0.229911
1 0.503422 0.246688
2 0.507266 0.269069
2 0.504032 0.285561
1 0.503748 0.301273
2 0.507726 0.318473
2 0.503175 0.325596
2 0.507836 0.357563
2 0.503461 0.366918
1 0.507998 0.374247
2 0.506757 0.394615
2 0.509042 0.401811
1 0.504287 0.406647
2 0.505301 0.413588
2 0.504128 0.426294
2 0.506981 0.433084
2 0.504653 0.461334
2 0.508874 0.469125
2 0.506865 0.476226
2 0.50834 0.482775
2 0.503566 0.489215
1 0.504154 0.496105
2 0.505197 0.506679
2 0.505837 0.534015
2 0.506159 0.551028
2 0.507482 0.581722
2 0.506282 0.601886
1 0.506365 0.609974
2 0.50568 0.622738
1 0.507912 0.630643
0 0.503205 0.645042
2 0.506798 0.654986
2 0.507522 0.675916
1 0.507115 0.687563
2 0.508438 0.697012
2 0.503318 0.718097
2 0.50325 0.736993
2 0.503836 0.756337
2 0.504227 0.774764
2 0.508154 0.783727
2 0.507907 0.79485
2 0.503084 0.818848
0 0.507239 0.835944
2 0.508001 0.877481
2 0.508303 0.896458
1 0.505128 0.914649
2 0.509012 0.949658
2 0.512061 0.0280636
1 0.513674 0.0566823
2 0.509803 0.135661
2 0.513487 0.254519
2 0.514464 0.299347
0 0.509452 0.336824
2 0.512563 0.34519
2 0.513044 0.363437
2 0.509245 0.3866
2 0.514186 0.408362
2 0.50947 0.421415
2 0.514908 0.42802
1 0.512312 0.437546
2 0.513559 0.451777
1 0.511111 0.460846
2 0.512158 0.49246
2 0.512345 0.513122
2 0.509234 0.51922
2 0.512996 0.524755
1 0.511745 0.545285
2 0.509585 0.565111
2 0.512522 0.575688
2 0.509955 0.594702
2 0.513478 0.602668
2 0.512983 0.624571
2 0.509336 0.637246
2 0.513529 0.643649
2 0.512865 0.662448
1 0.512794 0.670815
2 0.514206 0.708376
2 0.512402 0.721308
0 0.511234 0.74314
2 0.512594 0.811836
1 0.514329 0.861381
2 0.512122 0.92332
1 0.518693 0.080659
2 0.515568 0.169395
2 0.516124 0.181274
2 0.516874 0.213814
1 0.518393 0.225546
2 0.515964 0.242611
1 0.520914 0.276472
2 0.519529 0.307353
2 0.516202 0.321923
2 0.518661 0.335419
1 0.516514 0.353736
2 0.518056 0.378934
0 0.518185 0.397928
2 0.518742 0.41461
2 0.520012 0.435494
2 0.515809 0.444255
2 0.521048 0.449028
2 0.516262 0.465303
2 0.516393 0.477058
0 0.517255 0.486961
2 0.516372 0.503477
2 0.51912 0.520935
2 0.517773 0.530456
2 0.517204 0.541113
2 0.51566 0.557818
2 0.517205 0.565579
1 0.520079 0.578435
2 0.516702 0.584251
2 0.517543 0.591405
2 0.517085 0.614591
2 0.52035 0.631123
2 0.516757 0.653008
2 0.519054 0.677643
2 0.51689 0.692642
2 0.520922 0.703261
2 0.517667 0.734059
1 0.516442 0.761444
2 0.518666 0.787013
2 0.51942 0.80056
2 0.516684 0.825551
2 0.520966 0.853552
1 0.517319 0.889948
1 0.517285 0.93597
1 0.518622 0.976387
1 0.525632 0.04075
2 0.523174 0.131427
2 0.523527 0.156869
2 0.522322 0.204309
2 0.522459 0.233498
2 0.523144 0.253231
2 0.524674 0.283549
1 0.523012 0.29527
2 0.526395 0.346651
2 0.522451 0.358871
2 0.522967 0.368776
1 0.527036 0.376181
2 0.524069 0.393458
2 0.524201 0.40435
2 0.526203 0.411602
2 0.523659 0.421519
2 0.526466 0.461335
2 0.523697 0.474225
2 0.524681 0.482357
2 0.523619 0.492157
2 0.525998 0.506909
1 0.525578 0.513653
2 0.525871 0.527436
2 0.524991 0.537842
2 0.526517 0.548464
2 0.526699 0.561985
2 0.525106 0.587921
1 0.52436 0.595344
2 0.52527 0.604844
2 0.525876 0.618991
1 0.525374 0.640019
2 0.526744 0.646553
2 0.523785 0.657951
2 0.523121 0.66669
1 0.524834 0.690795
1 0.526876 0.713501
2 0.521973 0.722818
1 0.527573 0.824147
2 0.524794 0.834777
1 0.525381 0.910262
1 0.529278 0.0183028
2 0.533377 0.146258
1 0.528589 0.177447
2 0.532239 0.192697
2 0.529427 0.216967
2 0.533213 0.2307
2 0.528674 0.267574
2 0.528352 0.307245
2 0.531357 0.31612
2 0.528775 0.326643
1 0.527672 0.337871
2 0.531627 0.366226
2 0.532036 0.395303
2 0.530485 0.417799
2 0.530712 0.425268
2 0.528565 0.436013
2 0.528288 0.446184
1 0.533094 0.456767
2 0.532678 0.466852
2 0.533517 0.506546
2 0.529563 0.521514
2 0.53287 0.532435
2 0.531911 0.541784
2 0.532899 0.551487
2 0.532244 0.568492
2 0.527823 0.573997
2 0.530529 0.581092
2 0.532016 0.59215
2 0.531617 0.611129
2 0.529689 0.632588
2 0.533228 0.658232
2 0.529582 0.679809
2 0.533528 0.69415
2 0.530527 0.736157
2 0.528482 0.747702
2 0.528307 0.76099
2 0.529293 0.774917
2 0.532234 0.793199
1 0.52953 0.804458
1 0.528584 0.844815
2 0.530341 0.877978
1 0.537996 0.0634941
2 0.535624 0.161616
2 0.535429 0.203075
2 0.539697 0.24098
0 0.534183 0.249516
2 0.535197 0.26062
2 0.534315 0.280791
2 0.534484 0.294208
2 0.536751 0.308834
2 0.539454 0.323327
1 0.534611 0.358782
2 0.537901 0.374009
2 0.535348 0.386247
2 0.539168 0.418016
0 0.534076 0.439124
2 0.537712 0.44926
2 0.53397 0.477257
1 0.538154 0.472466
2 0.536397 0.490806
2 0.535562 0.517584
2 0.538493 0.538121
2 0.534516 0.558971
1 0.537072 0.573028
2 0.53878 0.595071
2 0.534505 0.602612
2 0.536851 0.621514
1 0.536663 0.664209
2 0.537995 0.682133
2 0.538801 0.703584
2 0.534685 0.727811
1 0.536081 0.783192
2 0.536963 0.816854
2 0.535748 0.860339
2 0.536672 0.902108
0 0.536836 0.921299
1 0.533836 0.948587
1 0.537464 0.970259
1 0.538686 0.995494
0 0.541412 0.107924
2 0.540553 0.184022
2 0.544657 0.22647
2 0.544604 0.254637
2 0.539901 0.269446
2 0.543287 0.296079
2 0.544961 0.338408
2 0.540863 0.346474
2 0.541542 0.354516
2 0.543047 0.365455
1 0.544235 0.383727
2 0.545721 0.39627
1 0.543338 0.40849
2 0.540872 0.433173
2 0.544689 0.445506
2 0.542491 0.458513
2 0.540805 0.483102
2 0.541247 0.503037
2 0.543547 0.512179
1 0.541852 0.522346
2 0.542747 0.530003
0 0.544641 0.551459
2 0.543985 0.558268
2 0.541632 0.566174
2 0.542774 0.580516
0 0.541823 0.607121
2 0.545577 0.617568
2 0.544381 0.629072
1 0.54543 0.63956
2 0.541056 0.646012
2 0.54156 0.67289
2 0.545978 0.685192
2 0.545528 0.695866
2 0.541685 0.718543
2 0.543673 0.72711
1 0.540977 0.739556
2 0.539893 0.747784
1 0.541622 0.759415
2 0.541619 0.770008
2 0.542912 0.800751
2 0.543328 0.83833
2 0.543891 0.886838
2 0.541449 0.9384
1 0.547167 0.0120298
1 0.551079 0.0363389
1 0.54705 0.159411
2 0.548385 0.170567
0 0.549574 0.198927
2 0.547431 0.208612
1 0.54905 0.235742
1 0.548482 0.267877
2 0.550559 0.277877
2 0.546047 0.2877
1 0.547216 0.307357
2 0.548213 0.328399
2 0.550949 0.354852
2 0.551279 0.381837
2 0.55186 0.411838
1 0.550755 0.4299
2 0.548102 0.452059
2 0.548224 0.463628
2 0.549229 0.476232
0 0.550062 0.489001
2 0.547753 0.505357
2 0.548699 0.545513
2 0.550719 0.569049
2 0.546803 0.586458
2 0.547246 0.594289
2 0.550158 0.604943
2 0.551956 0.629907
2 0.546921 0.654494
2 0.548445 0.668316
1 0.546181 0.678203
1 0.550661 0.702144
2 0.548882 0.711486
2 0.550351 0.721313
2 0.551878 0.735515
2 0.550026 0.778835
2 0.547006 0.821738
1 0.547735 0.85039
2 0.552616 0.123511
2 0.555258 0.137874
2 0.55772 0.243262
2 0.555544 0.262321
1 0.555175 0.286071
2 0.55705 0.307475
2 0.552537 0.346413
2 0.554552 0.368646
2 0.555742 0.39643
2 0.557742 0.406785
2 0.558179 0.427384
2 0.55628 0.455735
1 0.554966 0.472797
2 0.555602 0.480823
1 0.555437 0.50341
2 0.555154 0.515026
2 0.552583 0.524219
1 0.556507 0.530975
2 0.552478 0.536547
2 0.555656 0.542851
2 0.5542 0.575588
1 0.554341 0.586385
2 0.556242 0.593016
1 0.556591 0.60783
0 0.553659 0.654852
2 0.556248 0.66489
2 0.55574 0.675987
2 0.555024 0.693563
2 0.554359 0.747179
2 0.552512 0.758107
0 0.553926 0.787259
2 0.557294 0.804207
1 0.557563 0.814055
2 0.557256 0.831255
2 0.55699 0.871422
1 0.556316 0.884434
2 0.557843 0.922612
1 0.553257 0.939597
1 0.557999 0.966613
0 0.561103 0.0655302
1 0.559932 0.0863858
2 0.560584 0.160114
2 0.558385 0.185311
2 0.560083 0.20703
2 0.561268 0.21996
2 0.559304 0.232694
2 0.562402 0.269361
2 0.561097 0.291977
2 0.564091 0.301387
2 0.563081 0.3139
0 0.558584 0.321697
2 0.562336 0.331922
1 0.560478 0.344443
2 0.562931 0.363464
2 0.563356 0.373581
0 0.560476 0.385809
1 0.563912 0.403307
2 0.560636 0.420454
2 0.558432 0.436397
1 0.55944 0.446695
2 0.564338 0.453319
2 0.562068 0.460128
2 0.562658 0.47015
2 0.563137 0.484485
2 0.559546 0.492028
2 0.561447 0.506
2 0.564032 0.516591
2 0.563106 0.551287
1 0.558378 0.56231
2 0.561016 0.584318
2 0.560694 0.601564
2 0.559093 0.617841
2 0.562138 0.624899
2 0.55941 0.633904
2 0.559296 0.643826
2 0.563602 0.653355
2 0.56352 0.661465
1 0.564296 0.690321
2 0.560112 0.705848
1 0.56287 0.716042
0 0.561193 0.738772
1 0.563206 0.766239
2 0.562173 0.79246
0 0.562716 0.840058
2 0.558568 0.856036
2 0.561893 0.893692
1 0.558799 0.904632
0 0.559065 0.994588
1 0.570221 0.0222527
1 0.568399 0.0521301
2 0.564426 0.173732
1 0.57039 0.220064
2 0.567174 0.249761
2 0.567201 0.260681
2 0.564936 0.280596
2 0.570333 0.328965
2 0.568243 0.357451
2 0.568314 0.414177
2 0.56901 0.445078
2 0.569957 0.479822
2 0.565924 0.495715
2 0.564907 0.529152
2 0.569025 0.53646
2 0.569274 0.563999
2 0.564563 0.574971
2 0.568948 0.581727
2 0.568589 0.598771
2 0.564446 0.611108
2 0.56731 0.619172
1 0.566024 0.646367
2 0.565239 0.676185
2 0.570229 0.682911
2 0.565073 0.698606
2 0.564738 0.751413
2 0.569911 0.820129
2 0.568913 0.831574
1 0.570326 0.868348
0 0.566083 0.953739
2 0.57265 0.120666
2 0.573294 0.13901
2 0.57369 0.15264
2 0.575505 0.166483
1 0.574096 0.189069
2 0.572045 0.198809
2 0.570781 0.231363
0 0.573889 0.239531
1 0.575667 0.271073
2 0.575261 0.294549
2 0.574104 0.314474
1 0.572537 0.368349
2 0.57378 0.379673
2 0.574133 0.388004
2 0.574242 0.396029
2 0.57368 0.407946
1 0.573007 0.421016
2 0.573935 0.433092
1 0.576047 0.439226
2 0.57526 0.455526
2 0.572015 0.472855
1 0.572206 0.508303
2 0.571387 0.544218
2 0.57635 0.552143
2 0.574462 0.559043
0 0.571007 0.588314
2 0.575088 0.605303
1 0.573616 0.612384
2 0.572541 0.630225
2 0.571801 0.642787
2 0.572236 0.654993
1 0.570554 0.662736
2 0.575597 0.69226
2 0.57137 0.7203
2 0.572055 0.731022
2 0.575348 0.762646
2 0.570723 0.771025
2 0.570651 0.783842
2 0.572487 0.800682
2 0.575821 0.841444
2 0.574959 0.857427
2 0.580939 0.17836
2 0.581522 0.206774
2 0.581626 0.25703
2 0.58187 0.285478
1 0.579507 0.306839
2 0.582545 0.317986
2 0.579307 0.338155
2 0.57681 0.34903
2 0.581314 0.358674
2 0.581476 0.372226
1 0.58095 0.401752
2 0.579766 0.421123
2 0.582091 0.448501
2 0.578529 0.462727
1 0.578698 0.484337
2 0.576965 0.491802
2 0.579729 0.507582
2 0.578125 0.516796
1 0.581728 0.52331
2 0.576855 0.528534
2 0.577482 0.54056
2 0.581432 0.566931
2 0.578834 0.575098
2 0.582649 0.596228
2 0.580285 0.612044
2 0.581178 0.620308
0 0.581111 0.635753
2 0.580437 0.643365
2 0.581864 0.655006
1 0.577586 0.676335
0 0.578319 0.707491
2 0.581767 0.721158
1 0.578752 0.74267
2 0.578823 0.791967
2 0.576732 0.811306
2 0.580423 0.874075
0 0.578173 0.908087
1 0.576748 0.927978
1 0.577184 0.965315
1 0.581199 0.985222
1 0.584082 0.0877981
2 0.584426 0.109623
1 0.586215 0.132909
2 0.585105 0.195354
2 0.584225 0.227062
2 0.584487 0.245777
2 0.58711 0.270517
2 0.587061 0.301003
2 0.584023 0.326913
1 0.584474 0.350147
2 0.583097 0.38604
2 0.584042 0.394945
2 0.584629 0.407368
2 0.583696 0.44089
0 0.583678 0.469088
2 0.583961 0.475607
2 0.586688 0.485354
2 0.583871 0.495196
0 0.58723 0.501016
2 0.58541 0.514884
2 0.588332 0.521779
2 0.583054 0.532324
1 0.585057 0.544555
2 0.586672 0.552881
1 0.586816 0.574592
2 0.586722 0.585797
2 0.583684 0.60534
2 0.584556 0.62755
2 0.588302 0.641442
2 0.582956 0.670351
2 0.585718 0.681087
2 0.584426 0.691601
2 0.585099 0.702909
2 0.584982 0.733656
1 0.583441 0.76783
2 0.584686 0.778475
1 0.586504 0.798191
2 0.583133 0.824251
1 0.585238 0.854012
1 0.583881 0.885122
2 0.587941 0.943626
1 0.59291 0.0352125
2 0.593105 0.154012
2 0.594526 0.170074
1 0.592358 0.240465
2 0.593297 0.259514
2 0.592383 0.279566
2 0.589831 0.29118
2 0.591048 0.320341
2 0.59101 0.34019
2 0.59397 0.355686
2 0.589191 0.369682
2 0.590558 0.380919
2 0.594454 0.413221
2 0.589486 0.42192
2 0.593369 0.43241
2 0.592448 0.44171
1 0.589755 0.453914
2 0.590229 0.471178
2 0.593251 0.503429
2 0.591802 0.511396
2 0.590525 0.529754
2 0.593779 0.591183
1 0.591828 0.598867
2 0.589678 0.619373
2 0.59329 0.652448
2 0.589552 0.663107
2 0.59501 0.699526
1 0.59408 0.707952
2 0.59132 0.741088
2 0.591782 0.753457
2 0.592181 0.766071
2 0.594356 0.810356
1 0.59414 0.83075
2 0.588988 0.842285
2 0.593007 0.865349
2 0.594386 0.888367
2 0.589646 0.918142
0 0.595429 0.017568
2 0.600808 0.13886
1 0.595982 0.221004
2 0.599794 0.230423
2 0.597829 0.248311
1 0.59621 0.271848
2 0.598329 0.307498
1 0.60101 0.31671
2 0.597739 0.346622
2 0.599754 0.381688
2 0.596688 0.390376
1 0.598677 0.402195
2 0.601032 0.419684
2 0.600189 0.457914
2 0.601074 0.480106
2 0.595108 0.488549
2 0.597292 0.497255
2 0.600908 0.51887
2 0.597829 0.544968
0 0.597031 0.558355
2 0.597619 0.572099
2 0.599748 0.581582
2 0.597526 0.606267
2 0.600011 0.618706
1 0.595253 0.628782
2 0.596524 0.637202
2 0.601186 0.64428
1 0.59807 0.662916
2 0.600287 0.67537
2 0.597418 0.685052
2 0.599708 0.718426
2 0.599509 0.727587
2 0.600709 0.782925
2 0.596338 0.79909
1 0.596268 0.899961
1 0.598765 0.93086
1 0.598453 0.968824
1 0.60509 0.0612748
2 0.602477 0.0976865
2 0.601737 0.114805
2 0.604438 0.160533
1 0.601419 0.179059
2 0.603757 0.19264
2 0.604389 0.212429
2 0.60407 0.258337
2 0.60262 0.291443
2 0.604734 0.301193
2 0.601893 0.32681
2 0.602676 0.33567
2 0.602888 0.354428
2 0.601984 0.366708
2 0.605277 0.389546
1 0.605803 0.432699
2 0.605829 0.441333
1 0.604899 0.450848
1 0.601769 0.466947
2 0.603373 0.492643
2 0.6043 0.50501
2 0.603256 0.531488
1 0.605188 0.543023
2 0.60145 0.552888
2 0.601675 0.599642
2 0.604445 0.610756
2 0.601838 0.626572
2 0.602984 0.706133
1 0.606383 0.747684
2 0.6066 0.760082
0 0.60672 0.771033
1 0.605977 0.805423
2 0.603009 0.821271
1 0.606616 0.874889
1 0.603961 0.999416
1 0.612666 0.039586
2 0.6134 0.172698
2 0.611976 0.220836
2 0.610047 0.235011
2 0.609084 0.267347
2 0.608384 0.281731
2 0.609233 0.316865
2 0.613046 0.345249
2 0.612626 0.356386
2 0.611287 0.367818
0 0.608004 0.37433
2 0.61083 0.383101
2 0.607967 0.400657
2 0.609859 0.42478
2 0.612442 0.446096
2 0.60872 0.458179
2 0.609037 0.473929
2 0.607953 0.512247
2 0.608124 0.525775
2 0.612947 0.573425
2 0.608176 0.582243
2 0.613089 0.588446
1 0.607857 0.596794
2 0.609241 0.604454
2 0.611618 0.617288
1 0.612155 0.637505
2 0.607839 0.651203
2 0.609809 0.659643
1 0.611196 0.673135
2 0.608597 0.689972
2 0.611333 0.699591
1 0.609034 0.719902
2 0.610574 0.733428
2 0.612339 0.78939
2 0.607864 0.837137
2 0.609694 0.849826
2 0.608746 0.886174
2 0.610289 0.937604
2 0.617348 0.137595
2 0.614666 0.151832
0 0.614516 0.195926
1 0.617146 0.243622
2 0.616118 0.25693
2 0.618319 0.285077
2 0.614602 0.29479
2 0.617253 0.304334
2 0.617925 0.313466
2 0.618992 0.324133
1 0.615707 0.33591
1 0.61931 0.389056
2 0.615198 0.39634
2 0.614636 0.411859
2 0.618275 0.425199
2 0.614821 0.434529
2 0.618981 0.454338
2 0.613987 0.464541
2 0.619288 0.473516
2 0.615265 0.487519
1 0.616541 0.500579
2 0.617493 0.508363
2 0.614293 0.539352
2 0.61366 0.561933
2 0.616103 0.581121
2 0.617317 0.595284
2 0.617169 0.608284
2 0.616929 0.630473
2 0.61951 0.64727
2 0.617636 0.683253
2 0.615168 0.711981
2 0.616434 0.757351
2 0.616222 0.769284
2 0.619482 0.780331
2 0.61891 0.79862
2 0.618369 0.821727
2 0.615293 0.907332
2 0.62096 0.0545213
1 0.621237 0.0774936
0 0.620502 0.119934
2 0.62018 0.186603
2 0.623714 0.20866
0 0.625144 0.276055
2 0.623301 0.341549
2 0.623168 0.354339
1 0.62479 0.364313
2 0.619819 0.378623
2 0.623166 0.398394
1 0.623164 0.406604
0 0.621127 0.436967
2 0.625592 0.46199
1 0.622584 0.483047
2 0.625255 0.494774
2 0.625026 0.504041
1 0.619801 0.518624
2 0.62217 0.525228
2 0.622897 0.535145
2 0.622833 0.545191
1 0.620627 0.553568
2 0.622546 0.566159
2 0.622246 0.574086
0 0.624013 0.598174
1 0.623142 0.619137
2 0.625191 0.630761
2 0.620325 0.663201
2 0.623519 0.676907
2 0.624102 0.697781
2 0.624013 0.707684
2 0.621019 0.733574
2 0.621898 0.744399
2 0.620364 0.81023
1 0.623539 0.840403
2 0.621873 0.857795
2 0.62043 0.871789
1 0.624414 0.887432
1 0.624338 0.928635
0 0.622424 0.987725
1 0.626581 0.00812074
2 0.630608 0.10573
1 0.627765 0.146429
2 0.626746 0.164927
2 0.631558 0.181236
1 0.631817 0.22713
2 0.626172 0.234931
2 0.629078 0.285512
2 0.631298 0.297485
2 0.62733 0.3057
2 0.627732 0.319266
2 0.626068 0.331731
2 0.629375 0.371487
2 0.631535 0.38015
2 0.628658 0.421361
2 0.627572 0.443882
1 0.630152 0.454673
2 0.627128 0.474295
2 0.630031 0.485345
2 0.629813 0.539113
2 0.629682 0.557226
1 0.631122 0.576017
2 0.628662 0.583201
2 0.631353 0.594883
2 0.631689 0.618219
2 0.628671 0.640767
0 0.62973 0.665034
2 0.631395 0.683663
1 0.629974 0.691631
2 0.625811 0.720935
2 0.631306 0.746701
1 0.628001 0.764658
1 0.628698 0.78968
0 0.628347 0.822952
1 0.636714 0.038927
2 0.637526 0.0847438
2 0.636099 0.135356
2 0.632767 0.193948
2 0.634194 0.214896
2 0.636124 0.241373
2 0.632807 0.264596
1 0.637584 0.308098
2 0.63401 0.325932
2 0.633748 0.337386
0 0.633095 0.345092
2 0.63294 0.361175
2 0.638029 0.373786
2 0.632835 0.38853
2 0.634652 0.401838
2 0.632095 0.410427
2 0.632857 0.430236
2 0.634528 0.438633
2 0.635269 0.447567
2 0.636364 0.459457
0 0.634438 0.469434
2 0.634845 0.478339
2 0.637091 0.492261
0 0.635136 0.501534
2 0.633087 0.515268
2 0.633952 0.531174
1 0.634543 0.544769
2 0.632181 0.609452
1 0.633824 0.647755
2 0.634672 0.659287
2 0.636821 0.7
2 0.632643 0.710164
1 0.633924 0.736679
2 0.637833 0.786503
1 0.632836 0.869825
2 0.63761 0.915556
0 0.637477 0.936107
1 0.633796 0.956099
2 0.638798 0.153645
2 0.642792 0.25652
2 0.643955 0.267917
2 0.640709 0.279611
2 0.641066 0.291394
2 0.638743 0.317411
2 0.641285 0.358009
0 0.643016 0.400584
1 0.63857 0.419929
2 0.641456 0.430189
2 0.642757 0.439412
1 0.638178 0.484145
2 0.643679 0.513167
1 0.638339 0.520896
2 0.64247 0.533603
2 0.642714 0.541792
2 0.643369 0.550066
2 0.639524 0.556996
2 0.639301 0.567188
2 0.63966 0.593263
2 0.638801 0.601982
2 0.63935 0.61473
2 0.638269 0.628133
2 0.640252 0.641894
2 0.642767 0.685689
2 0.641254 0.719859
2 0.642336 0.741001
2 0.643981 0.752683
2 0.640275 0.762706
2 0.638741 0.775245
2 0.638038 0.802659
2 0.640445 0.825161
2 0.641846 0.837991
2 0.641463 0.858452
0 0.644036 0.884387
1 0.641108 0.901234
1 0.649995 0.0192079
1 0.650213 0.12559
2 0.645282 0.191509
1 0.644752 0.205187
2 0.647262 0.217279
2 0.647758 0.229149
1 0.648933 0.244064
1 0.648241 0.284567
2 0.649957 0.300933
2 0.648477 0.328942
2 0.644245 0.345811
1 0.646291 0.372793
2 0.644885 0.380437
2 0.64798 0.393517
2 0.646789 0.411343
2 0.647208 0.422254
2 0.646805 0.458201
1 0.64768 0.465441
2 0.648258 0.472208
2 0.649123 0.49383
2 0.647329 0.50489
2 0.647382 0.524588
1 0.64925 0.555352
2 0.646779 0.563145
2 0.648086 0.571789
2 0.644657 0.582909
2 0.646782 0.608031
2 0.647251 0.617932
1 0.648586 0.631111
2 0.64747 0.657305
2 0.644272 0.670762
2 0.649887 0.679043
0 0.648294 0.69974
2 0.644768 0.729621
2 0.649923 0.783707
2 0.647475 0.815346
1 0.653238 0.0649852
0 0.652488 0.0940632
2 0.65098 0.109096
2 0.655321 0.143934
2 0.654385 0.166071
1 0.653724 0.178828
2 0.654024 0.255925
2 0.651338 0.274913
2 0.655587 0.318328
2 0.651199 0.338194
2 0.652488 0.357774
2 0.65325 0.36931
1 0.656411 0.3954
2 0.654044 0.414985
1 0.651639 0.436443
2 0.655871 0.459668
2 0.655684 0.475701
2 0.652206 0.48513
1 0.655749 0.497088
2 0.655752 0.504431
2 0.653774 0.519638
1 0.655177 0.53182
2 0.652554 0.549307
2 0.656004 0.570913
1 0.652665 0.58108
2 0.650469 0.589699
2 0.656084 0.602162
1 0.656239 0.612347
2 0.653302 0.637987
2 0.656279 0.654567
2 0.651486 0.715762
0 0.65119 0.759139
2 0.655875 0.768027
2 0.650639 0.803182
1 0.652655 0.831073
1 0.654351 0.85647
2 0.655979 0.874631
1 0.656358 0.92442
1 0.653659 0.968356
1 0.651424 0.988375
2 0.662473 0.12567
2 0.657593 0.193334
2 0.660234 0.205352
0 0.657131 0.224022
2 0.659913 0.239466
2 0.660998 0.271636
2 0.660774 0.294272
2 0.660583 0.333992
2 0.656726 0.348189
1 0.661765 0.355331
2 0.658377 0.382361
2 0.658923 0.402328
2 0.656764 0.429051
2 0.658719 0.438892
2 0.660003 0.447903
1 0.660612 0.482572
1 0.65964 0.514957
2 0.662324 0.562627
2 0.659408 0.621001
2 0.656471 0.645763
2 0.656805 0.663542
1 0.656592 0.673098
2 0.657539 0.701067
1 0.659115 0.720926
2 0.661683 0.788713
1 0.660664 0.802266
2 0.66021 0.817976
2 0.657406 0.840742
1 0.661267 0.904969
2 0.667031 0.0962397
1 0.667329 0.109511
1 0.663047 0.156842
2 0.668103 0.184582
2 0.668401 0.249808
2 0.667273 0.26095
1 0.66652 0.308039
2 0.663276 0.370897
2 0.664895 0.392188
2 0.66534 0.412288
2 0.66376 0.420888
1 0.667225 0.433124
2 0.666855 0.44082
2 0.66676 0.454283
2 0.664038 0.463202
2 0.667645 0.476814
2 0.663171 0.494475
2 0.667801 0.501596
2 0.665917 0.51064
2 0.663438 0.524078
2 0.666205 0.534614
2 0.664784 0.543767
0 0.668245 0.551398
2 0.667979 0.574886
2 0.66364 0.588681
2 0.663315 0.6064
2 0.668526 0.614991
2 0.664246 0.630897
2 0.667202 0.651202
2 0.66657 0.669771
2 0.663751 0.689265
2 0.663459 0.737798
1 0.664421 0.779533
1 0.668272 0.869595
2 0.666212 0.892421
1 0.668408 0.943021
1 0.67337 0.00676712
1 0.671081 0.0342909
0 0.669284 0.052049
2 0.672381 0.170849
1 0.670505 0.205046
2 0.670812 0.21758
1 0.671487 0.238439
2 0.672226 0.280462
2 0.671653 0.291781
2 0.671722 0.320637
0 0.671785 0.330513
2 0.670807 0.339767
2 0.673039 0.355607
1 0.672281 0.38529
2 0.672204 0.405957
1 0.674175 0.465933
2 0.671473 0.527734
2 0.671263 0.562244
2 0.674014 0.588224
2 0.672476 0.604665
2 0.672098 0.624024
2 0.673257 0.64301
2 0.670706 0.681143
2 0.67183 0.71609
2 0.672016 0.729907
1 0.670457 0.751144
2 0.670511 0.798916
2 0.671046 0.826635
0 0.670452 0.84154
2 0.670053 0.856127
1 0.673363 0.918714
1 0.674197 0.977977
1 0.676578 0.0727382
2 0.680003 0.13475
2 0.68072 0.232494
2 0.680464 0.270472
2 0.680569 0.28675
2 0.678269 0.347957
2 0.676208 0.36522
2 0.676943 0.378114
2 0.680285 0.39396
0 0.676669 0.414981
2 0.676175 0.429202
2 0.676586 0.443665
2 0.680491 0.454177
2 0.675729 0.473397
2 0.675293 0.485885
2 0.67558 0.495349
2 0.67574 0.505339
1 0.676003 0.518302
2 0.679471 0.541595
2 0.679123 0.566131
2 0.679955 0.580409
0 0.677929 0.618322
2 0.676775 0.631854
2 0.675641 0.659586
2 0.676307 0.671299
2 0.676546 0.699619
2 0.675644 0.74117
2 0.676935 0.766579
2 0.675975 0.784309
2 0.675526 0.81476
0 0.678982 0.881765
1 0.682067 0.0994158
1 0.683819 0.118048
0 0.686431 0.183985
2 0.685059 0.244266
2 0.682909 0.255757
2 0.684281 0.301856
2 0.681053 0.313003
2 0.6823 0.323724
2 0.684803 0.369613
2 0.682461 0.405278
2 0.683587 0.418886
0 0.685544 0.445141
2 0.685449 0.46485
2 0.683965 0.47661
2 0.685289 0.488315
1 0.685683 0.499895
2 0.686372 0.514874
2 0.681377 0.525209
2 0.684535 0.532822
2 0.681781 0.551142
2 0.683053 0.591182
1 0.683007 0.599544
2 0.685633 0.608825
2 0.686998 0.620389
2 0.685761 0.645739
0 0.685078 0.660399
1 0.681126 0.690524
2 0.684569 0.72448
2 0.683792 0.750405
2 0.684387 0.797486
1 0.683666 0.822422
2 0.685717 0.8497
2 0.681867 0.866326
1 0.687779 0.144232
2 0.687815 0.159739
2 0.687724 0.201035
1 0.691887 0.220453
1 0.690807 0.269137
2 0.691401 0.289212
2 0.689514 0.334506
1 0.690849 0.343375
2 0.687996 0.352914
1 0.688462 0.378224
2 0.688947 0.389061
2 0.68965 0.412526
1 0.688916 0.432306
2 0.692593 0.469794
2 0.691474 0.504256
2 0.69278 0.526906
2 0.687137 0.557796
2 0.687509 0.570542
2 0.689259 0.579373
1 0.691265 0.636206
2 0.692761 0.673326
2 0.692712 0.704822
2 0.687236 0.71323
2 0.689107 0.734445
1 0.688994 0.773496
2 0.688611 0.784646
2 0.690053 0.836265
1 0.692512 0.894694
0 0.690393 0.945666
1 0.692169 0.965217
1 0.692518 0.994548
1 0.695277 0.0226679
0 0.694941 0.0892278
1 0.695438 0.168794
1 0.698922 0.200654
2 0.697522 0.246471
2 0.694305 0.258275
1 0.697322 0.31257
2 0.69548 0.325543
2 0.697562 0.369328
1 0.693886 0.403286
2 0.698074 0.414734
2 0.697015 0.428663
2 0.696318 0.439791
2 0.69831 0.457423
2 0.697673 0.477572
1 0.694112 0.486141
2 0.696147 0.495054
1 0.696373 0.515723
1 0.694729 0.538994
2 0.694707 0.551043
2 0.694435 0.563492
2 0.694722 0.588714
2 0.694096 0.626569
2 0.69509 0.650663
2 0.695274 0.694834
2 0.697066 0.726854
0 0.694718 0.745124
2 0.697687 0.757538
2 0.696566 0.812082
1 0.698541 0.844855
1 0.698414 0.866155
2 0.696416 0.882147
1 0.693786 0.912209
1 0.697929 0.932072
1 0.701101 0.0443309
1 0.701821 0.0660107
1 0.69956 0.104703
1 0.701494 0.125491
0 0.7034 0.145766
2 0.70193 0.210811
2 0.702114 0.233168
2 0.701474 0.270302
0 0.701096 0.286317
2 0.703492 0.296367
2 0.704522 0.319116
2 0.702405 0.33462
0 0.703772 0.359197
2 0.70453 0.377761
2 0.702177 0.388226
2 0.703448 0.406092
1 0.704055 0.439618
2 0.70403 0.448621
1 0.699503 0.466474
2 0.703276 0.506899
2 0.704066 0.545212
1 0.703015 0.558995
2 0.703539 0.568268
2 0.703535 0.581313
2 0.69995 0.602906
2 0.70352 0.620112
2 0.700952 0.634238
2 0.703074 0.64382
2 0.700149 0.659923
2 0.699949 0.682709
1 0.702518 0.70492
2 0.70327 0.718703
2 0.704428 0.746673
2 0.702752 0.776754
1 0.702732 0.793685
2 0.709677 0.00171152
2 0.709715 0.13527
2 0.708747 0.158992
2 0.70597 0.174791
2 0.70993 0.19741
2 0.710193 0.224258
0 0.710592 0.242342
2 0.708316 0.255476
1 0.710616 0.266453
2 0.709915 0.310246
2 0.709648 0.342879
2 0.708816 0.368097
0 0.710441 0.409016
1 0.70802 0.423535
2 0.706169 0.470187
2 0.705639 0.487134
0 0.711156 0.508009
2 0.708273 0.526361
2 0.711421 0.575779
2 0.709327 0.590066
2 0.711473 0.613619
2 0.706587 0.673917
2 0.709415 0.686921
2 0.711213 0.70735
2 0.709906 0.809863
0 0.709252 0.8246
2 0.709114 0.85159
1 0.710544 0.894281
1 0.711186 0.920379
1 0.708694 0.953462
1 0.706209 0.976278
2 0.712726 0.113988
1 0.716154 0.166917
2 0.715319 0.287565
2 0.715778 0.319732
1 0.713496 0.333512
2 0.713663 0.352202
1 0.714899 0.384994
2 0.714514 0.400466
2 0.717308 0.436145
1 0.713531 0.454799
2 0.71231 0.463588
0 0.716631 0.475345
2 0.71304 0.494555
2 0.712611 0.515425
1 0.716603 0.52874
2 0.712443 0.537769
1 0.715725 0.60092
1 0.713825 0.624479
2 0.714048 0.645691
2 0.715751 0.678387
2 0.71408 0.730623
2 0.716577 0.750395
2 0.712924 0.768535
2 0.713129 0.78386
1 0.714909 0.861394
0 0.714435 0.882727
1 0.721178 0.0286136
1 0.7197 0.126374
1 0.718922 0.18982
2 0.723179 0.20305
1 0.723251 0.219953
2 0.717988 0.234471
2 0.71887 0.273267
2 0.718809 0.302322
2 0.723255 0.351559
2 0.719347 0.365006
2 0.720743 0.416763
2 0.719637 0.448975
2 0.722055 0.467918
2 0.717878 0.484481
2 0.721674 0.504185
2 0.722129 0.522866
2 0.722812 0.538412
2 0.718629 0.553386
2 0.723134 0.57977
2 0.721365 0.614441
2 0.7205 0.637792
1 0.717861 0.655068
2 0.718225 0.697529
2 0.71958 0.717146
1 0.720415 0.839572
1 0.725381 0.104506
1 0.727591 0.153736
2 0.727607 0.166374
1 0.724566 0.253661
1 0.727856 0.297834
2 0.729012 0.30713
2 0.724978 0.335109
1 0.729302 0.361787
2 0.726666 0.377672
2 0.726246 0.389703
1 0.725688 0.410769
2 0.72653 0.429683
2 0.727522 0.457681
1 0.728989 0.498656
2 0.728652 0.549904
2 0.725416 0.566982
2 0.724361 0.589345
2 0.728707 0.601929
2 0.727697 0.627317
2 0.726317 0.665173
1 0.728348 0.720707
2 0.724149 0.735714
2 0.725189 0.767298
2 0.727831 0.781555
2 0.727799 0.81287
1 0.727309 0.906953
1 0.725801 0.933039
0 0.725981 0.962726
1 0.725985 0.994864
1 0.733656 0.0569038
0 0.733468 0.0816962
1 0.735203 0.119677
2 0.735458 0.13988
0 0.735098 0.196401
2 0.734121 0.225864
2 0.732543 0.242868
2 0.73268 0.264055
2 0.735684 0.279479
0 0.730376 0.31635
2 0.731798 0.325477
1 0.733313 0.34173
2 0.7358 0.355805
2 0.734105 0.369471
2 0.733215 0.41572
0 0.731069 0.436314
1 0.736063 0.459556
2 0.73552 0.467235
1 0.73172 0.480114
2 0.730273 0.506262
1 0.730455 0.515614
2 0.731592 0.529604
1 0.732304 0.541885
2 0.731574 0.573744
0 0.730743 0.583867
2 0.733563 0.613187
2 0.732986 0.642509
1 0.730716 0.673078
2 0.730972 0.688171
1 0.735792 0.696598
2 0.731741 0.707253
2 0.732788 0.7494
1 0.733629 0.759353
1 0.731773 0.793544
1 0.736058 0.828209
1 0.734911 0.847471
1 0.742073 0.0143831
0 0.738 0.0398001
2 0.737437 0.206934
2 0.742297 0.254937
2 0.738112 0.383933
2 0.738011 0.399778
2 0.736882 0.426591
2 0.740855 0.441153
2 0.739506 0.505023
2 0.739903 0.516921
2 0.737638 0.551771
2 0.736953 0.564979
2 0.738293 0.587742
2 0.740663 0.597608
2 0.741746 0.635377
2 0.740652 0.661716
2 0.740097 0.683174
2 0.736307 0.738267
1 0.736304 0.863292
1 0.738946 0.879788
1 0.739569 0.896409
1 0.737904 0.951267
1 0.738631 0.978626
1 0.747464 0.0707659
2 0.745998 0.161428
1 0.747814 0.177058
2 0.746207 0.189554
2 0.748166 0.219014
1 0.746459 0.229187
2 0.748293 0.286397
2 0.743669 0.298405
2 0.744723 0.312202
2 0.74449 0.345374
1 0.747207 0.361679
2 0.74807 0.380596
1 0.743024 0.408142
2 0.744902 0.416098
2 0.745813 0.457432
2 0.744647 0.473001
2 0.742436 0.485053
2 0.744432 0.495805
2 0.748418 0.513463
2 0.74711 0.523437
2 0.746014 0.534014
1 0.746564 0.559043
2 0.747623 0.567405
2 0.747731 0.577203
2 0.748445 0.587831
2 0.747482 0.616582
2 0.74234 0.651362
2 0.744394 0.706081
2 0.745 0.730248
2 0.744398 0.747037
2 0.745622 0.762198
2 0.74729 0.789381
2 0.747205 0.80663
0 0.74237 0.934725
1 0.75383 0.0372957
1 0.752218 0.0983317
1 0.750365 0.135549
1 0.753415 0.207969
1 0.7492 0.272086
2 0.754285 0.322881
2 0.749439 0.399819
2 0.753416 0.433705
2 0.749554 0.448821
2 0.754359 0.470923
0 0.753705 0.505257
2 0.753605 0.54841
2 0.752082 0.603529
2 0.752875 0.625006
2 0.753734 0.635941
1 0.748653 0.644765
2 0.75288 0.656265
2 0.749844 0.679766
2 0.751826 0.695677
2 0.751211 0.718732
2 0.750546 0.776005
1 0.749884 0.840483
0 0.749177 0.862414
1 0.750184 0.920898
1 0.750932 0.999108
1 0.759515 0.11778
0 0.755285 0.148754
2 0.759468 0.180363
2 0.75775 0.230015
0 0.758828 0.245394
1 0.759766 0.299886
2 0.754734 0.345787
2 0.759166 0.372115
1 0.757203 0.382336
2 0.757724 0.393188
2 0.755602 0.423267
2 0.757976 0.46121
1 0.756356 0.480002
2 0.756174 0.489089
1 0.757361 0.527165
2 0.759665 0.536294
2 0.758775 0.593226
2 0.755263 0.666762
2 0.758944 0.685976
2 0.7595 0.703645
1 0.755737 0.737338
0 0.759841 0.757557
1 0.759922 0.786617
0 0.758849 0.803071
1 0.756022 0.822886
1 0.759181 0.856422
1 0.756004 0.937958
1 0.757901 0.953972
1 0.757044 0.978441
1 0.763176 0.0228755
1 0.765092 0.081991
1 0.766726 0.142422
1 0.763305 0.166298
1 0.761862 0.193504
2 0.765185 0.215084
2 0.764539 0.26471
2 0.762027 0.281283
2 0.762739 0.314251
1 0.764849 0.324848
2 0.760794 0.333111
2 0.76307 0.35962
1 0.761798 0.414165
0 0.764775 0.439
2 0.764436 0.48149
2 0.763861 0.508842
2 0.76334 0.561303
2 0.7615 0.570835
2 0.765998 0.584921
0 0.761735 0.619835
2 0.765682 0.629886
2 0.763885 0.641656
2 0.766026 0.660957
1 0.763807 0.67401
2 0.763935 0.731759
1 0.763372 0.877571
1 0.760847 0.902393
1 0.767061 0.0531841
0 0.772141 0.190214
2 0.772726 0.23189
2 0.770582 0.249745
1 0.770839 0.366508
2 0.769676 0.376584
2 0.771202 0.397592
2 0.767773 0.408211
2 0.770797 0.422333
2 0.771297 0.457408
0 0.771445 0.475443
2 0.772677 0.490775
2 0.766924 0.499616
2 0.772249 0.523023
0 0.769506 0.541985
1 0.769387 0.593586
2 0.767506 0.604776
2 0.77163 0.617937
2 0.770785 0.680596
2 0.771609 0.707434
1 0.769236 0.717977
2 0.768484 0.751518
2 0.768947 0.780832
1 0.767429 0.836136
1 0.768105 0.921604
1 0.772517 0.967489
1 0.775559 0.00390093
1 0.77883 0.0354597
1 0.77731 0.0696817
1 0.777319 0.124498
1 0.777968 0.209749
2 0.77891 0.28657
2 0.775667 0.298127
2 0.775309 0.313137
0 0.778524 0.334786
2 0.774166 0.34806
2 0.778244 0.383837
2 0.776193 0.413882
2 0.775687 0.440428
2 0.776102 0.466917
1 0.775585 0.506387
2 0.774839 0.534341
2 0.774489 0.552635
2 0.77595 0.566639
2 0.77458 0.579695
2 0.778838 0.610021
2 0.778614 0.626143
2 0.77483 0.64682
2 0.776239 0.665425
2 0.773017 0.693704
2 0.776713 0.737049
1 0.775314 0.798422
1 0.774033 0.815385
1 0.778756 0.87215
1 0.776274 0.889726
0 0.773601 0.937888
0 0.774243 0.984615
0 0.784809 0.0508645
0 0.782794 0.102208
1 0.781232 0.163196
1 0.779236 0.243148
2 0.782471 0.258814
0 0.781384 0.273715
1 0.785119 0.301965
1 0.783902 0.35132
1 0.779599 0.393046
1 0.78057 0.427931
2 0.78503 0.435283
2 0.782505 0.453982
2 0.783041 0.489497
2 0.785022 0.51303
2 0.783499 0.676977
0 0.78467 0.691284
2 0.784213 0.720942
2 0.782866 0.750888
1 0.780286 0.762634
0 0.78227 0.827262
1 0.782855 0.841326
1 0.784043 0.95424
1 0.787331 0.14084
2 0.790735 0.210148
2 0.789413 0.227147
2 0.785292 0.326235
2 0.787409 0.361365
2 0.789969 0.372158
2 0.785914 0.400537
2 0.786708 0.414609
2 0.789389 0.446218
1 0.790137 0.459735
2 0.789801 0.468321
2 0.785851 0.502987
2 0.788809 0.532091
2 0.786744 0.549894
1 0.791159 0.572004
2 0.785451 0.587719
2 0.785583 0.601171
2 0.788096 0.617302
1 0.791034 0.640278
2 0.788959 0.66575
2 0.786355 0.703085
1 0.787379 0.731159
1 0.790835 0.781203
2 0.787513 0.792221
1 0.789313 0.918415
1 0.791317 0.973767
1 0.796556 0.0181024
1 0.796971 0.0374352
1 0.79391 0.0699161
1 0.796427 0.159744
1 0.792611 0.175841
2 0.797067 0.27655
2 0.792367 0.31258
1 0.79482 0.327139
2 0.791522 0.338791
2 0.796184 0.353184
2 0.795505 0.391363
2 0.796174 0.407005
2 0.795111 0.421226
2 0.796041 0.437475
1 0.793472 0.48697
2 0.793981 0.496514
1 0.796269 0.50638
2 0.796557 0.516854
2 0.794039 0.557426
2 0.79406 0.650443
2 0.794351 0.686834
2 0.791569 0.740727
1 0.796752 0.755382
1 0.797034 0.83404
1 0.792299 0.885762
1 0.795022 0.933361
1 0.798105 0.0879021
1 0.799196 0.106187
1 0.798143 0.220228
2 0.801937 0.24274
2 0.799463 0.292295
0 0.798915 0.364599
2 0.797836 0.380586
1 0.802042 0.446623
2 0.798876 0.459372
2 0.797758 0.47867
2 0.802191 0.527857
2 0.7999 0.576225
2 0.799153 0.595094
2 0.80117 0.63346
2 0.799613 0.660884
1 0.79783 0.71551
2 0.798339 0.726185
2 0.798493 0.767085
1 0.803252 0.793736
1 0.801654 0.813882
1 0.797705 0.866282
2 0.801865 0.896596
1 0.806676 0.0521616
1 0.809798 0.0751839
1 0.805064 0.123081
1 0.807375 0.144058
1 0.804852 0.187466
1 0.809811 0.25831
0 0.804013 0.307655
0 0.80572 0.423494
1 0.808215 0.46621
2 0.808253 0.493617
2 0.807502 0.508179
1 0.804034 0.537362
1 0.803831 0.611758
2 0.805072 0.621988
2 0.808617 0.675685
2 0.806073 0.705006
1 0.808376 0.910352
1 0.804919 0.948689
1 0.806848 0.989462
0 0.813592 0.0108316
0 0.814022 0.157006
1 0.814093 0.170171
0 0.809833 0.210695
1 0.812286 0.236959
2 0.8151 0.306023
2 0.810282 0.335962
1 0.81087 0.350888
1 0.814908 0.369584
2 0.813185 0.392305
1 0.813186 0.403424
2 0.812644 0.418062
2 0.81228 0.433472
2 0.81116 0.446559
2 0.815477 0.482101
2 0.812357 0.52295
2 0.811621 0.544628
2 0.81257 0.562636
2 0.815807 0.58105
2 0.810091 0.600028
2 0.814268 0.634553
2 0.810091 0.645961
1 0.810189 0.663187
2 0.813558 0.717614
2 0.81322 0.732618
0 0.814806 0.743771
0 0.812736 0.776972
0 0.809838 0.852029
1 0.815939 0.892053
0 0.813421 0.924532
1 0.821334 0.128765
1 0.821178 0.185822
2 0.816821 0.249608
2 0.819639 0.271125
1 0.821798 0.327207
2 0.820942 0.342332
2 0.816601 0.379773
2 0.821167 0.410009
2 0.817288 0.470098
2 0.818322 0.500545
2 0.820397 0.536765
2 0.821396 0.554296
2 0.816488 0.617878
1 0.816316 0.694822
2 0.817894 0.762361
1 0.820278 0.803806
1 0.819383 0.868183
0 0.818323 0.977923
1 0.827403 0.0046468
1 0.823601 0.025219
0 0.824521 0.0658727
1 0.827485 0.101893
1 0.82755 0.159777
1 0.826558 0.218683
2 0.823092 0.232014
1 0.822368 0.290783
2 0.827295 0.360391
1 0.827979 0.391454
2 0.824348 0.422299
2 0.822468 0.438638
2 0.824205 0.450036
2 0.826536 0.481576
0 0.826517 0.493829
1 0.822122 0.520391
2 0.827883 0.564088
1 0.825191 0.574789
2 0.827565 0.588026
2 0.827426 0.611261
2 0.827474 0.623552
0 0.823497 0.644498
2 0.822493 0.674117
2 0.825147 0.704759
1 0.822494 0.725909
1 0.824174 0.777975
2 0.826776 0.79135
0 0.826466 0.814617
1 0.822154 0.829609
1 0.827255 0.853032
1 0.82463 0.942737
1 0.827256 0.961325
1 0.829863 0.0490776
0 0.828315 0.254418
2 0.832135 0.285053
2 0.828931 0.375176
1 0.829838 0.432742
2 0.832292 0.463314
2 0.834228 0.510271
0 0.833901 0.55135
2 0.830515 0.662592
2 0.831666 0.685668
1 0.832037 0.761981
1 0.834055 0.8386
1 0.828439 0.904044
1 0.839449 0.0228932
0 0.840136 0.0375362
1 0.835284 0.081173
2 0.838891 0.114659
1 0.839883 0.129859
1 0.840182 0.147055
1 0.836262 0.203431
1 0.839945 0.266631
2 0.835301 0.302134
0 0.838608 0.322479
2 0.834661 0.343057
2 0.840179 0.395622
1 0.837167 0.409847
2 0.837664 0.423439
2 0.838354 0.483487
2 0.839959 0.521728
2 0.83616 0.535688
2 0.835839 0.578172
2 0.834875 0.598043
2 0.834448 0.636645
0 0.838732 0.695983
1 0.836518 0.713536
1 0.836539 0.822705
0 0.838696 0.877201
1 0.837243 0.983149
0 0.845084 0.177498
0 0.842863 0.220209
1 0.84658 0.248213
1 0.841668 0.29119
1 0.845414 0.34422
2 0.843972 0.35435
2 0.842377 0.36988
0 0.841061 0.383749
1 0.841463 0.45026
1 0.841441 0.46937
1 0.844619 0.492965
2 0.843821 0.568441
2 0.840657 0.608877
1 0.843763 0.622776
2 0.846405 0.646638
2 0.841389 0.67417
1 0.844655 0.740512
2 0.844549 0.77927
1 0.842994 0.800511
1 0.84516 0.863558
1 0.841222 0.894206
1 0.851913 0.0785496
2 0.852628 0.336452
2 0.848074 0.40742
0 0.849313 0.425943
2 0.849654 0.439316
2 0.852677 0.462218
2 0.851145 0.481178
1 0.851263 0.538812
0 0.84703 0.600082
2 0.850928 0.662489
1 0.85044 0.767791
1 0.851907 0.81653
0 0.850124 0.846013
1 0.848163 0.922662
1 0.851502 0.948251
2 0.853486 0.00174586
1 0.858212 0.024405
1 0.853444 0.0583856
1 0.857508 0.104477
1 0.858256 0.123869
1 0.856519 0.191679
1 0.857247 0.234109
1 0.852865 0.359947
1 0.855981 0.380298
1 0.853351 0.399061
2 0.857421 0.449299
2 0.857523 0.492073
2 0.852849 0.517456
2 0.854011 0.550684
1 0.856595 0.573101
2 0.856328 0.616442
1 0.858775 0.65433
0 0.854983 0.729157
1 0.858859 0.800089
1 0.854364 0.833526
1 0.856652 0.887568
1 0.859088 0.168477
1 0.86392 0.209326
0 0.863292 0.285347
1 0.859241 0.299479
2 0.860517 0.318146
2 0.863985 0.404705
1 0.860373 0.437249
1 0.864546 0.463267
1 0.861558 0.482184
2 0.861432 0.527191
2 0.859811 0.585889
2 0.862551 0.59966
2 0.859537 0.636663
1 0.859705 0.692673
1 0.861325 0.709958
2 0.860761 0.761669
1 0.8639 0.785138
1 0.860533 0.864924
1 0.860753 0.977147
1 0.868422 0.0399926
0 0.867015 0.0823479
0 0.866213 0.150731
0 0.865259 0.248409
1 0.868254 0.265787
1 0.870723 0.349256
0 0.867961 0.364118
2 0.865688 0.386914
2 0.86868 0.418816
1 0.866412 0.501939
2 0.867806 0.514357
2 0.870422 0.541054
2 0.870429 0.555054
1 0.869061 0.614501
2 0.871073 0.648288
2 0.868749 0.718641
1 0.868651 0.730815
1 0.86593 0.749275
1 0.867228 0.909734
0 0.870401 0.926755
1 0.875808 0.0142561
1 0.875337 0.096238
1 0.873767 0.11733
1 0.87573 0.280567
1 0.873182 0.332385
2 0.875826 0.373916
0 0.875489 0.40037
1 0.874566 0.524704
2 0.871574 0.572039
1 0.871645 0.59068
2 0.872498 0.803478
1 0.872934 0.818416
1 0.872289 0.852367
0 0.875439 0.893831
1 0.875711 0.990852
1 0.880666 0.0658922
1 0.881652 0.140922
1 0.881173 0.16355
1 0.881744 0.179879
1 0.879337 0.202221
1 0.879268 0.22122
1 0.88107 0.23982
2 0.880207 0.357749
2 0.882828 0.408738
1 0.880044 0.419108
1 0.87737 0.438943
2 0.881741 0.454313
2 0.881875 0.476442
2 0.878384 0.491086
2 0.880583 0.622284
0 0.880925 0.675602
1 0.881673 0.705984
0 0.878645 0.753486
1 0.879713 0.76743
1 0.878145 0.879556
1 0.879173 0.942833
1 0.879475 0.962863
0 0.884071 0.0450385
0 0.88565 0.126212
1 0.88676 0.255002
1 0.884845 0.298839
0 0.885247 0.318949
2 0.88514 0.388197
2 0.886882 0.514211
2 0.885502 0.531265
0 0.883951 0.548771
1 0.885803 0.569628
2 0.884467 0.582786
2 0.885661 0.600767
1 0.886826 0.634536
0 0.88621 0.721632
1 0.884854 0.73496
1 0.883585 0.782538
1 0.885287 0.807104
0 0.883884 0.843463
1 0.887459 0.923141
1 0.895457 0.0291278
1 0.892102 0.111748
0 0.892864 0.21375
2 0.891476 0.283918
2 0.892106 0.338365
1 0.894907 0.47647
0 0.892854 0.494944
1 0.891626 0.614732
2 0.893523 0.664609
1 0.893849 0.747357
0 0.894083 0.793617
1 0.894186 0.825081
1 0.889623 0.86907
1 0.892387 0.886159
1 0.890806 0.903388
1 0.897738 0.0831318
1 0.897376 0.149415
1 0.896539 0.172477
1 0.901518 0.197434
0 0.897098 0.262503
1 0.901833 0.32954
2 0.897394 0.370928
1 0.895799 0.390823
2 0.896099 0.43252
2 0.897623 0.449313
1 0.899183 0.516083
2 0.896737 0.559549
1 0.899114 0.595796
1 0.897384 0.690447
1 0.901709 0.767738
1 0.901758 0.805531
1 0.898663 0.840546
1 0.897173 0.854997
1 0.900499 0.939511
0 0.900455 0.959709
1 0.896059 0.978976
1 0.907522 0.252663
1 0.907108 0.277019
1 0.903765 0.310544
1 0.902586 0.349543
0 0.906039 0.41351
1 0.906444 0.426018
2 0.904497 0.467941
2 0.902554 0.486217
1 0.906586 0.577593
2 0.907077 0.630298
1 0.905402 0.650532
1 0.906454 0.71979
1 0.909024 0.00310109
1 0.910203 0.0459211
1 0.910902 0.0704187
1 0.909537 0.131633
1 0.908073 0.234033
1 0.909816 0.372726
1 0.913264 0.404189
1 0.9106 0.458001
1 0.909643 0.49901
2 0.911903 0.518266
1 0.908239 0.534859
2 0.908018 0.547384
1 0.911769 0.559719
2 0.910434 0.607167
1 0.91208 0.74702
1 0.913355 0.784513
1 0.912939 0.825673
1 0.911805 0.87106
1 0.909946 0.891994
0 0.918327 0.118353
1 0.914893 0.162838
1 0.918192 0.180201
1 0.915808 0.296135
1 0.919668 0.438192
1 0.916563 0.671802
1 0.919297 0.689762
0 0.914408 0.707267
1 0.917927 0.84373
1 0.917421 0.910072
1 0.918566 0.953206
1 0.919667 0.97884
1 0.923571 0.0994858
1 0.925854 0.144775
1 0.924536 0.202815
1 0.922193 0.222049
1 0.923792 0.274581
1 0.921201 0.327682
0 0.920823 0.382544
1 0.926151 0.393322
0 0.920428 0.450686
2 0.92434 0.500145
2 0.926057 0.616841
1 0.923786 0.644018
2 0.92382 0.737682
1 0.925673 0.79734
0 0.925044 0.924134
0 0.928785 0.0345268
1 0.931246 0.0697037
2 0.927555 0.237927
0 0.931414 0.308926
0 0.927246 0.347299
1 0.931894 0.367491
1 0.92671 0.415118
2 0.927667 0.464298
1 0.928603 0.47636
1 0.926652 0.525949
2 0.927039 0.57763
0 0.929537 0.597471
0 0.928081 0.664936
1 0.931022 0.716855
1 0.928969 0.769224
0 0.928375 0.82854
0 0.932096 0.867326
1 0.929991 0.885525
1 0.937462 0.0919729
1 0.93654 0.112936
1 0.936571 0.253378
1 0.932666 0.289806
0 0.935974 0.549641
1 0.937449 0.732762
1 0.937816 0.812904
1 0.938575 0.8444
1 0.934334 0.998287
1 0.939211 0.0529523
1 0.944142 0.12881
0 0.940715 0.158248
1 0.939093 0.181917
1 0.944769 0.327251
1 0.944677 0.346184
1 0.944575 0.426498
1 0.939342 0.451068
2 0.940665 0.530864
1 0.943985 0.56443
1 0.943894 0.611128
1 0.941141 0.686583
1 0.942456 0.750884
1 0.939251 0.786677
1 0.942979 0.942283
1 0.939592 0.971984
1 0.945237 0.0204147
1 0.946688 0.227038
1 0.947513 0.278373
1 0.94561 0.400398
2 0.94792 0.651483
1 0.945214 0.70432
1 0.948762 0.771663
1 0.945965 0.875707
1 0.945638 0.905397
0 0.951962 0.0811345
1 0.95507 0.113072
1 0.954603 0.155319
1 0.955337 0.19653
1 0.956108 0.247856
1 0.952438 0.306291
1 0.953387 0.382983
0 0.952875 0.417054
1 0.955487 0.439882
0 0.953805 0.474261
1 0.951106 0.507169
2 0.953614 0.548827
1 0.954534 0.586213
1 0.952658 0.724199
1 0.952794 0.860436
1 0.960335 0.0469241
1 0.961634 0.0690115
1 0.961234 0.179739
1 0.961064 0.358601
1 0.957282 0.638839
1 0.957348 0.675319
1 0.961067 0.74285
1 0.957771 0.789703
1 0.958818 0.811045
1 0.959559 0.830627
0 0.960774 0.899767
1 0.961542 0.928024
2 0.95718 0.982509
1 0.968818 0.00712988
1 0.96702 0.100102
1 0.967429 0.123948
2 0.964811 0.139206
0 0.966305 0.218074
1 0.963876 0.40862
1 0.966176 0.425413
1 0.965205 0.461258
0 0.965612 0.521694
1 0.965465 0.539533
1 0.965658 0.561381
0 0.96574 0.612873
1 0.967067 0.656307
1 0.964069 0.847257
1 0.965951 0.881079
1 0.968636 0.959356
1 0.974256 0.150526
0 0.973112 0.16862
0 0.972492 0.255244
1 0.969348 0.287973
1 0.972574 0.310388
1 0.975445 0.341091
1 0.974881 0.3847
2 0.970384 0.49429
0 0.970139 0.692018
1 0.971558 0.71283
0 0.970295 0.778991
1 0.975359 0.793002
0 0.978795 0.0283144
1 0.979107 0.0821283
1 0.977149 0.196182
1 0.980418 0.238566
0 0.97776 0.360225
1 0.978888 0.478039
1 0.977604 0.581012
1 0.979088 0.620798
0 0.979493 0.732156
1 0.979957 0.761369
1 0.980135 0.838948
1 0.979442 0.865646
1 0.976225 0.897139
1 0.978224 0.918759
1 0.977725 0.979866
1 0.982404 0.0527407
1 0.985128 0.180167
1 0.982897 0.21592
1 0.983315 0.416005
0 0.985676 0.441709
1 0.983058 0.529044
1 0.98772 0.777072
0 0.985082 0.813359
0 0.983712 0.933773
1 0.987767 0.116191
1 0.988241 0.135158
1 0.989902 0.158188
1 0.989677 0.266364
0 0.99117 0.318904
1 0.991867 0.398268
1 0.992476 0.562514
1 0.99264 0.637857
1 0.99361 0.713926
1 0.99323 0.749756
1 0.993288 0.798708
1 0.993853 0.825773
0 0.989704 0.880881
1 0.990344 0.966759
1 0.988308 0.995909
1 0.998975 0.0307812
0 0.9996 0.0776498
1 0.995801 0.100684
1 0.999355 0.227279
1 0.999267 0.302525
1 0.996244 0.341315
1 0.997097 0.367794
1 0.994357 0.461289
0 0.996342 0.482234
1 0.996561 0.507982
1 0.998731 0.684517
1 0.999535 0.948335
